0 0.849632 0.892810 0.063971 0.057516
0 0.857353 0.927451 0.027941 0.035294
0 0.760662 0.769281 0.024265 0.105882
0 0.753676 0.526144 0.023529 0.082353
0 0.687132 0.516993 0.046324 0.045752
0 0.672059 0.475817 0.029412 0.067974
0 0.677206 0.431373 0.035294 0.070588
0 0.684191 0.296732 0.013971 0.065359
0 0.623529 0.099346 0.013235 0.060131
0 0.540074 0.050327 0.036029 0.064052
0 0.561397 0.155556 0.109559 0.081046
0 0.563971 0.201961 0.107353 0.077124
0 0.571324 0.260131 0.104412 0.086275
0 0.587500 0.326144 0.102941 0.105882
0 0.575000 0.468627 0.135294 0.103268
0 0.625000 0.575163 0.151471 0.117647
0 0.461765 0.934641 0.027941 0.070588
0 0.396691 0.952941 0.031618 0.075817
0 0.295956 0.624183 0.050735 0.126797
0 0.377941 0.207843 0.014706 0.070588
0 0.124632 0.230065 0.071324 0.104575
0 0.228309 0.176471 0.049265 0.091503
