0 0.647917 0.872222 0.103125 0.255556
0 0.962240 0.880093 0.070312 0.099074
0 0.930469 0.830093 0.079687 0.076852
0 0.901042 0.769907 0.089583 0.084259
0 0.866927 0.717593 0.090104 0.081481
0 0.838542 0.680556 0.080208 0.075926
0 0.914844 0.604167 0.017188 0.049074
0 0.949479 0.652315 0.021875 0.050926
0 0.751563 0.487963 0.040625 0.046296
0 0.698698 0.477315 0.063021 0.050926
0 0.689844 0.450926 0.047396 0.046296
0 0.707292 0.431944 0.062500 0.054630
0 0.743490 0.338889 0.028646 0.037037
0 0.974479 0.291204 0.030208 0.019444
0 0.964323 0.282870 0.043229 0.032407
0 0.747917 0.355556 0.007292 0.020370
0 0.701042 0.267593 0.030208 0.024074
0 0.661198 0.270833 0.006771 0.017593
0 0.726042 0.260648 0.029167 0.017593
0 0.719271 0.256019 0.032292 0.017593
0 0.633073 0.209259 0.032813 0.025926
0 0.676562 0.231019 0.028125 0.026852
0 0.229427 0.166667 0.024479 0.020370
0 0.539583 0.363889 0.028125 0.053704
0 0.532552 0.341667 0.019271 0.038889
0 0.528646 0.312500 0.025000 0.058333
0 0.509896 0.261111 0.015625 0.029630
0 0.505729 0.252778 0.012500 0.022222
0 0.497656 0.214815 0.015104 0.029630
0 0.495573 0.205556 0.009896 0.020370
0 0.493750 0.267593 0.005208 0.020370
0 0.495312 0.262037 0.005208 0.022222
0 0.498177 0.266204 0.004687 0.017593
0 0.474479 0.203704 0.010417 0.016667
0 0.441667 0.256481 0.004167 0.016667
0 0.441667 0.262500 0.004167 0.015741
0 0.467187 0.169444 0.008333 0.014815
0 0.485417 0.174537 0.010417 0.025000
0 0.466146 0.148148 0.006250 0.012963
0 0.464062 0.138889 0.005208 0.009259
0 0.476562 0.139352 0.009375 0.021296
0 0.483594 0.164815 0.009896 0.022222
0 0.449740 0.145833 0.004687 0.012037
