0 0.649632 0.843791 0.080147 0.147712
0 0.495221 0.307190 0.041912 0.047059
0 0.364706 0.234641 0.032353 0.032680
0 0.610294 0.746405 0.111765 0.086275
0 0.643750 0.674510 0.096324 0.091503
0 0.620588 0.626144 0.102941 0.075817
0 0.629779 0.554248 0.093382 0.062745
0 0.596324 0.530719 0.073529 0.054902
0 0.587868 0.500654 0.074265 0.060131
0 0.607353 0.471895 0.072059 0.054902
0 0.220956 0.618954 0.103676 0.071895
0 0.317647 0.499346 0.080882 0.062745
0 0.314338 0.466667 0.047794 0.057516
0 0.340441 0.386275 0.038235 0.061438
0 0.339706 0.353595 0.048529 0.043137
0 0.346691 0.325490 0.049265 0.047059
0 0.544485 0.456209 0.065441 0.044444
0 0.530147 0.430065 0.057353 0.044444
0 0.527941 0.404575 0.052941 0.045752
0 0.522426 0.383007 0.050735 0.047059
0 0.518750 0.360784 0.038971 0.036601
0 0.506250 0.345752 0.047794 0.043137
0 0.522059 0.329412 0.052941 0.041830
0 0.520956 0.301307 0.030147 0.032680
0 0.112132 0.832680 0.115441 0.094118
0 0.077574 0.703922 0.112500 0.084967
0 0.102574 0.628758 0.108088 0.078431
0 0.497794 0.284967 0.039706 0.026144
0 0.493382 0.273203 0.041176 0.033987
0 0.484926 0.262745 0.034559 0.028758
0 0.486765 0.249673 0.038235 0.028758
0 0.482353 0.239869 0.035294 0.030065
0 0.482353 0.226797 0.035294 0.030065
0 0.476103 0.224183 0.031618 0.030065
0 0.480147 0.197386 0.013235 0.026144
0 0.479412 0.186928 0.013235 0.023529
0 0.475000 0.176471 0.011765 0.023529
0 0.473897 0.164706 0.011029 0.020915
0 0.470588 0.156863 0.010294 0.023529
0 0.371691 0.223529 0.037500 0.023529
0 0.366176 0.214379 0.017647 0.028758
0 0.348529 0.173203 0.032353 0.024837
0 0.350735 0.164706 0.027941 0.031373
0 0.219853 0.670588 0.110294 0.073203
0 0.301838 0.552288 0.038971 0.082353
0 0.437868 0.171895 0.015441 0.024837
0 0.411765 0.150327 0.017647 0.020915
0 0.457721 0.129412 0.019853 0.020915
0 0.498162 0.168627 0.016912 0.020915
0 0.478676 0.132026 0.017647 0.020915
0 0.510662 0.156209 0.013971 0.019608
0 0.473162 0.366667 0.024265 0.053595
0 0.330515 0.420915 0.050735 0.049673
0 0.308824 0.848366 0.017647 0.081046
0 0.290441 0.907190 0.019118 0.091503
0 0.292279 0.851634 0.019853 0.082353
0 0.367647 0.483660 0.011765 0.052288
0 0.379412 0.351634 0.007353 0.041830
0 0.373529 0.347712 0.010294 0.039216
0 0.379412 0.200654 0.016176 0.024837
0 0.371691 0.188235 0.011029 0.023529
0 0.363971 0.177778 0.033824 0.028758
0 0.344853 0.185621 0.013235 0.026144
0 0.328676 0.195425 0.027941 0.022222
0 0.310662 0.155556 0.016912 0.023529
0 0.316544 0.146405 0.013971 0.026144
0 0.368750 0.152288 0.019853 0.019608
0 0.368750 0.134641 0.019853 0.020915
0 0.414338 0.141176 0.027206 0.018301
0 0.493750 0.152941 0.015441 0.023529
0 0.525000 0.150980 0.011765 0.022222
0 0.565074 0.323529 0.019853 0.022222
0 0.517647 0.195425 0.013235 0.016993
0 0.491912 0.207190 0.026471 0.024837
0 0.480515 0.197386 0.015441 0.023529
0 0.392279 0.158170 0.005147 0.015686
0 0.402941 0.162092 0.004412 0.015686
0 0.398897 0.269935 0.006618 0.022222
0 0.404412 0.380392 0.011765 0.026144
0 0.591544 0.343137 0.006618 0.035294
0 0.540809 0.253595 0.006618 0.026144
0 0.548897 0.252941 0.005147 0.027451
0 0.403309 0.169281 0.006618 0.016993
0 0.404779 0.394118 0.011029 0.032680
0 0.399265 0.277778 0.007353 0.022222
0 0.392279 0.160784 0.003676 0.015686
0 0.577941 0.356863 0.039706 0.033987
0 0.244485 0.686275 0.015441 0.065359
0 0.173529 0.520915 0.033824 0.035294
0 0.715074 0.646405 0.034559 0.037908
0 0.711029 0.623529 0.036765 0.036601
