0 0.564063 0.920370 0.062500 0.100000
0 0.645312 0.956481 0.056250 0.072222
0 0.689583 0.895370 0.033333 0.066667
0 0.725000 0.815741 0.053125 0.098148
0 0.742969 0.934722 0.065104 0.097222
0 0.771094 0.848148 0.036979 0.083333
0 0.780990 0.745370 0.049479 0.062963
0 0.814323 0.759722 0.023438 0.052778
0 0.857031 0.805093 0.014063 0.043519
0 0.856250 0.818981 0.012500 0.039815
0 0.965625 0.846296 0.018750 0.057407
0 0.964583 0.853241 0.039583 0.041667
0 0.839844 0.725926 0.024479 0.046296
0 0.874479 0.724074 0.009375 0.035185
0 0.875000 0.731944 0.010417 0.028704
0 0.942969 0.704167 0.007812 0.026852
0 0.945052 0.702315 0.016146 0.047222
0 0.957292 0.690741 0.027083 0.040741
0 0.918490 0.676852 0.023438 0.037037
0 0.940885 0.668519 0.006771 0.024074
0 0.939844 0.668519 0.007812 0.025926
0 0.941146 0.674074 0.009375 0.024074
0 0.963021 0.645370 0.007292 0.024074
0 0.963021 0.650463 0.007292 0.019444
0 0.883854 0.644444 0.023958 0.024074
0 0.890885 0.622685 0.010937 0.030556
0 0.897656 0.619907 0.010937 0.026852
0 0.901823 0.609722 0.017188 0.026852
0 0.887760 0.552778 0.013021 0.024074
0 0.956771 0.615278 0.015625 0.021296
0 0.935937 0.602778 0.006250 0.018519
0 0.935677 0.605556 0.007812 0.018519
0 0.921094 0.593056 0.008854 0.023148
0 0.924740 0.574074 0.004687 0.012963
0 0.925000 0.577778 0.006250 0.012963
0 0.940625 0.571759 0.004167 0.012037
0 0.940104 0.573148 0.005208 0.012963
0 0.963281 0.604167 0.018229 0.025000
0 0.968229 0.558796 0.004167 0.013889
0 0.967969 0.561574 0.008854 0.010185
0 0.989062 0.564815 0.008333 0.016667
