0 0.866544 0.843791 0.159559 0.126797
0 0.796324 0.724183 0.039706 0.054902
0 0.737500 0.869935 0.023529 0.087582
0 0.760294 0.871242 0.020588 0.090196
0 0.652941 0.879739 0.120588 0.190850
0 0.381985 0.644444 0.053676 0.130719
0 0.374265 0.537255 0.047059 0.096732
0 0.076838 0.940523 0.028676 0.105882
0 0.154044 0.693464 0.040441 0.050980
0 0.105515 0.456863 0.013971 0.056209
0 0.254412 0.455556 0.011765 0.053595
0 0.270221 0.452941 0.013971 0.058824
0 0.658824 0.571242 0.035294 0.036601
0 0.701838 0.448366 0.009559 0.041830
0 0.686397 0.443791 0.012500 0.045752
0 0.616176 0.495425 0.010294 0.054902
0 0.612132 0.465359 0.008088 0.039216
0 0.610662 0.490196 0.009559 0.031373
0 0.545956 0.511111 0.018382 0.044444
0 0.545956 0.494118 0.013971 0.047059
0 0.601103 0.396732 0.019853 0.040523
0 0.587868 0.377778 0.024265 0.031373
0 0.572059 0.357516 0.023529 0.027451
0 0.538971 0.420915 0.027941 0.031373
0 0.547794 0.424183 0.026471 0.035294
0 0.509926 0.347712 0.022794 0.028758
0 0.425000 0.428105 0.030882 0.053595
0 0.420588 0.406536 0.011765 0.033987
0 0.436029 0.310458 0.010294 0.040523
0 0.442279 0.309804 0.006618 0.039216
0 0.452206 0.300654 0.010294 0.039216
0 0.464706 0.315033 0.008824 0.020915
0 0.463235 0.310458 0.008824 0.022222
0 0.481618 0.273203 0.061765 0.052288
0 0.468750 0.252288 0.050735 0.036601
0 0.461765 0.224183 0.016176 0.022222
0 0.441912 0.245752 0.017647 0.033987
0 0.453309 0.184967 0.005147 0.030065
0 0.413971 0.186275 0.016176 0.022222
0 0.454779 0.159477 0.005147 0.015686
0 0.303676 0.341830 0.013235 0.043137
0 0.248897 0.092810 0.008088 0.020915
0 0.263235 0.142484 0.020588 0.028758
0 0.350368 0.217647 0.025735 0.035294
0 0.372059 0.201961 0.027941 0.043137
0 0.384559 0.187582 0.007353 0.027451
0 0.383824 0.196732 0.007353 0.027451
0 0.404412 0.195425 0.005882 0.030065
0 0.401103 0.188235 0.006618 0.026144
0 0.377941 0.141176 0.005882 0.026144
0 0.373897 0.141830 0.005147 0.024837
0 0.368382 0.154248 0.005882 0.026144
0 0.368750 0.160131 0.006618 0.022222
0 0.395588 0.169935 0.008824 0.026144
0 0.397059 0.176471 0.016176 0.018301
0 0.417279 0.170588 0.037500 0.027451
0 0.436765 0.107190 0.004412 0.020915
0 0.433456 0.107843 0.005147 0.022222
0 0.402574 0.162092 0.033088 0.023529
0 0.401471 0.140523 0.033824 0.022222
0 0.397059 0.143137 0.032353 0.024837
0 0.158824 0.043137 0.011765 0.020915
0 0.217647 0.054248 0.004412 0.016993
0 0.203676 0.057516 0.022059 0.020915
0 0.336397 0.166013 0.022794 0.041830
0 0.319485 0.126144 0.005147 0.019608
0 0.319853 0.131373 0.005882 0.019608
0 0.340441 0.111765 0.016176 0.024837
0 0.344118 0.094771 0.004412 0.011765
0 0.344485 0.092157 0.003676 0.014379
0 0.347059 0.080392 0.011765 0.022222
0 0.312500 0.101961 0.016176 0.031373
0 0.314338 0.090850 0.012500 0.022222
0 0.328309 0.079085 0.013971 0.022222
0 0.320956 0.060131 0.003676 0.013072
0 0.321691 0.063399 0.008088 0.016993
0 0.307353 0.077124 0.013235 0.020915
0 0.306250 0.062745 0.012500 0.020915
0 0.284191 0.079085 0.013971 0.022222
0 0.277941 0.063399 0.011765 0.022222
0 0.296691 0.050980 0.011029 0.015686
0 0.278676 0.033333 0.010294 0.014379
0 0.298529 0.031373 0.008824 0.013072
0 0.294853 0.026144 0.010294 0.015686
0 0.286765 0.015686 0.007353 0.013072
0 0.290809 0.020261 0.009559 0.014379
0 0.308456 0.044444 0.012500 0.015686
0 0.266176 0.018301 0.010294 0.015686
0 0.263603 0.025490 0.009559 0.014379
0 0.265809 0.030719 0.011029 0.016993
