0 0.540625 0.915741 0.029167 0.083333
0 0.538021 0.948148 0.034375 0.062963
0 0.070833 0.943519 0.056250 0.083333
0 0.221875 0.685185 0.033333 0.122222
0 0.452083 0.605556 0.027083 0.066667
0 0.453646 0.655556 0.044792 0.081481
0 0.425000 0.474074 0.018750 0.033333
0 0.426042 0.502778 0.027083 0.042593
0 0.391667 0.500000 0.016667 0.029630
0 0.390104 0.500000 0.028125 0.062963
0 0.386979 0.524074 0.040625 0.051852
0 0.208854 0.661111 0.178125 0.114815
0 0.202604 0.749074 0.148958 0.090741
0 0.296875 0.421296 0.014583 0.061111
0 0.349479 0.450000 0.053125 0.096296
0 0.694271 0.687037 0.028125 0.092593
0 0.709375 0.546296 0.050000 0.051852
0 0.705208 0.498148 0.052083 0.051852
0 0.514583 0.407407 0.014583 0.022222
0 0.515104 0.400000 0.015625 0.022222
0 0.515625 0.416667 0.025000 0.051852
0 0.538542 0.402778 0.014583 0.053704
0 0.594271 0.373148 0.078125 0.057407
0 0.518229 0.357407 0.019792 0.037037
0 0.604167 0.393519 0.027083 0.027778
0 0.657813 0.389815 0.023958 0.035185
0 0.597917 0.442593 0.047917 0.044444
0 0.754167 0.425000 0.054167 0.046296
0 0.620833 0.353704 0.068750 0.059259
0 0.605729 0.305556 0.067708 0.051852
0 0.600000 0.266667 0.037500 0.029630
0 0.393229 0.326852 0.017708 0.027778
0 0.714583 0.472222 0.079167 0.055556
