0 0.423529 0.593464 0.133824 0.245752
0 0.400000 0.296078 0.111765 0.179085
0 0.213603 0.288235 0.016912 0.053595
0 0.213235 0.284967 0.027941 0.073203
0 0.214338 0.324837 0.049265 0.079739
0 0.536397 0.145752 0.056618 0.058824
0 0.932353 0.090850 0.039706 0.090196
0 0.880147 0.241176 0.019118 0.056209
0 0.901838 0.264052 0.019853 0.075817
0 0.905515 0.438562 0.024265 0.098039
0 0.864338 0.272549 0.028676 0.048366
0 0.889706 0.286275 0.025000 0.049673
0 0.890074 0.451634 0.040441 0.058824
0 0.746691 0.163399 0.116912 0.156863
0 0.960662 0.273856 0.078676 0.150327
0 0.276838 0.065359 0.091912 0.117647
