0 0.316544 0.641176 0.013971 0.035294
0 0.318382 0.651634 0.019118 0.035294
0 0.355882 0.826797 0.022059 0.037908
0 0.442647 0.508497 0.010294 0.039216
0 0.543382 0.458170 0.007353 0.022222
0 0.543015 0.470588 0.008088 0.023529
0 0.462132 0.898039 0.049265 0.117647
0 0.359559 0.884314 0.060294 0.124183
0 0.501471 0.596732 0.033824 0.074510
0 0.526471 0.545098 0.032353 0.062745
0 0.427206 0.469935 0.025000 0.053595
0 0.381618 0.407843 0.050000 0.036601
0 0.355515 0.310458 0.006618 0.027451
0 0.357721 0.237908 0.031618 0.026144
0 0.415074 0.354248 0.019853 0.060131
0 0.544485 0.396078 0.022794 0.039216
0 0.530882 0.356863 0.019118 0.033987
0 0.518382 0.330719 0.019118 0.033987
0 0.509191 0.275163 0.013971 0.037908
0 0.456985 0.237255 0.013971 0.027451
0 0.432353 0.166013 0.011765 0.023529
0 0.413603 0.162092 0.015441 0.018301
0 0.445221 0.358824 0.006618 0.019608
0 0.505515 0.368627 0.006618 0.018301
0 0.477206 0.283007 0.005882 0.016993
0 0.492647 0.279739 0.005882 0.015686
0 0.505882 0.377124 0.007353 0.019608
0 0.477206 0.292157 0.007353 0.019608
0 0.492647 0.288235 0.007353 0.019608
0 0.445588 0.367974 0.007353 0.019608
0 0.422426 0.322222 0.015441 0.040523
0 0.409926 0.293464 0.015441 0.040523
0 0.686029 0.849020 0.051471 0.111111
0 0.689338 0.915033 0.009559 0.052288
0 0.685662 0.917647 0.036029 0.031373
0 0.687132 0.966013 0.022794 0.062745
0 0.683088 0.677778 0.054412 0.077124
0 0.650000 0.562745 0.064706 0.066667
0 0.641544 0.518954 0.065441 0.054902
0 0.587868 0.420915 0.049265 0.036601
0 0.650000 0.396078 0.023529 0.023529
0 0.654779 0.358824 0.008088 0.035294
0 0.651838 0.356209 0.008088 0.035294
0 0.665074 0.390196 0.008088 0.016993
0 0.662868 0.384967 0.008088 0.016993
0 0.770221 0.605229 0.009559 0.033987
0 0.768750 0.613072 0.019853 0.033987
0 0.784191 0.612418 0.009559 0.024837
0 0.686765 0.401307 0.010294 0.023529
0 0.345956 0.486275 0.075735 0.057516
0 0.377941 0.226144 0.007353 0.018301
0 0.379044 0.220915 0.003676 0.018301
0 0.411029 0.269935 0.019118 0.032680
0 0.413603 0.251634 0.022794 0.030065
0 0.412500 0.238562 0.023529 0.030065
0 0.397426 0.211111 0.028676 0.027451
0 0.383088 0.201307 0.029412 0.026144
0 0.461397 0.201307 0.011029 0.026144
0 0.504044 0.231373 0.030147 0.026144
0 0.485662 0.219608 0.013971 0.023529
0 0.476471 0.190196 0.011765 0.019608
0 0.468015 0.179085 0.003676 0.018301
0 0.427941 0.146405 0.011765 0.018301
0 0.401838 0.187582 0.013971 0.022222
0 0.368382 0.179739 0.029412 0.016993
0 0.348529 0.172549 0.029412 0.018301
0 0.369118 0.171242 0.027941 0.018301
0 0.365074 0.163399 0.027206 0.018301
0 0.356250 0.158170 0.027206 0.018301
0 0.372059 0.149020 0.025000 0.023529
0 0.375000 0.137908 0.022059 0.022222
0 0.394485 0.167974 0.022794 0.022222
0 0.473897 0.164052 0.016912 0.022222
0 0.468750 0.157516 0.022794 0.022222
0 0.463971 0.143137 0.022059 0.022222
0 0.400368 0.150980 0.013971 0.019608
0 0.397059 0.137908 0.014706 0.019608
0 0.943382 0.894771 0.011765 0.043137
