0 0.407813 0.874074 0.013542 0.048148
0 0.406250 0.896296 0.014583 0.059259
0 0.565104 0.707407 0.013542 0.048148
0 0.566667 0.693519 0.010417 0.050000
0 0.501563 0.629630 0.028125 0.051852
0 0.406771 0.733333 0.009375 0.062963
0 0.396875 0.736111 0.008333 0.057407
0 0.477083 0.489815 0.018750 0.035185
0 0.438021 0.556481 0.005208 0.024074
0 0.436979 0.564815 0.007292 0.033333
0 0.540104 0.537963 0.005208 0.016667
0 0.528125 0.493519 0.004167 0.024074
0 0.504687 0.491667 0.005208 0.020370
0 0.515625 0.476852 0.004167 0.016667
0 0.452083 0.415741 0.002083 0.016667
0 0.495833 0.433333 0.004167 0.014815
0 0.493750 0.428704 0.004167 0.012963
0 0.541667 0.548148 0.012500 0.033333
0 0.506250 0.495370 0.004167 0.016667
0 0.516146 0.484259 0.005208 0.016667
0 0.527604 0.496296 0.005208 0.022222
0 0.494271 0.442593 0.009375 0.022222
0 0.451042 0.419444 0.004167 0.016667
0 0.475521 0.353704 0.007292 0.014815
