0 0.495221 0.713725 0.025735 0.075817
0 0.444485 0.764052 0.025735 0.082353
0 0.364338 0.552941 0.016912 0.054902
0 0.408456 0.424183 0.016912 0.048366
0 0.451471 0.233987 0.013235 0.028758
0 0.419485 0.196078 0.015441 0.033987
0 0.425000 0.139216 0.013235 0.030065
0 0.572426 0.388235 0.018382 0.044444
0 0.602941 0.605882 0.026471 0.061438
0 0.589706 0.503922 0.022059 0.058824
0 0.644118 0.568627 0.047059 0.031373
0 0.606985 0.347712 0.038971 0.028758
0 0.219853 0.718954 0.029412 0.078431
0 0.269118 0.486275 0.027941 0.052288
0 0.279412 0.426797 0.022059 0.050980
0 0.310294 0.290196 0.019118 0.036601
0 0.452941 0.064052 0.010294 0.023529
0 0.431985 0.054248 0.012500 0.030065
0 0.435662 0.013072 0.011029 0.018301
0 0.363235 0.013725 0.010294 0.022222
0 0.348162 0.092157 0.009559 0.024837
0 0.350368 0.073203 0.012500 0.023529
0 0.360294 0.032680 0.011765 0.023529
0 0.274632 0.222222 0.031618 0.020915
0 0.270588 0.240523 0.035294 0.031373
0 0.268750 0.260784 0.040441 0.027451
0 0.257353 0.277124 0.036765 0.031373
0 0.250000 0.293464 0.036765 0.027451
0 0.239338 0.362092 0.041912 0.033987
0 0.228676 0.387582 0.041176 0.032680
0 0.238971 0.406536 0.020588 0.018301
0 0.215074 0.496732 0.049265 0.041830
0 0.201838 0.541830 0.052206 0.045752
0 0.206985 0.640523 0.036029 0.067974
0 0.153309 0.675163 0.050735 0.058824
0 0.134559 0.721569 0.052941 0.060131
0 0.124265 0.769935 0.058824 0.054902
0 0.126471 0.828758 0.063235 0.062745
0 0.066544 0.866013 0.012500 0.037908
0 0.035662 0.527451 0.058088 0.037908
0 0.050368 0.494771 0.047794 0.037908
0 0.055515 0.464706 0.053676 0.032680
0 0.063235 0.439869 0.052941 0.040523
0 0.072794 0.417647 0.047059 0.030065
0 0.081985 0.390850 0.046324 0.033987
0 0.096324 0.373856 0.047059 0.031373
0 0.095956 0.352288 0.047794 0.032680
0 0.107721 0.326797 0.043382 0.031373
0 0.114706 0.303268 0.030882 0.028758
0 0.294853 0.150980 0.005882 0.022222
0 0.290809 0.154902 0.003676 0.016993
0 0.336397 0.106536 0.005147 0.019608
0 0.396324 0.094771 0.002941 0.019608
0 0.374265 0.227451 0.005882 0.020915
0 0.375000 0.235948 0.004412 0.016993
0 0.395956 0.099346 0.005147 0.015686
0 0.146324 0.417647 0.008824 0.030065
0 0.131985 0.392810 0.008088 0.024837
0 0.132353 0.399346 0.007353 0.019608
0 0.150735 0.277124 0.007353 0.018301
0 0.485662 0.184314 0.003676 0.015686
0 0.493015 0.184314 0.003676 0.015686
0 0.485662 0.191503 0.006618 0.011765
0 0.493382 0.191503 0.005882 0.011765
0 0.516912 0.177778 0.002941 0.018301
0 0.532353 0.290196 0.005882 0.018301
0 0.531985 0.296078 0.006618 0.016993
0 0.192279 0.417647 0.006618 0.022222
0 0.305147 0.468627 0.007353 0.019608
0 0.305147 0.476471 0.007353 0.022222
0 0.254044 0.544444 0.006618 0.027451
0 0.252941 0.528758 0.005882 0.024837
0 0.244485 0.696732 0.008088 0.031373
0 0.237868 0.792157 0.009559 0.033987
0 0.223897 0.812418 0.009559 0.030065
0 0.208456 0.816993 0.009559 0.031373
0 0.206250 0.837908 0.009559 0.028758
0 0.220956 0.836601 0.009559 0.041830
0 0.203309 0.919608 0.012500 0.030065
0 0.203309 0.938562 0.011029 0.039216
0 0.223529 0.967320 0.013235 0.047059
0 0.112132 0.915033 0.038971 0.041830
0 0.486029 0.471895 0.033824 0.128105
