0 0.522396 0.946296 0.011458 0.037037
0 0.523958 0.928704 0.012500 0.042593
0 0.411458 0.899074 0.014583 0.053704
0 0.457813 0.924074 0.011458 0.040741
0 0.460417 0.919444 0.012500 0.057407
0 0.594271 0.809259 0.013542 0.029630
0 0.594271 0.806481 0.017708 0.050000
0 0.524479 0.602778 0.007292 0.027778
0 0.516667 0.574074 0.006250 0.025926
0 0.531771 0.550926 0.009375 0.027778
0 0.563542 0.601852 0.006250 0.025926
0 0.580208 0.537037 0.004167 0.029630
0 0.457813 0.931481 0.017708 0.066667
0 0.523438 0.938889 0.013542 0.059259
0 0.409896 0.912963 0.013542 0.048148
0 0.589063 0.949074 0.038542 0.061111
0 0.606771 0.893519 0.026042 0.053704
0 0.594271 0.812037 0.011458 0.050000
0 0.564583 0.608333 0.010417 0.035185
0 0.523438 0.609259 0.007292 0.029630
0 0.516146 0.577778 0.007292 0.025926
0 0.531250 0.553704 0.008333 0.025926
0 0.534896 0.494444 0.005208 0.018519
0 0.550000 0.455556 0.006250 0.025926
0 0.597917 0.584259 0.014583 0.024074
0 0.534896 0.488889 0.005208 0.022222
0 0.596354 0.573148 0.007292 0.020370
0 0.519792 0.480556 0.029167 0.027778
0 0.520833 0.455556 0.031250 0.022222
0 0.567708 0.403704 0.012500 0.018519
0 0.558854 0.369444 0.009375 0.016667
0 0.605729 0.497222 0.017708 0.031481
0 0.577083 0.505556 0.012500 0.025926
0 0.596875 0.530556 0.025000 0.038889
0 0.609896 0.597222 0.007292 0.031481
0 0.134375 0.571296 0.006250 0.035185
0 0.547917 0.762963 0.035417 0.070370
