0 0.665441 0.558170 0.082353 0.112418
0 0.438603 0.488235 0.078676 0.126797
0 0.484926 0.433987 0.075735 0.109804
0 0.428309 0.349020 0.068382 0.107190
0 0.371691 0.279739 0.058088 0.067974
0 0.265809 0.508497 0.019853 0.075817
0 0.170221 0.313725 0.019853 0.054902
0 0.991912 0.478431 0.016176 0.060131
0 0.855147 0.384314 0.095588 0.094118
0 0.766544 0.316340 0.078676 0.073203
0 0.606250 0.192157 0.074265 0.062745
0 0.677941 0.250327 0.086765 0.079739
0 0.633088 0.353595 0.075000 0.084967
0 0.288235 0.164706 0.044118 0.065359
0 0.504779 0.233987 0.061029 0.060131
0 0.454779 0.188889 0.049265 0.048366
0 0.402941 0.149020 0.044118 0.041830
0 0.373162 0.111111 0.038971 0.044444
0 0.279779 0.064706 0.033088 0.045752
0 0.347059 0.087582 0.038235 0.044444
0 0.322794 0.065359 0.038235 0.044444
0 0.472059 0.632680 0.019118 0.062745
0 0.533824 0.800654 0.019118 0.079739
0 0.523897 0.777778 0.019853 0.062745
0 0.472794 0.663399 0.041176 0.066667
0 0.530147 0.826797 0.045588 0.087582
0 0.148897 0.223529 0.021324 0.028758
0 0.148529 0.241830 0.022059 0.033987
0 0.131985 0.292810 0.016912 0.023529
0 0.132353 0.315033 0.017647 0.036601
0 0.092279 0.133333 0.019853 0.075817
0 0.891544 0.326144 0.016912 0.071895
