0 0.058594 0.849074 0.074479 0.168519
0 0.238281 0.805556 0.072396 0.161111
0 0.363281 0.278704 0.015104 0.022222
0 0.379427 0.278704 0.014063 0.020370
0 0.383333 0.319907 0.029167 0.025000
0 0.601823 0.579630 0.065104 0.100000
0 0.565104 0.463889 0.048958 0.112963
0 0.542448 0.393056 0.042188 0.091667
0 0.522396 0.349074 0.022917 0.048148
0 0.512240 0.316204 0.030729 0.065741
0 0.492448 0.259259 0.018229 0.035185
0 0.465625 0.242593 0.010417 0.016667
0 0.450781 0.205093 0.006771 0.012037
0 0.447135 0.191667 0.006771 0.011111
0 0.485677 0.242593 0.013021 0.029630
0 0.460417 0.175926 0.005208 0.007407
0 0.455469 0.169444 0.005729 0.007407
0 0.454167 0.165741 0.004167 0.007407
0 0.445573 0.166667 0.004687 0.009259
0 0.444792 0.170370 0.004167 0.007407
0 0.452083 0.182870 0.005208 0.008333
0 0.445052 0.178704 0.004687 0.011111
0 0.449479 0.175926 0.005208 0.009259
0 0.416406 0.539815 0.019271 0.046296
