0 0.724265 0.764706 0.111765 0.227451
0 0.612500 0.709804 0.067647 0.190850
0 0.479044 0.766667 0.068382 0.223529
0 0.390074 0.739216 0.087500 0.223529
0 0.276103 0.727451 0.087500 0.218301
0 0.202574 0.707190 0.099265 0.219608
0 0.708088 0.610458 0.048529 0.060131
0 0.367647 0.571242 0.026471 0.083660
0 0.805147 0.622876 0.023529 0.040523
0 0.822426 0.626797 0.011029 0.032680
0 0.934559 0.626144 0.025000 0.041830
0 0.920221 0.363399 0.074265 0.083660
0 0.880882 0.369935 0.070588 0.091503
0 0.831618 0.366667 0.064706 0.092810
0 0.770588 0.367974 0.061765 0.087582
0 0.705882 0.360784 0.057353 0.094118
0 0.626471 0.368627 0.052941 0.091503
0 0.568750 0.373203 0.050735 0.108497
0 0.488603 0.352288 0.083088 0.090196
0 0.506250 0.410458 0.031618 0.049673
0 0.505882 0.401961 0.020588 0.064052
0 0.481618 0.384967 0.014706 0.066667
0 0.469853 0.388235 0.010294 0.070588
0 0.447059 0.362745 0.011765 0.071895
0 0.458088 0.360784 0.011765 0.065359
0 0.410662 0.388235 0.024265 0.101961
0 0.470221 0.217647 0.013971 0.053595
0 0.395588 0.328105 0.085294 0.081046
0 0.376471 0.277124 0.022059 0.041830
0 0.348162 0.359477 0.043382 0.135948
0 0.271691 0.411111 0.094853 0.108497
0 0.289706 0.435294 0.014706 0.067974
0 0.284191 0.528758 0.018382 0.053595
0 0.252206 0.491503 0.026471 0.073203
0 0.166544 0.411111 0.103676 0.108497
0 0.200735 0.291503 0.083824 0.094118
0 0.236765 0.366667 0.063235 0.048366
0 0.248529 0.367320 0.011765 0.057516
0 0.291544 0.345098 0.012500 0.044444
0 0.281250 0.320915 0.011029 0.043137
0 0.307353 0.320915 0.016176 0.048366
0 0.314706 0.354248 0.013235 0.044444
0 0.155147 0.223529 0.089706 0.067974
0 0.193015 0.228758 0.027206 0.041830
0 0.142647 0.077778 0.047059 0.061438
0 0.173897 0.044444 0.063971 0.047059
0 0.181985 0.023529 0.056618 0.041830
0 0.245588 0.252941 0.022059 0.043137
0 0.220956 0.266667 0.031618 0.036601
0 0.215809 0.252288 0.024265 0.041830
0 0.225368 0.257516 0.027206 0.044444
0 0.849632 0.256209 0.030147 0.031373
0 0.836397 0.239216 0.028676 0.028758
0 0.832353 0.226144 0.016176 0.028758
0 0.056250 0.076471 0.069853 0.035294
0 0.073162 0.054248 0.062500 0.040523
0 0.093750 0.032026 0.063971 0.040523
0 0.104412 0.016993 0.057353 0.033987
