0 0.544010 0.351852 0.047396 0.114815
0 0.239323 0.456944 0.040104 0.060185
0 0.259635 0.413889 0.035937 0.061111
0 0.287760 0.325000 0.018229 0.022222
0 0.306510 0.308333 0.023438 0.040741
0 0.292448 0.294907 0.045312 0.028704
0 0.302344 0.283796 0.041146 0.025000
0 0.361719 0.336111 0.024479 0.042593
0 0.366406 0.303704 0.023438 0.037037
0 0.513802 0.273148 0.023438 0.038889
0 0.467187 0.265741 0.020833 0.024074
0 0.451823 0.236111 0.014063 0.022222
0 0.504948 0.241204 0.020313 0.049074
0 0.499740 0.221759 0.025521 0.045370
0 0.489583 0.197222 0.018750 0.038889
0 0.474740 0.206944 0.003646 0.012037
0 0.474740 0.203704 0.003646 0.012963
0 0.389323 0.183333 0.009896 0.012963
0 0.400000 0.183796 0.010417 0.013889
0 0.481510 0.173611 0.011979 0.025000
0 0.470052 0.159722 0.003646 0.012037
0 0.479427 0.165278 0.010937 0.023148
0 0.355469 0.433333 0.068229 0.053704
