0 0.547396 0.608333 0.055208 0.101852
0 0.457813 0.392593 0.053125 0.111111
0 0.371354 0.262963 0.013542 0.018519
0 0.394271 0.253704 0.013542 0.018519
0 0.807292 0.751852 0.020833 0.051852
0 0.808333 0.747222 0.010417 0.042593
0 0.656250 0.733333 0.014583 0.037037
0 0.656250 0.720370 0.010417 0.029630
0 0.657292 0.730556 0.014583 0.031481
0 0.698438 0.288889 0.003125 0.018519
0 0.371875 0.192593 0.012500 0.025926
0 0.359375 0.165741 0.010417 0.012963
0 0.354167 0.199074 0.018750 0.042593
0 0.343750 0.171296 0.014583 0.031481
0 0.318229 0.132407 0.005208 0.009259
0 0.308854 0.137037 0.007292 0.011111
0 0.302604 0.267593 0.011458 0.016667
0 0.303125 0.282407 0.012500 0.016667
0 0.304167 0.301852 0.014583 0.022222
0 0.306250 0.316667 0.014583 0.022222
0 0.986979 0.934259 0.015625 0.068519
