0 0.312500 0.699346 0.070588 0.169935
0 0.426103 0.807843 0.103676 0.180392
0 0.846324 0.547059 0.108824 0.084967
0 0.855882 0.610458 0.113235 0.091503
0 0.352941 0.396078 0.035294 0.075817
0 0.492647 0.360784 0.036765 0.060131
0 0.327574 0.224183 0.025735 0.043137
0 0.350368 0.157516 0.016912 0.032680
0 0.393750 0.124837 0.021324 0.032680
0 0.398529 0.152288 0.020588 0.035294
0 0.318750 0.126144 0.016912 0.032680
0 0.257353 0.198693 0.045588 0.033987
0 0.303676 0.167320 0.019118 0.041830
0 0.269485 0.154902 0.040441 0.035294
0 0.290074 0.123529 0.016912 0.048366
0 0.272794 0.072549 0.032353 0.024837
0 0.285662 0.082353 0.030147 0.020915
0 0.330515 0.059477 0.012500 0.022222
0 0.534559 0.326144 0.050000 0.053595
0 0.534926 0.286275 0.059559 0.044444
0 0.542647 0.270588 0.051471 0.041830
0 0.515074 0.253595 0.049265 0.039216
0 0.496324 0.245752 0.045588 0.039216
0 0.486029 0.221569 0.050000 0.035294
0 0.491912 0.194771 0.045588 0.036601
0 0.480147 0.171895 0.047059 0.030065
0 0.465809 0.163399 0.038971 0.026144
0 0.812868 0.453595 0.088971 0.057516
0 0.081985 0.598693 0.021324 0.065359
0 0.081250 0.613072 0.050735 0.044444
0 0.235662 0.624183 0.018382 0.084967
0 0.730515 0.761438 0.025735 0.084967
0 0.754779 0.750327 0.022794 0.086275
0 0.722794 0.588889 0.016176 0.066667
0 0.736397 0.587582 0.013971 0.056209
0 0.719853 0.594118 0.035294 0.048366
0 0.711765 0.550980 0.016176 0.045752
0 0.721324 0.547059 0.011765 0.050980
0 0.711029 0.569935 0.041176 0.041830
0 0.643750 0.434641 0.015441 0.043137
0 0.463603 0.256209 0.012500 0.041830
0 0.465441 0.373856 0.013235 0.047059
0 0.465809 0.387582 0.009559 0.043137
0 0.452941 0.340523 0.011765 0.037908
0 0.452206 0.353595 0.011765 0.030065
0 0.458456 0.130719 0.027206 0.026144
0 0.444485 0.102614 0.027206 0.022222
0 0.433088 0.084967 0.029412 0.020915
0 0.418382 0.064052 0.025000 0.020915
0 0.419853 0.043791 0.019118 0.014379
0 0.414706 0.044444 0.022059 0.015686
0 0.402206 0.041830 0.020588 0.015686
0 0.369853 0.034641 0.008824 0.019608
0 0.354044 0.036601 0.009559 0.018301
0 0.310662 0.060784 0.021324 0.019608
0 0.330882 0.284314 0.008824 0.032680
0 0.331250 0.294771 0.006618 0.032680
0 0.337500 0.094771 0.005882 0.019608
0 0.337500 0.100000 0.004412 0.016993
0 0.364338 0.129412 0.006618 0.018301
0 0.364706 0.135294 0.007353 0.016993
0 0.400368 0.100654 0.005147 0.018301
0 0.400368 0.105882 0.005147 0.018301
0 0.424265 0.097386 0.004412 0.022222
0 0.519853 0.156209 0.008824 0.016993
0 0.570588 0.207190 0.010294 0.032680
