0 0.261765 0.492810 0.102941 0.112418
0 0.318750 0.462745 0.200735 0.159477
0 0.366912 0.439869 0.179412 0.145098
0 0.598529 0.321569 0.127941 0.115033
0 0.654412 0.258824 0.061765 0.052288
0 0.762500 0.226144 0.125000 0.078431
0 0.781250 0.214379 0.106618 0.081046
0 0.587132 0.366667 0.025735 0.037908
0 0.564338 0.324183 0.140441 0.133333
0 0.773162 0.767320 0.256618 0.420915
0 0.731985 0.800000 0.259559 0.400000
0 0.938971 0.139869 0.019118 0.015686
0 0.925735 0.198693 0.019118 0.018301
0 0.943015 0.196078 0.021324 0.015686
0 0.960662 0.130065 0.024265 0.019608
0 0.677206 0.250327 0.101471 0.071895
