0 0.394118 0.021569 0.002941 0.016993
0 0.391912 0.083007 0.019118 0.027451
0 0.062868 0.683007 0.022794 0.061438
0 0.154779 0.834641 0.106618 0.082353
0 0.256618 0.654248 0.086765 0.064052
0 0.279412 0.575163 0.082353 0.073203
0 0.287868 0.534641 0.083088 0.054902
0 0.300000 0.752941 0.069118 0.149020
0 0.347794 0.620915 0.055882 0.096732
0 0.563235 0.917647 0.014706 0.078431
0 0.561765 0.903268 0.017647 0.065359
0 0.579412 0.649020 0.011765 0.064052
0 0.645956 0.734641 0.052206 0.128105
0 0.626838 0.623529 0.072794 0.091503
0 0.623162 0.542484 0.043382 0.094118
0 0.580882 0.421569 0.008824 0.043137
0 0.605147 0.445752 0.035294 0.057516
0 0.545956 0.303268 0.006618 0.036601
0 0.571324 0.292157 0.041176 0.040523
0 0.592647 0.318954 0.026471 0.047059
0 0.667647 0.047059 0.047059 0.036601
0 0.697794 0.076471 0.023529 0.022222
0 0.710294 0.067320 0.004412 0.019608
0 0.738971 0.244444 0.032353 0.033987
0 0.730882 0.216993 0.030882 0.039216
0 0.707353 0.241830 0.026471 0.039216
0 0.676471 0.247712 0.029412 0.035294
0 0.619853 0.220261 0.020588 0.040523
0 0.650735 0.216993 0.026471 0.039216
0 0.679412 0.218954 0.023529 0.035294
0 0.702206 0.215686 0.030882 0.039216
0 0.648529 0.241830 0.023529 0.041830
0 0.589338 0.132680 0.016912 0.032680
0 0.596691 0.161438 0.019853 0.027451
0 0.613235 0.143137 0.019118 0.024837
0 0.621691 0.162092 0.019853 0.028758
0 0.645221 0.158824 0.021324 0.030065
0 0.656250 0.140523 0.019853 0.027451
0 0.677941 0.138562 0.023529 0.033987
0 0.698897 0.137908 0.022794 0.030065
0 0.712500 0.154902 0.017647 0.032680
0 0.691176 0.158824 0.023529 0.027451
0 0.668750 0.160784 0.019853 0.026144
0 0.476471 0.012418 0.022059 0.019608
0 0.405882 0.056863 0.026471 0.016993
0 0.482721 0.063399 0.012500 0.019608
0 0.590074 0.092810 0.036029 0.028758
0 0.584191 0.077124 0.034559 0.028758
0 0.559559 0.089542 0.004412 0.022222
0 0.556250 0.090196 0.003676 0.020915
0 0.554779 0.062745 0.003676 0.018301
0 0.558088 0.039216 0.002941 0.015686
0 0.555882 0.015686 0.008824 0.013072
0 0.551471 0.088889 0.004412 0.020915
0 0.544853 0.135948 0.004412 0.020915
0 0.545221 0.138562 0.003676 0.015686
0 0.544853 0.139869 0.004412 0.018301
0 0.531618 0.049673 0.011765 0.018301
0 0.532353 0.072549 0.013235 0.030065
0 0.512132 0.084314 0.012500 0.019608
0 0.501471 0.110458 0.013235 0.024837
0 0.542279 0.019608 0.003676 0.015686
0 0.543750 0.034641 0.003676 0.014379
0 0.543382 0.037908 0.002941 0.013072
0 0.472794 0.158170 0.017647 0.033987
0 0.437132 0.624183 0.011029 0.056209
0 0.437132 0.604575 0.011029 0.050980
0 0.450735 0.186928 0.008824 0.023529
0 0.450000 0.182353 0.005882 0.024837
0 0.415074 0.156209 0.041912 0.027451
0 0.414706 0.167974 0.036765 0.027451
0 0.389706 0.211765 0.051471 0.033987
0 0.385294 0.239216 0.050000 0.033987
0 0.379779 0.254248 0.018382 0.016993
0 0.373529 0.260131 0.017647 0.018301
0 0.374632 0.306536 0.050735 0.040523
0 0.358824 0.335948 0.051471 0.047059
0 0.327941 0.367320 0.057353 0.041830
0 0.318382 0.387582 0.048529 0.027451
0 0.316176 0.411765 0.048529 0.036601
0 0.317279 0.433987 0.055147 0.044444
0 0.362868 0.401307 0.034559 0.060131
0 0.304044 0.452941 0.052206 0.053595
0 0.391544 0.432026 0.031618 0.053595
0 0.410662 0.437908 0.006618 0.031373
0 0.410662 0.426797 0.009559 0.037908
0 0.417279 0.337255 0.031618 0.067974
