0 0.034559 0.102614 0.039706 0.032680
0 0.087132 0.109804 0.037500 0.026144
0 0.132721 0.115033 0.030147 0.018301
0 0.180147 0.116340 0.026471 0.018301
0 0.038603 0.063399 0.003676 0.014379
0 0.044853 0.067320 0.033824 0.022222
0 0.149265 0.204575 0.017647 0.022222
0 0.175000 0.208497 0.005882 0.022222
0 0.170956 0.198693 0.012500 0.018301
0 0.697426 0.428758 0.052206 0.078431
0 0.544118 0.356209 0.023529 0.043137
0 0.695221 0.326144 0.027206 0.037908
0 0.623897 0.166013 0.019853 0.015686
0 0.620588 0.159477 0.004412 0.013072
0 0.626471 0.160784 0.004412 0.013072
0 0.700735 0.164706 0.005882 0.023529
0 0.585294 0.142484 0.022059 0.039216
0 0.550735 0.088889 0.011765 0.015686
0 0.555882 0.054902 0.008824 0.015686
0 0.541176 0.053595 0.010294 0.015686
0 0.527941 0.037908 0.008824 0.018301
0 0.539706 0.042484 0.008824 0.011765
0 0.487500 0.074510 0.008824 0.015686
0 0.468750 0.090196 0.003676 0.015686
0 0.468750 0.095425 0.003676 0.015686
0 0.413971 0.128105 0.029412 0.018301
0 0.514706 0.030719 0.007353 0.011765
0 0.493750 0.020915 0.008088 0.010458
0 0.477206 0.018301 0.007353 0.013072
0 0.473162 0.004575 0.006618 0.009150
0 0.521324 0.026797 0.007353 0.011765
0 0.520956 0.019608 0.006618 0.010458
0 0.794485 0.127451 0.065441 0.048366
0 0.847059 0.143791 0.032353 0.023529
0 0.923529 0.154248 0.032353 0.018301
0 0.912868 0.148366 0.028676 0.016993
0 0.904779 0.143137 0.027206 0.016993
0 0.892647 0.133987 0.025000 0.014379
0 0.880882 0.122222 0.030882 0.022222
0 0.875368 0.120261 0.030147 0.018301
0 0.864338 0.115033 0.025735 0.015686
0 0.848897 0.105882 0.022794 0.020915
0 0.837500 0.100654 0.023529 0.013072
0 0.829779 0.097386 0.019853 0.011765
0 0.825368 0.093464 0.021324 0.011765
0 0.817647 0.089542 0.022059 0.014379
0 0.809191 0.081046 0.019853 0.015686
0 0.804779 0.079085 0.019853 0.014379
0 0.800000 0.077778 0.020588 0.014379
0 0.793750 0.073856 0.021324 0.014379
0 0.972059 0.160131 0.027941 0.016993
0 0.958088 0.151634 0.033824 0.015686
0 0.944118 0.142484 0.030882 0.015686
0 0.936029 0.139216 0.026471 0.016993
0 0.924265 0.133987 0.023529 0.014379
0 0.915441 0.125490 0.027941 0.018301
0 0.907721 0.121569 0.022794 0.015686
0 0.893015 0.111765 0.024265 0.011765
0 0.884926 0.107190 0.024265 0.010458
0 0.875000 0.103268 0.023529 0.013072
0 0.855147 0.092810 0.032353 0.013072
0 0.841912 0.087582 0.023529 0.013072
0 0.831250 0.084314 0.024265 0.016993
0 0.823897 0.072549 0.019853 0.014379
0 0.817647 0.071242 0.022059 0.014379
0 0.799632 0.062745 0.018382 0.013072
0 0.790441 0.056863 0.019118 0.011765
0 0.783088 0.053595 0.017647 0.015686
0 0.787132 0.027451 0.016912 0.010458
0 0.985662 0.122222 0.022794 0.014379
0 0.975000 0.118954 0.016176 0.015686
0 0.964338 0.113725 0.019853 0.015686
0 0.952941 0.108497 0.020588 0.015686
0 0.940809 0.102614 0.025735 0.014379
0 0.931985 0.095425 0.024265 0.015686
0 0.925000 0.093464 0.023529 0.011765
0 0.915074 0.088235 0.022794 0.016993
0 0.902941 0.083007 0.022059 0.014379
0 0.866912 0.067320 0.020588 0.014379
0 0.856618 0.062092 0.016176 0.011765
0 0.850735 0.059477 0.022059 0.011765
0 0.837868 0.052941 0.013971 0.011765
0 0.846324 0.054902 0.016176 0.013072
0 0.834191 0.049673 0.018382 0.015686
0 0.819485 0.043137 0.019853 0.010458
0 0.814338 0.041176 0.016912 0.014379
0 0.801471 0.034641 0.017647 0.014379
0 0.360662 0.132026 0.053676 0.041830
0 0.851471 0.650327 0.060294 0.079739
0 0.846324 0.533987 0.011765 0.030065
0 0.855147 0.533987 0.011765 0.030065
0 0.847059 0.520261 0.008824 0.028758
0 0.856250 0.518954 0.009559 0.033987
