0 0.282353 0.091503 0.008824 0.044444
0 0.220588 0.027451 0.008824 0.036601
0 0.213971 0.026797 0.008824 0.040523
0 0.206985 0.026144 0.008088 0.039216
0 0.181250 0.032680 0.008088 0.039216
0 0.181250 0.024837 0.006618 0.036601
0 0.189706 0.028105 0.008824 0.043137
0 0.195956 0.028758 0.009559 0.041830
0 0.063235 0.145752 0.094118 0.056209
0 0.148897 0.199346 0.100735 0.082353
0 0.226103 0.243137 0.108088 0.070588
0 0.300000 0.209150 0.086765 0.067974
0 0.278676 0.160131 0.088235 0.061438
0 0.114706 0.621569 0.041176 0.090196
0 0.110662 0.643137 0.022794 0.060131
0 0.119118 0.639869 0.026471 0.098039
0 0.462868 0.224183 0.065441 0.074510
0 0.446324 0.183660 0.085294 0.069281
0 0.545221 0.235948 0.030147 0.045752
0 0.542647 0.219608 0.020588 0.052288
0 0.447426 0.496078 0.021324 0.103268
0 0.455147 0.488235 0.025000 0.090196
0 0.625000 0.418954 0.023529 0.071895
0 0.626471 0.435294 0.054412 0.057516
0 0.755882 0.429412 0.026471 0.087582
0 0.751103 0.446405 0.049265 0.058824
0 0.855882 0.398039 0.022059 0.082353
0 0.904044 0.418301 0.027206 0.083660
0 0.586029 0.130065 0.082353 0.050980
0 0.693382 0.241830 0.083824 0.088889
0 0.811765 0.124183 0.075000 0.047059
0 0.946324 0.115686 0.070588 0.056209
0 0.834191 0.183007 0.062500 0.065359
0 0.462500 0.049020 0.011765 0.043137
0 0.460662 0.057516 0.009559 0.031373
0 0.476471 0.047712 0.010294 0.035294
0 0.476838 0.058170 0.008088 0.024837
0 0.727941 0.024837 0.010294 0.039216
0 0.710662 0.022222 0.012500 0.036601
0 0.677206 0.027451 0.007353 0.033987
0 0.684191 0.032680 0.006618 0.028758
0 0.689338 0.028105 0.008088 0.035294
