0 0.205882 0.071895 0.033824 0.026144
0 0.048529 0.206536 0.039706 0.047059
0 0.208456 0.062092 0.030147 0.024837
0 0.272426 0.127451 0.006618 0.024837
0 0.272059 0.134641 0.007353 0.018301
0 0.323162 0.078431 0.018382 0.028758
0 0.176838 0.385621 0.050735 0.101961
0 0.351838 0.067320 0.013971 0.024837
0 0.355147 0.037255 0.004412 0.016993
0 0.351838 0.036601 0.003676 0.018301
0 0.404779 0.035294 0.011029 0.020915
0 0.362500 0.105882 0.017647 0.023529
0 0.643382 0.917647 0.122059 0.133333
0 0.449632 0.243137 0.008088 0.026144
0 0.449265 0.258824 0.007353 0.028758
0 0.470221 0.261438 0.021324 0.044444
0 0.471691 0.307843 0.022794 0.045752
0 0.466176 0.355556 0.023529 0.047059
0 0.443750 0.405882 0.033088 0.056209
0 0.479044 0.492810 0.043382 0.073203
0 0.498529 0.570588 0.054412 0.095425
0 0.479412 0.679739 0.045588 0.099346
0 0.605882 0.614379 0.098529 0.073203
0 0.604044 0.662745 0.088971 0.067974
0 0.537500 0.621569 0.008824 0.045752
0 0.544485 0.596078 0.008088 0.054902
0 0.557721 0.596078 0.011029 0.052288
0 0.595588 0.586928 0.011765 0.049673
0 0.597426 0.524837 0.106618 0.077124
0 0.571324 0.445752 0.083824 0.067974
0 0.620956 0.450327 0.009559 0.050980
0 0.594853 0.090196 0.035294 0.026144
0 0.602574 0.105229 0.038971 0.027451
0 0.648897 0.166013 0.019853 0.020915
0 0.629779 0.252941 0.030147 0.050980
0 0.684559 0.273856 0.007353 0.040523
0 0.675000 0.269281 0.008824 0.039216
0 0.627574 0.754902 0.262500 0.244444
0 0.783824 0.318301 0.007353 0.040523
0 0.719853 0.323529 0.069118 0.048366
0 0.757721 0.394771 0.080147 0.062745
0 0.785662 0.443791 0.081618 0.069281
0 0.796324 0.366667 0.011765 0.027451
0 0.861397 0.813072 0.021324 0.078431
0 0.876838 0.683007 0.021324 0.071895
0 0.849632 0.663399 0.021324 0.071895
0 0.815809 0.679085 0.016912 0.066667
