0 0.492279 0.036601 0.013971 0.031373
0 0.531250 0.047712 0.015441 0.030065
0 0.523897 0.022222 0.024265 0.028758
0 0.338603 0.242484 0.024265 0.056209
0 0.659926 0.290850 0.059559 0.064052
0 0.648897 0.267974 0.058088 0.052288
0 0.255515 0.602614 0.127206 0.094118
0 0.072059 0.579739 0.136765 0.087582
0 0.197059 0.485621 0.108824 0.092810
0 0.108088 0.641176 0.020588 0.058824
0 0.084926 0.637255 0.022794 0.053595
0 0.096324 0.630719 0.019118 0.053595
0 0.367647 0.873203 0.119118 0.230065
0 0.562500 0.694118 0.123529 0.133333
0 0.462500 0.614379 0.113235 0.091503
0 0.504044 0.888889 0.018382 0.054902
0 0.503309 0.870588 0.022794 0.065359
0 0.502941 0.893464 0.022059 0.092810
0 0.583824 0.283660 0.030882 0.057516
0 0.430882 0.220261 0.027941 0.056209
0 0.414706 0.346405 0.039706 0.075817
0 0.357721 0.331373 0.041912 0.066667
0 0.521691 0.069935 0.016912 0.030065
0 0.415074 0.067320 0.006618 0.030065
0 0.426471 0.028105 0.005882 0.024837
0 0.440441 0.015033 0.004412 0.016993
0 0.511029 0.077124 0.004412 0.028758
0 0.533088 0.078431 0.005882 0.028758
0 0.537132 0.129412 0.006618 0.033987
0 0.563235 0.098693 0.005882 0.027451
0 0.549632 0.148366 0.011029 0.027451
0 0.583088 0.133987 0.048529 0.037908
0 0.561397 0.048366 0.036029 0.028758
0 0.560294 0.032026 0.026471 0.022222
0 0.525368 0.008497 0.013971 0.016993
0 0.421324 0.013725 0.011765 0.024837
0 0.402574 0.026797 0.033088 0.024837
0 0.398897 0.049020 0.028676 0.024837
0 0.404044 0.063399 0.015441 0.032680
0 0.374265 0.066667 0.038235 0.026144
0 0.381250 0.084967 0.038971 0.028758
0 0.386397 0.098039 0.028676 0.033987
0 0.386765 0.120261 0.025000 0.039216
0 0.379044 0.143137 0.025735 0.040523
0 0.373897 0.172549 0.025735 0.044444
0 0.348162 0.124837 0.037500 0.035294
0 0.319853 0.171242 0.060294 0.036601
0 0.315074 0.208497 0.050735 0.053595
0 0.359559 0.207843 0.007353 0.041830
0 0.368382 0.207843 0.007353 0.041830
0 0.369853 0.200654 0.007353 0.043137
0 0.359926 0.016993 0.003676 0.023529
0 0.377574 0.027451 0.006618 0.018301
0 0.373529 0.023529 0.004412 0.020915
0 0.360662 0.046405 0.006618 0.024837
0 0.256618 0.258170 0.044118 0.048366
0 0.241544 0.282353 0.059559 0.047059
0 0.268015 0.222222 0.084559 0.067974
0 0.206250 0.398039 0.016912 0.058824
0 0.072794 0.282353 0.026471 0.028758
0 0.812132 0.584314 0.015441 0.054902
0 0.805147 0.604575 0.044118 0.035294
0 0.941912 0.353595 0.007353 0.032680
0 0.919853 0.340523 0.008824 0.048366
0 0.959191 0.497386 0.015441 0.056209
0 0.943382 0.522222 0.016176 0.050980
0 0.959926 0.509804 0.011029 0.047059
0 0.886765 0.495425 0.008824 0.052288
0 0.757721 0.483007 0.013971 0.037908
0 0.901103 0.361438 0.013971 0.037908
0 0.879044 0.356209 0.015441 0.043137
0 0.767647 0.292157 0.010294 0.032680
0 0.777574 0.284314 0.009559 0.030065
0 0.768382 0.297386 0.035294 0.037908
0 0.738971 0.274510 0.017647 0.033987
0 0.719485 0.263399 0.021324 0.030065
0 0.704044 0.249673 0.018382 0.028758
0 0.652574 0.194118 0.016912 0.037908
0 0.637132 0.175163 0.006618 0.041830
0 0.629044 0.201307 0.006618 0.039216
0 0.622426 0.202614 0.006618 0.033987
0 0.630882 0.249673 0.050000 0.044444
0 0.615074 0.215686 0.065441 0.044444
0 0.589338 0.024837 0.005147 0.026144
