0 0.895956 0.884967 0.016912 0.060131
0 0.878309 0.866667 0.018382 0.075817
0 0.868750 0.835294 0.030147 0.073203
0 0.860294 0.812418 0.025000 0.071895
0 0.872426 0.617647 0.018382 0.061438
0 0.950735 0.607843 0.020588 0.067974
0 0.942647 0.571242 0.016176 0.052288
0 0.934559 0.582353 0.045588 0.045752
0 0.961765 0.538562 0.017647 0.057516
0 0.771691 0.840523 0.065441 0.180392
0 0.698162 0.745098 0.022794 0.067974
0 0.632353 0.730719 0.055882 0.141176
0 0.782721 0.566667 0.102206 0.103268
0 0.792279 0.454902 0.050735 0.138562
0 0.778309 0.463399 0.015441 0.030065
0 0.819485 0.496732 0.013971 0.036601
0 0.823897 0.482353 0.012500 0.044444
0 0.688235 0.401961 0.010294 0.032680
0 0.685662 0.375817 0.050735 0.092810
0 0.582721 0.328105 0.037500 0.086275
0 0.149265 0.875163 0.195588 0.249673
0 0.208088 0.828758 0.029412 0.078431
0 0.274632 0.866013 0.083088 0.137255
0 0.263235 0.812418 0.016176 0.071895
0 0.270956 0.766013 0.056618 0.075817
0 0.272794 0.748366 0.020588 0.066667
0 0.426471 0.724183 0.051471 0.190850
0 0.672794 0.062092 0.005882 0.037908
0 0.679779 0.065359 0.006618 0.039216
0 0.687868 0.063399 0.008088 0.037908
0 0.758088 0.021569 0.007353 0.035294
0 0.105882 0.614379 0.020588 0.060131
0 0.132353 0.606536 0.022059 0.062745
0 0.297426 0.477778 0.072794 0.056209
0 0.116912 0.449673 0.102941 0.086275
0 0.342279 0.390850 0.012500 0.033987
0 0.281250 0.392157 0.027206 0.062745
0 0.017647 0.350327 0.027941 0.033987
0 0.021324 0.341830 0.029412 0.035294
0 0.031250 0.330719 0.027206 0.039216
0 0.048897 0.321569 0.031618 0.039216
0 0.069118 0.288235 0.038235 0.053595
0 0.108456 0.252288 0.013971 0.057516
0 0.199265 0.226144 0.052941 0.052288
0 0.300368 0.284314 0.040441 0.074510
0 0.184559 0.096732 0.020588 0.028758
0 0.249632 0.119608 0.063971 0.050980
0 0.254044 0.049020 0.027206 0.050980
0 0.260294 0.079085 0.017647 0.027451
0 0.245221 0.019608 0.006618 0.020915
0 0.266544 0.018301 0.008088 0.028758
0 0.284191 0.016993 0.006618 0.028758
0 0.227206 0.015686 0.014706 0.020915
0 0.556985 0.037255 0.021324 0.040523
0 0.545588 0.137255 0.029412 0.052288
0 0.451103 0.232680 0.031618 0.070588
0 0.404412 0.235294 0.035294 0.073203
0 0.415074 0.152288 0.028676 0.066667
0 0.535662 0.571242 0.013971 0.057516
0 0.535294 0.594118 0.014706 0.053595
0 0.554044 0.527451 0.008088 0.058824
0 0.568015 0.488235 0.009559 0.061438
0 0.563971 0.505882 0.026471 0.054902
0 0.426103 0.054248 0.009559 0.027451
0 0.426471 0.063399 0.008824 0.030065
0 0.445588 0.028105 0.005882 0.019608
0 0.445956 0.043791 0.008088 0.024837
