0 0.276471 0.867974 0.086765 0.196078
0 0.334559 0.622222 0.057353 0.146405
0 0.051838 0.758170 0.094853 0.128105
0 0.104044 0.625490 0.083088 0.124183
0 0.156250 0.537255 0.062500 0.104575
0 0.487500 0.177124 0.019118 0.032680
0 0.640441 0.290850 0.025000 0.045752
0 0.599632 0.179739 0.016912 0.030065
0 0.566912 0.091503 0.011765 0.020915
0 0.511029 0.056863 0.010294 0.016993
0 0.509559 0.041830 0.008824 0.015686
0 0.545588 0.035294 0.011765 0.015686
0 0.554412 0.057516 0.011765 0.015686
0 0.540441 0.021569 0.008824 0.014379
0 0.482721 0.007190 0.008088 0.014379
0 0.401103 0.039216 0.011029 0.015686
0 0.404044 0.030719 0.009559 0.014379
0 0.637868 0.341830 0.009559 0.040523
0 0.640074 0.262745 0.006618 0.026144
0 0.580515 0.118954 0.016912 0.028758
0 0.581618 0.135948 0.017647 0.028758
0 0.605515 0.141830 0.024265 0.027451
0 0.647059 0.148366 0.005882 0.022222
0 0.678676 0.379085 0.041176 0.057516
0 0.411397 0.410458 0.011029 0.047059
0 0.412132 0.420915 0.018382 0.039216
0 0.232353 0.433987 0.010294 0.041830
0 0.234926 0.447712 0.012500 0.032680
0 0.216544 0.452288 0.011029 0.033987
0 0.216176 0.441830 0.010294 0.033987
0 0.279779 0.263399 0.008088 0.030065
0 0.298897 0.229412 0.006618 0.030065
0 0.308088 0.224183 0.007353 0.030065
0 0.316544 0.228758 0.008088 0.026144
0 0.410294 0.134641 0.005882 0.023529
0 0.389706 0.066667 0.004412 0.015686
0 0.395221 0.066667 0.003676 0.018301
0 0.496691 0.087582 0.003676 0.015686
0 0.505147 0.071895 0.004412 0.013072
0 0.505147 0.069281 0.004412 0.013072
0 0.426838 0.088889 0.003676 0.015686
0 0.426838 0.094771 0.005147 0.014379
