0 0.443229 0.018519 0.011458 0.022222
0 0.428646 0.022222 0.013542 0.029630
0 0.455729 0.184259 0.009375 0.020370
0 0.455729 0.196296 0.005208 0.022222
0 0.521875 0.280556 0.012500 0.031481
0 0.359375 0.068519 0.033333 0.029630
0 0.365625 0.119444 0.018750 0.050000
0 0.288542 0.214815 0.047917 0.029630
0 0.278646 0.238889 0.044792 0.029630
0 0.299479 0.299074 0.053125 0.050000
0 0.268229 0.287963 0.007292 0.035185
0 0.258333 0.299074 0.012500 0.042593
0 0.390625 0.240741 0.037500 0.118519
0 0.427083 0.328704 0.010417 0.027778
0 0.427083 0.346296 0.010417 0.033333
0 0.496354 0.502778 0.040625 0.090741
0 0.433854 0.489815 0.013542 0.027778
0 0.428646 0.474074 0.009375 0.025926
0 0.433854 0.497222 0.019792 0.068519
0 0.254688 0.435185 0.063542 0.062963
0 0.210417 0.522222 0.091667 0.074074
0 0.244271 0.588889 0.055208 0.044444
0 0.243750 0.649074 0.102083 0.083333
0 0.291667 0.853704 0.058333 0.185185
0 0.159896 0.632407 0.013542 0.046296
0 0.140625 0.650926 0.014583 0.046296
0 0.105729 0.700926 0.021875 0.061111
0 0.078646 0.722222 0.021875 0.062963
