0 0.197794 0.653595 0.029412 0.073203
0 0.197059 0.646405 0.020588 0.053595
0 0.180882 0.587582 0.023529 0.064052
0 0.182721 0.584314 0.015441 0.041830
0 0.236765 0.582353 0.044118 0.079739
0 0.288971 0.516993 0.038235 0.061438
0 0.267647 0.450327 0.027941 0.045752
0 0.223529 0.533987 0.023529 0.048366
0 0.224632 0.532680 0.013971 0.035294
0 0.220956 0.450980 0.041912 0.104575
0 0.246691 0.384314 0.025735 0.039216
0 0.252574 0.345098 0.021324 0.033987
0 0.201471 0.335948 0.039706 0.135948
0 0.240809 0.268627 0.022794 0.027451
0 0.235294 0.219608 0.013235 0.020915
0 0.119118 0.367320 0.051471 0.128105
0 0.163603 0.232026 0.016912 0.019608
0 0.181985 0.203268 0.018382 0.030065
0 0.110662 0.192810 0.050735 0.045752
0 0.532353 0.582353 0.067647 0.077124
0 0.733456 0.466667 0.043382 0.047059
0 0.372426 0.373203 0.011029 0.032680
0 0.365441 0.321569 0.017647 0.028758
0 0.356618 0.296078 0.032353 0.027451
0 0.342279 0.326144 0.027206 0.022222
0 0.342647 0.349673 0.023529 0.035294
