0 0.386029 0.049020 0.033824 0.090196
0 0.369118 0.170588 0.038235 0.100654
0 0.351103 0.295425 0.049265 0.133333
0 0.332353 0.425490 0.044118 0.098039
0 0.276471 0.781046 0.066176 0.181699
0 0.483824 0.083007 0.023529 0.040523
0 0.434926 0.274510 0.034559 0.091503
0 0.421324 0.552941 0.042647 0.107190
0 0.495221 0.434641 0.036029 0.087582
0 0.550000 0.250327 0.029412 0.056209
0 0.636765 0.554248 0.052941 0.112418
0 0.754779 0.572549 0.069853 0.133333
0 0.651471 0.108497 0.032353 0.047059
0 0.668750 0.166667 0.030147 0.069281
0 0.626838 0.245098 0.030147 0.069281
0 0.594853 0.250327 0.026471 0.071895
0 0.680147 0.247712 0.033824 0.064052
0 0.686397 0.460131 0.083088 0.075817
0 0.854044 0.868627 0.125735 0.095425
0 0.954779 0.605882 0.036029 0.043137
0 0.894853 0.592157 0.014706 0.054902
0 0.821691 0.567974 0.016912 0.053595
0 0.738971 0.336601 0.020588 0.030065
0 0.730882 0.326144 0.020588 0.035294
