0 0.575368 0.527451 0.066912 0.155556
0 0.166176 0.575163 0.129412 0.109804
0 0.693382 0.391503 0.158824 0.139869
0 0.868015 0.795425 0.211029 0.168627
0 0.761029 0.862092 0.023529 0.082353
0 0.366176 0.328758 0.023529 0.064052
0 0.267647 0.460131 0.022059 0.065359
0 0.320221 0.450327 0.022794 0.064052
0 0.313235 0.437255 0.020588 0.061438
0 0.306985 0.423529 0.024265 0.073203
0 0.283088 0.423529 0.023529 0.070588
0 0.256618 0.388235 0.114706 0.096732
0 0.231985 0.334641 0.018382 0.052288
0 0.041912 0.375817 0.077941 0.168627
0 0.433824 0.156209 0.038235 0.090196
0 0.409559 0.212418 0.014706 0.058824
0 0.601103 0.068627 0.036029 0.082353
0 0.827574 0.260131 0.158088 0.101961
0 0.673162 0.272549 0.138971 0.113725
0 0.132721 0.881046 0.122794 0.201307
0 0.292279 0.191503 0.028676 0.032680
