0 0.139338 0.500654 0.127206 0.133333
0 0.894853 0.375817 0.061765 0.118954
0 0.297794 0.144444 0.091176 0.066667
0 0.391912 0.166667 0.091176 0.056209
0 0.804412 0.076471 0.038235 0.074510
0 0.752574 0.062745 0.034559 0.081046
0 0.642647 0.100000 0.029412 0.035294
0 0.248162 0.064052 0.061029 0.065359
0 0.719853 0.143791 0.011765 0.041830
0 0.721324 0.124183 0.010294 0.047059
0 0.676838 0.260784 0.019853 0.048366
0 0.650735 0.216340 0.019118 0.043137
0 0.718382 0.282353 0.017647 0.047059
0 0.653309 0.205229 0.012500 0.057516
0 0.679044 0.248366 0.015441 0.060131
0 0.716176 0.266667 0.017647 0.062745
0 0.717647 0.256863 0.014706 0.050980
