0 0.638971 0.638562 0.063235 0.092810
0 0.543015 0.536601 0.068382 0.064052
0 0.495588 0.485621 0.041176 0.050980
0 0.265074 0.496078 0.024265 0.058824
0 0.298897 0.747712 0.063971 0.151634
0 0.201103 0.612418 0.097794 0.082353
0 0.181250 0.667320 0.036029 0.048366
0 0.113235 0.611765 0.013235 0.047059
0 0.129412 0.610458 0.011765 0.049673
0 0.139338 0.611765 0.009559 0.044444
0 0.053309 0.707190 0.015441 0.060131
0 0.028309 0.697386 0.009559 0.045752
0 0.034926 0.701961 0.009559 0.047059
0 0.359191 0.628758 0.011029 0.047059
0 0.502206 0.585621 0.011765 0.044444
0 0.643750 0.588889 0.012500 0.035294
0 0.865074 0.643137 0.011029 0.039216
