0 0.241927 0.507870 0.007812 0.036111
0 0.204948 0.519444 0.010937 0.040741
0 0.176042 0.525463 0.011458 0.032407
0 0.065625 0.585185 0.026042 0.038889
0 0.067187 0.582407 0.023958 0.038889
0 0.074740 0.581019 0.024479 0.037963
0 0.078906 0.577778 0.025521 0.040741
0 0.082031 0.576389 0.025521 0.036111
0 0.087760 0.575463 0.024479 0.037963
0 0.090625 0.574074 0.025000 0.037037
0 0.110156 0.569907 0.022396 0.043519
0 0.118229 0.567130 0.021875 0.037963
0 0.126042 0.564815 0.023958 0.037037
0 0.134375 0.562037 0.022917 0.037037
0 0.137500 0.560648 0.021875 0.034259
0 0.145573 0.558796 0.021354 0.034259
0 0.147135 0.558333 0.024479 0.033333
0 0.160938 0.552315 0.025000 0.030556
0 0.175260 0.537963 0.017188 0.029630
0 0.217448 0.530093 0.020313 0.030556
0 0.224740 0.529167 0.017188 0.030556
0 0.203385 0.528704 0.013021 0.024074
0 0.201563 0.597685 0.073958 0.063889
0 0.087760 0.647685 0.100521 0.078704
0 0.095833 0.720833 0.133333 0.121296
0 0.253906 0.446296 0.006771 0.018519
0 0.271875 0.457870 0.012500 0.032407
0 0.281250 0.450000 0.007292 0.031481
0 0.528125 0.937037 0.018750 0.116667
0 0.537240 0.912037 0.017188 0.101852
0 0.635677 0.844444 0.022396 0.100000
0 0.388802 0.938889 0.022396 0.090741
0 0.392708 0.923148 0.030208 0.101852
0 0.408854 0.901389 0.022917 0.093519
0 0.409896 0.883333 0.021875 0.111111
0 0.446875 0.909722 0.032292 0.087963
0 0.448437 0.893056 0.023958 0.110185
0 0.496875 0.916667 0.019792 0.085185
0 0.648177 0.813889 0.050521 0.061111
0 0.545833 0.863426 0.052083 0.062037
0 0.549740 0.849537 0.049479 0.050926
0 0.567187 0.828241 0.051042 0.067593
0 0.564583 0.804630 0.047917 0.057407
0 0.585156 0.800463 0.045312 0.065741
0 0.576562 0.783796 0.043750 0.067593
0 0.581771 0.771759 0.042708 0.060185
0 0.619792 0.681481 0.038542 0.048148
0 0.829948 0.774537 0.018229 0.095370
0 0.828125 0.764815 0.020833 0.090741
0 0.650260 0.806944 0.020313 0.095370
0 0.807813 0.642130 0.014583 0.073148
0 0.800781 0.619444 0.013021 0.055556
0 0.956510 0.441667 0.017188 0.042593
0 0.898177 0.443519 0.030729 0.051852
0 0.871875 0.440278 0.023958 0.065741
0 0.745833 0.419444 0.020833 0.042593
0 0.736198 0.415278 0.014063 0.047222
0 0.777604 0.428241 0.018750 0.060185
0 0.918750 0.420833 0.021875 0.045370
0 0.971094 0.429167 0.021354 0.043519
0 0.940625 0.425463 0.019792 0.045370
0 0.490365 0.797685 0.089063 0.121296
0 0.542969 0.714815 0.065104 0.085185
0 0.577344 0.664352 0.051562 0.065741
0 0.592969 0.622222 0.047396 0.055556
0 0.611719 0.596759 0.039062 0.054630
0 0.628385 0.572222 0.033854 0.048148
0 0.636719 0.548611 0.030729 0.043519
0 0.645312 0.536574 0.028125 0.043519
0 0.655208 0.522222 0.023958 0.035185
0 0.661198 0.509722 0.022396 0.036111
0 0.669271 0.499537 0.020833 0.030556
0 0.674479 0.489352 0.021875 0.030556
0 0.678125 0.478704 0.018750 0.025926
0 0.682031 0.471296 0.020313 0.027778
0 0.688021 0.466667 0.015625 0.027778
0 0.691406 0.461111 0.015104 0.024074
0 0.695052 0.449537 0.016146 0.023148
0 0.699740 0.443981 0.014063 0.021296
0 0.650781 0.577778 0.010937 0.050000
0 0.670833 0.534722 0.007292 0.021296
0 0.681771 0.520370 0.011458 0.024074
0 0.703385 0.501389 0.010937 0.021296
0 0.706250 0.497685 0.008333 0.023148
0 0.699479 0.530556 0.008333 0.031481
0 0.696875 0.560648 0.015625 0.039815
0 0.696875 0.517130 0.007292 0.036111
0 0.689323 0.517593 0.006771 0.035185
0 0.709635 0.506944 0.008854 0.017593
0 0.710938 0.503704 0.007292 0.016667
0 0.703385 0.476389 0.005729 0.026852
0 0.688802 0.430556 0.003646 0.018519
0 0.688802 0.433796 0.004687 0.013889
0 0.613542 0.530093 0.030208 0.036111
0 0.611458 0.493981 0.025000 0.028704
0 0.623437 0.475926 0.020833 0.025926
0 0.633854 0.468056 0.017708 0.023148
0 0.626302 0.458333 0.023438 0.018519
0 0.650781 0.452315 0.017188 0.021296
0 0.660937 0.467593 0.017708 0.027778
0 0.668490 0.460648 0.016146 0.025000
0 0.671354 0.430556 0.011458 0.018519
0 0.663542 0.440741 0.013542 0.018519
0 0.655990 0.427778 0.011979 0.018519
0 0.649479 0.434259 0.013542 0.018519
0 0.644531 0.438889 0.014063 0.018519
0 0.639323 0.443981 0.014063 0.017593
0 0.630469 0.444907 0.016146 0.021296
0 0.621354 0.454630 0.015625 0.022222
0 0.605990 0.468056 0.018229 0.025000
0 0.593490 0.477315 0.023438 0.028704
0 0.575000 0.498148 0.027083 0.035185
0 0.527604 0.543056 0.034375 0.039815
0 0.689323 0.413426 0.003646 0.010185
0 0.689323 0.416204 0.003646 0.010185
0 0.666146 0.400926 0.008333 0.011111
0 0.498958 0.533333 0.026042 0.037037
0 0.505729 0.516667 0.034375 0.035185
0 0.525260 0.505093 0.028646 0.032407
0 0.546875 0.493056 0.025000 0.028704
0 0.580469 0.468056 0.016146 0.023148
0 0.558594 0.479167 0.024479 0.034259
0 0.571094 0.468519 0.022396 0.031481
0 0.590365 0.458796 0.017188 0.019444
0 0.601042 0.452778 0.017708 0.020370
0 0.607552 0.448148 0.018229 0.022222
0 0.616406 0.442130 0.016146 0.021296
0 0.627083 0.433796 0.015625 0.019444
0 0.632292 0.431019 0.012500 0.017593
0 0.639062 0.427778 0.013542 0.016667
0 0.628125 0.421296 0.012500 0.016667
0 0.610938 0.417593 0.010417 0.020370
0 0.573177 0.391667 0.011979 0.012963
0 0.583333 0.394907 0.014583 0.013889
0 0.590104 0.423148 0.004167 0.012963
0 0.589323 0.417593 0.003646 0.009259
0 0.583854 0.421759 0.004167 0.012037
0 0.583594 0.418056 0.003646 0.013889
0 0.560937 0.449074 0.016667 0.020370
0 0.539583 0.465278 0.022917 0.028704
0 0.573698 0.420833 0.015104 0.017593
0 0.563281 0.427315 0.013021 0.015741
0 0.548958 0.439815 0.004167 0.014815
0 0.549479 0.437037 0.005208 0.016667
0 0.622917 0.413889 0.010417 0.014815
0 0.601302 0.432870 0.016146 0.023148
0 0.598698 0.426389 0.014063 0.019444
0 0.533594 0.448611 0.020313 0.021296
0 0.575000 0.429630 0.004167 0.009259
0 0.575260 0.422222 0.003646 0.011111
0 0.527083 0.433796 0.013542 0.017593
0 0.514583 0.456481 0.021875 0.024074
0 0.443229 0.491204 0.031250 0.032407
0 0.407813 0.503241 0.034375 0.036111
0 0.366667 0.518981 0.041667 0.037963
0 0.327865 0.537963 0.047396 0.044444
0 0.298177 0.602778 0.065104 0.087037
0 0.275521 0.560185 0.057292 0.051852
0 0.265365 0.527315 0.047396 0.039815
0 0.223438 0.656944 0.085417 0.086111
0 0.338802 0.501389 0.039062 0.034259
0 0.309375 0.501852 0.018750 0.024074
0 0.372135 0.481481 0.014063 0.020370
0 0.366927 0.479167 0.013021 0.019444
0 0.365365 0.484259 0.014063 0.018519
0 0.362760 0.486574 0.014063 0.017593
0 0.358854 0.487037 0.012500 0.018519
0 0.436198 0.464352 0.026562 0.028704
0 0.461198 0.549074 0.041146 0.048148
0 0.650260 0.491667 0.005729 0.033333
0 0.630208 0.495370 0.007292 0.022222
0 0.588802 0.531944 0.007812 0.036111
0 0.615625 0.506481 0.008333 0.024074
0 0.599740 0.512500 0.008854 0.026852
0 0.583333 0.540278 0.008333 0.030556
0 0.566927 0.536574 0.007812 0.037963
0 0.566406 0.543981 0.007812 0.030556
0 0.582552 0.547685 0.007812 0.030556
0 0.588802 0.541204 0.007812 0.030556
0 0.598958 0.518519 0.007292 0.024074
0 0.630469 0.502778 0.007812 0.020370
0 0.648698 0.462037 0.005729 0.018519
0 0.648958 0.470370 0.005208 0.018519
0 0.475521 0.437500 0.004167 0.025000
0 0.483854 0.424074 0.005208 0.020370
0 0.466667 0.462963 0.006250 0.018519
0 0.467448 0.468519 0.005729 0.014815
0 0.445052 0.466667 0.005729 0.020370
0 0.445052 0.473148 0.006771 0.014815
0 0.466667 0.453704 0.011458 0.014815
0 0.485677 0.452778 0.022396 0.024074
0 0.480990 0.453704 0.004687 0.020370
0 0.465104 0.445370 0.004167 0.014815
0 0.417969 0.410648 0.004687 0.017593
0 0.318490 0.475926 0.004687 0.027778
0 0.378906 0.469444 0.004687 0.022222
0 0.355729 0.433333 0.004167 0.025926
0 0.347917 0.436574 0.005208 0.026852
0 0.451042 0.406481 0.003125 0.014815
0 0.267188 0.437963 0.006250 0.014815
