0 0.377206 0.384314 0.111765 0.107190
0 0.787868 0.090850 0.081618 0.079739
0 0.169118 0.203268 0.094118 0.100654
0 0.175368 0.190850 0.011029 0.057516
0 0.193015 0.192157 0.015441 0.033987
0 0.206618 0.181699 0.014706 0.060131
0 0.290809 0.132680 0.016912 0.030065
0 0.312500 0.124837 0.010294 0.053595
0 0.313603 0.119608 0.008088 0.061438
0 0.351471 0.135294 0.008824 0.053595
0 0.347059 0.128758 0.008824 0.053595
0 0.037868 0.224837 0.034559 0.081046
0 0.029779 0.204575 0.018382 0.043137
0 0.044118 0.398693 0.048529 0.057516
0 0.041544 0.388889 0.028676 0.056209
0 0.490074 0.558170 0.072794 0.112418
0 0.569485 0.684967 0.043382 0.086275
0 0.755515 0.383660 0.119853 0.105882
0 0.637500 0.711111 0.054412 0.075817
0 0.152206 0.332680 0.039706 0.045752
0 0.164338 0.317647 0.012500 0.039216
0 0.150000 0.318301 0.019118 0.050980
0 0.648529 0.928758 0.048529 0.056209
0 0.920956 0.767320 0.015441 0.091503
0 0.568382 0.884314 0.013235 0.056209
0 0.567647 0.857516 0.022059 0.067974
0 0.503676 0.750980 0.045588 0.066667
0 0.516912 0.760784 0.013235 0.047059
0 0.505882 0.751634 0.017647 0.065359
0 0.499632 0.750327 0.009559 0.028758
0 0.418015 0.681046 0.018382 0.067974
0 0.417647 0.700654 0.013235 0.067974
0 0.423897 0.721569 0.011029 0.026144
0 0.387132 0.728105 0.024265 0.086275
0 0.385662 0.710458 0.022794 0.056209
0 0.390074 0.737908 0.021324 0.053595
0 0.853676 0.635948 0.032353 0.064052
0 0.886397 0.652941 0.075735 0.077124
0 0.594118 0.028758 0.026471 0.036601
0 0.581618 0.267320 0.025000 0.048366
0 0.577206 0.271242 0.013235 0.045752
0 0.584559 0.257516 0.011765 0.044444
0 0.945956 0.055556 0.058088 0.079739
0 0.891176 0.279739 0.032353 0.057516
0 0.942647 0.257516 0.026471 0.052288
0 0.942647 0.159477 0.089706 0.075817
0 0.864706 0.158824 0.030882 0.043137
0 0.868015 0.147712 0.016912 0.047059
0 0.877941 0.116993 0.010294 0.032680
0 0.893750 0.109804 0.013971 0.039216
0 0.884191 0.123529 0.043382 0.053595
0 0.896691 0.228105 0.086029 0.126797
0 0.783824 0.224183 0.027941 0.037908
0 0.805515 0.247059 0.088971 0.086275
