0 0.287500 0.909150 0.079412 0.181699
0 0.427574 0.148366 0.028676 0.064052
0 0.472426 0.048366 0.027206 0.036601
0 0.523897 0.131373 0.022794 0.058824
0 0.666176 0.446405 0.069118 0.147712
0 0.877941 0.470588 0.123529 0.183007
0 0.897794 0.607190 0.023529 0.077124
0 0.837500 0.492157 0.022059 0.066667
0 0.727574 0.077778 0.011029 0.035294
0 0.754044 0.025490 0.011029 0.035294
0 0.807353 0.596732 0.019118 0.053595
0 0.808088 0.610458 0.019118 0.067974
0 0.690809 0.177124 0.044853 0.058824
0 0.497059 0.013725 0.020588 0.027451
0 0.645956 0.150327 0.009559 0.026144
0 0.646691 0.159477 0.008088 0.023529
0 0.644485 0.160784 0.013971 0.031373
0 0.181618 0.346405 0.051471 0.094118
0 0.058824 0.281046 0.088235 0.060131
0 0.072794 0.245752 0.094118 0.057516
0 0.086765 0.219608 0.082353 0.049673
0 0.112868 0.185621 0.083088 0.054902
0 0.193382 0.182353 0.029412 0.035294
0 0.063235 0.174510 0.013235 0.045752
0 0.080882 0.179085 0.007353 0.023529
0 0.080147 0.166013 0.011765 0.031373
0 0.047794 0.105229 0.057353 0.050980
0 0.204044 0.122222 0.052206 0.043137
0 0.274265 0.043137 0.025000 0.044444
0 0.153676 0.102614 0.061765 0.045752
0 0.161397 0.081046 0.062500 0.047059
0 0.183456 0.045752 0.044853 0.036601
0 0.072426 0.073203 0.025735 0.026144
0 0.304412 0.008497 0.032353 0.016993
0 0.901471 0.938562 0.026471 0.086275
