0 0.553676 0.805882 0.148529 0.145098
0 0.136029 0.763399 0.163235 0.125490
0 0.145221 0.536601 0.036029 0.087582
0 0.178309 0.464052 0.038971 0.044444
0 0.157721 0.429412 0.031618 0.043137
0 0.043382 0.375163 0.017647 0.062745
0 0.027941 0.369935 0.025000 0.065359
0 0.425735 0.400000 0.047059 0.099346
0 0.502941 0.421569 0.041176 0.090196
0 0.508088 0.314379 0.035294 0.074510
0 0.444485 0.296078 0.050735 0.145098
0 0.654044 0.248366 0.031618 0.057516
0 0.636397 0.155556 0.024265 0.039216
0 0.250000 0.364706 0.026471 0.047059
0 0.252206 0.342484 0.029412 0.039216
0 0.273162 0.309804 0.009559 0.044444
0 0.283824 0.307843 0.010294 0.053595
0 0.182353 0.322222 0.030882 0.040523
0 0.077206 0.346405 0.029412 0.039216
0 0.212500 0.279739 0.019118 0.031373
0 0.216544 0.252941 0.009559 0.043137
0 0.256985 0.260784 0.025735 0.032680
0 0.305147 0.169935 0.011765 0.041830
0 0.307353 0.252941 0.007353 0.037908
0 0.317279 0.249673 0.008088 0.047059
0 0.313235 0.243137 0.008824 0.047059
0 0.656618 0.575163 0.017647 0.065359
0 0.458456 0.483007 0.011029 0.064052
0 0.463235 0.477778 0.019118 0.050980
0 0.890441 0.503268 0.025000 0.057516
0 0.879044 0.492157 0.027206 0.053595
0 0.834191 0.477124 0.033088 0.047059
0 0.827941 0.458824 0.017647 0.049673
0 0.818750 0.447059 0.013971 0.057516
0 0.753676 0.330065 0.025000 0.035294
0 0.382721 0.156209 0.024265 0.027451
0 0.371691 0.181046 0.024265 0.024837
0 0.395956 0.250327 0.009559 0.043137
0 0.395956 0.262092 0.012500 0.037908
0 0.398162 0.116993 0.015441 0.022222
0 0.438603 0.179085 0.008088 0.028758
0 0.439338 0.164052 0.009559 0.024837
0 0.439338 0.113072 0.027206 0.037908
0 0.451103 0.088235 0.021324 0.035294
0 0.464706 0.050327 0.019118 0.035294
0 0.470221 0.037255 0.016912 0.030065
0 0.476103 0.025490 0.015441 0.027451
0 0.480882 0.013072 0.016176 0.026144
0 0.527941 0.069281 0.005882 0.031373
0 0.533456 0.075163 0.005147 0.022222
0 0.586397 0.062745 0.016912 0.028758
0 0.720956 0.322222 0.022794 0.035294
