0 0.522059 0.629412 0.204412 0.158170
0 0.455882 0.484314 0.204412 0.166013
0 0.426103 0.432026 0.080147 0.053595
0 0.421324 0.381046 0.076471 0.061438
0 0.408456 0.352288 0.075735 0.061438
0 0.383088 0.322222 0.069118 0.064052
0 0.363235 0.300000 0.061765 0.056209
0 0.357721 0.230719 0.149265 0.132026
0 0.288971 0.215033 0.045588 0.064052
0 0.093015 0.106536 0.024265 0.040523
0 0.485662 0.773856 0.194853 0.190850
0 0.817279 0.252288 0.234559 0.122876
0 0.277574 0.102614 0.096324 0.142484
0 0.322059 0.085621 0.092647 0.139869
0 0.359191 0.073203 0.083088 0.138562
0 0.836765 0.123529 0.032353 0.037908
0 0.846324 0.112418 0.032353 0.039216
0 0.856250 0.100000 0.036029 0.050980
0 0.861765 0.085621 0.032353 0.037908
