0 0.538235 0.918301 0.060294 0.152941
0 0.092647 0.750327 0.079412 0.130719
0 0.202206 0.555556 0.055882 0.065359
0 0.051471 0.690196 0.032353 0.036601
0 0.033824 0.667320 0.029412 0.037908
0 0.047426 0.664052 0.034559 0.026144
0 0.240441 0.644444 0.013235 0.057516
0 0.265809 0.473203 0.009559 0.047059
0 0.275368 0.480392 0.008088 0.043137
0 0.186029 0.473856 0.064706 0.048366
0 0.237132 0.412418 0.053676 0.035294
0 0.305882 0.379739 0.033824 0.056209
0 0.331618 0.380392 0.007353 0.036601
0 0.333824 0.352941 0.010294 0.031373
0 0.344853 0.353595 0.007353 0.035294
0 0.307353 0.305882 0.035294 0.031373
0 0.399632 0.216993 0.012500 0.018301
0 0.407721 0.202614 0.013971 0.020915
0 0.419853 0.183007 0.010294 0.018301
0 0.409191 0.178431 0.012500 0.016993
0 0.438235 0.171895 0.011765 0.014379
0 0.431985 0.156209 0.008088 0.014379
0 0.440809 0.147059 0.008088 0.011765
0 0.445956 0.137908 0.006618 0.014379
0 0.454412 0.123529 0.005882 0.009150
0 0.475000 0.134641 0.005882 0.010458
0 0.484559 0.133987 0.005882 0.011765
0 0.486029 0.153595 0.007353 0.011765
0 0.494485 0.124183 0.005147 0.015686
0 0.488971 0.145098 0.005882 0.015686
0 0.486397 0.120261 0.005147 0.007843
0 0.506250 0.133333 0.006618 0.013072
0 0.514338 0.137255 0.006618 0.013072
0 0.506250 0.120261 0.006618 0.007843
0 0.504779 0.169935 0.008088 0.013072
0 0.457721 0.186928 0.011029 0.015686
0 0.461029 0.179739 0.010294 0.016993
0 0.476471 0.197386 0.011765 0.018301
0 0.479412 0.216993 0.011765 0.026144
0 0.502574 0.203268 0.011029 0.019608
0 0.502941 0.191503 0.010294 0.016993
0 0.519853 0.215033 0.011765 0.019608
0 0.536029 0.194118 0.011765 0.019608
0 0.532353 0.175817 0.010294 0.014379
0 0.529044 0.168627 0.008088 0.013072
0 0.537868 0.216993 0.012500 0.018301
0 0.504779 0.244444 0.013971 0.023529
0 0.545956 0.247712 0.013971 0.022222
0 0.508088 0.292810 0.017647 0.028758
0 0.508824 0.347712 0.019118 0.033987
0 0.518750 0.410458 0.025735 0.044444
0 0.676103 0.420915 0.033088 0.054902
0 0.659559 0.392157 0.029412 0.049673
0 0.640441 0.366667 0.025000 0.032680
0 0.623897 0.311111 0.021324 0.026144
0 0.628676 0.296078 0.035294 0.024837
0 0.606985 0.250327 0.027206 0.022222
0 0.593750 0.243137 0.015441 0.020915
0 0.542279 0.345752 0.003676 0.019608
0 0.542647 0.335948 0.004412 0.020915
0 0.562500 0.310458 0.004412 0.024837
0 0.559926 0.307843 0.003676 0.027451
0 0.567647 0.201307 0.002941 0.018301
0 0.425368 0.285621 0.008088 0.024837
0 0.427206 0.289542 0.004412 0.019608
0 0.431985 0.258170 0.005147 0.014379
0 0.432353 0.254248 0.005882 0.019608
0 0.452574 0.213072 0.003676 0.013072
0 0.452206 0.218954 0.004412 0.014379
0 0.507721 0.180392 0.003676 0.015686
0 0.511765 0.181046 0.004412 0.016993
0 0.520221 0.177778 0.003676 0.015686
0 0.522426 0.152288 0.003676 0.011765
0 0.522426 0.149020 0.003676 0.007843
0 0.513603 0.151634 0.003676 0.007843
0 0.513971 0.156863 0.004412 0.007843
0 0.426471 0.530719 0.045588 0.065359
0 0.510662 0.542484 0.030147 0.062745
0 0.595956 0.536601 0.011029 0.048366
0 0.596324 0.528758 0.010294 0.040523
0 0.724632 0.526797 0.038971 0.054902
0 0.666176 0.532026 0.010294 0.044444
0 0.665809 0.544444 0.012500 0.035294
0 0.790441 0.686928 0.063235 0.092810
0 0.847059 0.751634 0.086765 0.096732
0 0.830515 0.947712 0.021324 0.060131
0 0.959926 0.483007 0.024265 0.050980
0 0.743750 0.426144 0.044853 0.036601
0 0.731250 0.409804 0.061029 0.032680
0 0.809559 0.371242 0.025000 0.026144
0 0.835662 0.407190 0.008088 0.022222
0 0.779779 0.449673 0.063971 0.033987
0 0.786029 0.461438 0.057353 0.023529
0 0.797794 0.483660 0.064706 0.041830
0 0.915441 0.364706 0.008824 0.023529
0 0.769118 0.326797 0.036765 0.031373
0 0.851838 0.319608 0.036029 0.032680
0 0.662132 0.280392 0.005147 0.024837
0 0.657721 0.279085 0.003676 0.024837
