0 0.653646 0.163426 0.005208 0.008333
0 0.657552 0.158796 0.002604 0.008333
0 0.644271 0.163889 0.004167 0.007407
0 0.640104 0.173148 0.006250 0.009259
0 0.617188 0.186574 0.005208 0.008333
0 0.629948 0.184722 0.006771 0.008333
0 0.638802 0.184722 0.004687 0.006481
0 0.655990 0.175463 0.007812 0.013889
0 0.647396 0.178704 0.004167 0.009259
0 0.647135 0.184259 0.004687 0.007407
0 0.641146 0.191667 0.006250 0.009259
0 0.641146 0.197685 0.005208 0.008333
0 0.628385 0.225000 0.006771 0.016667
0 0.583073 0.236574 0.007812 0.012037
0 0.614844 0.254167 0.009896 0.013889
0 0.610938 0.269907 0.010417 0.015741
0 0.568229 0.231944 0.012500 0.026852
0 0.561458 0.247685 0.008333 0.012037
0 0.568229 0.256944 0.010417 0.013889
0 0.547917 0.257407 0.011458 0.014815
0 0.536719 0.265278 0.010937 0.017593
0 0.505990 0.272685 0.011979 0.013889
0 0.481250 0.268981 0.019792 0.010185
0 0.532813 0.280556 0.011458 0.018519
0 0.534635 0.298611 0.014063 0.021296
0 0.527865 0.315278 0.017188 0.034259
0 0.513021 0.296296 0.013542 0.022222
0 0.503906 0.317593 0.015104 0.022222
0 0.512240 0.334722 0.013021 0.030556
0 0.492188 0.329167 0.016667 0.025000
0 0.479948 0.343519 0.016146 0.031481
0 0.468229 0.368981 0.018750 0.026852
0 0.452865 0.345833 0.023438 0.037963
0 0.589844 0.303704 0.016146 0.031481
0 0.608333 0.324537 0.013542 0.021296
0 0.634896 0.332407 0.005208 0.020370
0 0.574740 0.355556 0.016146 0.022222
0 0.585417 0.400000 0.019792 0.027778
0 0.582031 0.451852 0.021354 0.042593
0 0.564844 0.509722 0.025521 0.043519
0 0.496094 0.379167 0.020313 0.037963
0 0.375521 0.398611 0.006250 0.017593
0 0.377865 0.407407 0.009896 0.024074
0 0.471615 0.462963 0.026562 0.048148
0 0.437760 0.434259 0.022396 0.037037
0 0.432292 0.458796 0.025000 0.054630
0 0.405729 0.499537 0.041667 0.049074
0 0.345313 0.498611 0.046875 0.047222
0 0.259115 0.522685 0.067187 0.049074
0 0.140365 0.524537 0.064062 0.050926
0 0.208333 0.491667 0.020833 0.022222
0 0.074219 0.387963 0.014063 0.020370
0 0.090104 0.390278 0.013542 0.017593
0 0.025260 0.389815 0.042188 0.025926
0 0.024740 0.404630 0.019271 0.025926
0 0.061719 0.554630 0.054688 0.053704
0 0.486458 0.587963 0.036458 0.070370
0 0.656771 0.712037 0.055208 0.092593
0 0.738021 0.835648 0.100000 0.125000
0 0.087500 0.762037 0.015625 0.040741
0 0.091667 0.781944 0.018750 0.045370
0 0.410938 0.739815 0.045833 0.105556
0 0.480469 0.790278 0.048438 0.108333
0 0.549479 0.777315 0.070833 0.115741
0 0.817969 0.841204 0.015104 0.052778
0 0.815104 0.862963 0.038542 0.057407
