0 0.722426 0.430719 0.062500 0.061438
0 0.783456 0.389542 0.062500 0.062745
0 0.869853 0.358824 0.067647 0.053595
0 0.772426 0.302614 0.059559 0.050980
0 0.288971 0.767974 0.088235 0.132026
0 0.175368 0.589542 0.061029 0.086275
0 0.102941 0.620261 0.055882 0.095425
0 0.365809 0.738562 0.074265 0.122876
0 0.250000 0.622222 0.060294 0.107190
0 0.113235 0.738562 0.073529 0.135948
0 0.306985 0.496732 0.055147 0.091503
0 0.136397 0.429412 0.040441 0.084967
0 0.710662 0.343137 0.058088 0.058824
0 0.237868 0.275817 0.056618 0.044444
0 0.301838 0.260131 0.053676 0.047059
0 0.269118 0.221569 0.030882 0.056209
0 0.306618 0.362092 0.010294 0.047059
0 0.737868 0.365359 0.011029 0.043137
0 0.350735 0.792157 0.017647 0.081046
0 0.304412 0.836601 0.029412 0.073203
0 0.222059 0.823529 0.113235 0.224837
0 0.650735 0.369281 0.063235 0.061438
0 0.042279 0.099346 0.047794 0.026144
0 0.050000 0.075163 0.032353 0.024837
0 0.076471 0.066667 0.023529 0.028758
0 0.122059 0.129412 0.029412 0.028758
0 0.092647 0.117647 0.036765 0.023529
0 0.136765 0.100000 0.044118 0.024837
0 0.147794 0.068627 0.036765 0.024837
0 0.065441 0.224837 0.060294 0.104575
0 0.074632 0.092810 0.006618 0.028758
0 0.023529 0.115033 0.008824 0.028758
0 0.106618 0.075163 0.005882 0.024837
0 0.026471 0.062092 0.005882 0.027451
0 0.092279 0.084967 0.008088 0.023529
0 0.094118 0.090196 0.017647 0.018301
0 0.034559 0.135294 0.005882 0.016993
0 0.045588 0.132680 0.007353 0.016993
0 0.052574 0.129412 0.006618 0.015686
0 0.059926 0.130719 0.006618 0.015686
0 0.063971 0.130065 0.005882 0.016993
0 0.014338 0.145752 0.006618 0.014379
0 0.020588 0.143791 0.005882 0.015686
0 0.026838 0.143791 0.006618 0.015686
0 0.150735 0.115686 0.007353 0.030065
0 0.058824 0.468627 0.013235 0.048366
0 0.170221 0.490196 0.016912 0.049673
0 0.187132 0.511111 0.016912 0.049673
0 0.210294 0.548366 0.020588 0.043137
0 0.216912 0.543137 0.019118 0.056209
0 0.199632 0.507190 0.015441 0.047059
0 0.245956 0.566013 0.033088 0.036601
0 0.841912 0.172549 0.041176 0.044444
0 0.898529 0.201961 0.050000 0.040523
0 0.861397 0.200654 0.041912 0.045752
0 0.879044 0.101961 0.028676 0.023529
0 0.884926 0.067974 0.027206 0.023529
0 0.828676 0.087582 0.022059 0.020915
