0 0.209926 0.556863 0.008088 0.036601
0 0.348162 0.808497 0.043382 0.116340
0 0.258088 0.505229 0.025000 0.022222
0 0.310294 0.515033 0.060294 0.060131
0 0.366912 0.482353 0.033824 0.075817
0 0.219118 0.419608 0.060294 0.047059
0 0.227574 0.264706 0.047794 0.037908
0 0.248162 0.245752 0.043382 0.028758
0 0.297426 0.466013 0.030147 0.061438
0 0.443750 0.622222 0.033088 0.088889
0 0.508088 0.628758 0.033824 0.081046
0 0.504044 0.894118 0.040441 0.128105
0 0.609191 0.702614 0.061029 0.194771
0 0.591544 0.583660 0.031618 0.071895
0 0.524265 0.449020 0.027941 0.058824
0 0.509559 0.357516 0.020588 0.037908
0 0.467647 0.259477 0.017647 0.035294
0 0.573897 0.406536 0.028676 0.081046
0 0.506618 0.300000 0.020588 0.037908
0 0.518382 0.247059 0.017647 0.031373
0 0.554412 0.253595 0.022059 0.049673
0 0.516912 0.192157 0.027941 0.062745
0 0.444853 0.171895 0.014706 0.027451
0 0.393382 0.288235 0.020588 0.037908
0 0.379044 0.310458 0.012500 0.030065
0 0.387132 0.357516 0.043382 0.048366
0 0.344485 0.081699 0.025735 0.019608
0 0.272059 0.138562 0.017647 0.023529
0 0.292279 0.141176 0.016912 0.026144
0 0.284926 0.179085 0.034559 0.018301
0 0.290809 0.168627 0.033088 0.023529
0 0.318382 0.375163 0.054412 0.039216
0 0.331985 0.356209 0.043382 0.035294
0 0.333088 0.337908 0.051471 0.035294
0 0.337500 0.320915 0.050000 0.032680
0 0.341912 0.305882 0.045588 0.031373
0 0.345221 0.294118 0.040441 0.028758
0 0.346691 0.280392 0.046324 0.030065
0 0.353309 0.267320 0.043382 0.030065
0 0.346324 0.251634 0.047059 0.030065
0 0.354412 0.233987 0.042647 0.039216
0 0.361765 0.213072 0.036765 0.023529
0 0.370221 0.184314 0.031618 0.023529
0 0.378676 0.167974 0.032353 0.016993
0 0.378676 0.157516 0.023529 0.016993
0 0.446691 0.146405 0.013971 0.023529
0 0.404412 0.079739 0.029412 0.026144
0 0.482353 0.077124 0.017647 0.054902
0 0.507353 0.133333 0.014706 0.041830
0 0.518382 0.035948 0.007353 0.014379
0 0.530882 0.177124 0.014706 0.024837
0 0.537500 0.091503 0.002941 0.013072
0 0.537868 0.088235 0.002206 0.011765
0 0.531985 0.299346 0.005147 0.023529
0 0.532353 0.294771 0.005882 0.024837
0 0.528676 0.151634 0.014706 0.023529
0 0.526471 0.132026 0.014706 0.023529
0 0.526838 0.116340 0.011029 0.018301
0 0.509559 0.103268 0.011765 0.018301
0 0.509191 0.088889 0.011029 0.018301
0 0.528309 0.101307 0.012500 0.024837
0 0.524632 0.091503 0.011029 0.018301
0 0.525735 0.075163 0.010294 0.016993
0 0.523162 0.063399 0.008088 0.014379
0 0.522426 0.053595 0.009559 0.018301
0 0.523897 0.045098 0.009559 0.016993
0 0.508456 0.074510 0.011029 0.020915
0 0.504412 0.066013 0.010294 0.016993
0 0.505147 0.054248 0.010294 0.016993
0 0.506618 0.047712 0.008824 0.016993
0 0.914706 0.036601 0.020588 0.018301
0 0.930147 0.045752 0.022059 0.015686
0 0.941912 0.049673 0.020588 0.015686
0 0.460662 0.380392 0.038971 0.133333
