0 0.645312 0.925463 0.034375 0.078704
0 0.623177 0.942593 0.007812 0.038889
0 0.615365 0.933796 0.009896 0.045370
0 0.614844 0.959722 0.006771 0.013889
0 0.577083 0.875926 0.011458 0.033333
0 0.575781 0.890741 0.013021 0.048148
0 0.588281 0.769444 0.014063 0.044444
0 0.636458 0.773611 0.026042 0.028704
0 0.542188 0.890741 0.041667 0.094444
0 0.558594 0.786111 0.034896 0.075926
0 0.474479 0.910185 0.037500 0.103704
0 0.485417 0.710185 0.029167 0.081481
0 0.575781 0.729630 0.007812 0.042593
0 0.577865 0.693056 0.007812 0.045370
0 0.568229 0.694907 0.009375 0.043519
0 0.523438 0.613889 0.023958 0.048148
0 0.409635 0.802315 0.033854 0.093519
0 0.417969 0.668056 0.024479 0.060185
0 0.453125 0.692130 0.007292 0.015741
0 0.454688 0.689352 0.007292 0.021296
0 0.453906 0.708796 0.007812 0.032407
0 0.110677 0.985648 0.014063 0.028704
0 0.039844 0.955093 0.010937 0.039815
0 0.165625 0.874537 0.009375 0.028704
0 0.163542 0.853704 0.008333 0.025926
0 0.149740 0.884722 0.011979 0.034259
0 0.138021 0.880556 0.011458 0.029630
0 0.132292 0.869907 0.009375 0.028704
0 0.166927 0.846759 0.028646 0.036111
0 0.180208 0.817593 0.032292 0.027778
0 0.180990 0.801389 0.011979 0.043519
0 0.197135 0.776389 0.028646 0.030556
0 0.192448 0.643056 0.007812 0.039815
0 0.208073 0.637500 0.007812 0.043519
0 0.226042 0.651389 0.008333 0.039815
0 0.257292 0.657407 0.023958 0.033333
0 0.446615 0.611574 0.008854 0.030556
0 0.447396 0.620833 0.004167 0.025000
0 0.586979 0.597222 0.014583 0.022222
0 0.572656 0.581944 0.008854 0.036111
0 0.559375 0.538889 0.006250 0.033333
0 0.542188 0.511111 0.006250 0.025926
0 0.541927 0.517593 0.003646 0.016667
0 0.544531 0.463889 0.019271 0.027778
0 0.569531 0.499074 0.005729 0.024074
0 0.370573 0.318056 0.019271 0.015741
0 0.379167 0.329630 0.015625 0.018519
0 0.396094 0.334722 0.021354 0.017593
0 0.393750 0.318981 0.020833 0.013889
0 0.390885 0.321296 0.002604 0.014815
0 0.486458 0.237500 0.014583 0.008333
0 0.472396 0.235185 0.002083 0.007407
0 0.472396 0.237500 0.005208 0.006481
0 0.504167 0.245370 0.002083 0.007407
0 0.504427 0.249074 0.001563 0.007407
0 0.499740 0.250463 0.003646 0.008333
0 0.498958 0.256019 0.003125 0.010185
0 0.500260 0.245370 0.002604 0.007407
0 0.491146 0.244444 0.002083 0.005556
0 0.491667 0.249074 0.002083 0.005556
0 0.487760 0.245370 0.002604 0.005556
0 0.488021 0.250463 0.002083 0.006481
0 0.483854 0.241204 0.002083 0.006481
0 0.483594 0.244444 0.001563 0.007407
0 0.467448 0.262963 0.002604 0.007407
0 0.467187 0.263889 0.002083 0.012963
0 0.493490 0.265741 0.005729 0.011111
0 0.503125 0.270833 0.003125 0.006481
0 0.502865 0.274537 0.003646 0.010185
0 0.508333 0.273611 0.003125 0.010185
0 0.508333 0.276389 0.003125 0.008333
0 0.477344 0.478241 0.004687 0.019444
0 0.477604 0.486111 0.004167 0.018519
0 0.469010 0.432870 0.003646 0.012037
0 0.468490 0.431944 0.003646 0.010185
0 0.468750 0.443056 0.004167 0.013889
0 0.507292 0.427778 0.004167 0.014815
0 0.506771 0.434722 0.004167 0.013889
0 0.538281 0.434722 0.008854 0.026852
0 0.520312 0.438426 0.008333 0.026852
0 0.451823 0.399537 0.011979 0.025000
0 0.458333 0.380556 0.008333 0.018519
0 0.447135 0.375926 0.009896 0.027778
0 0.466406 0.380556 0.004687 0.012963
0 0.466146 0.388426 0.003125 0.012037
0 0.527344 0.407870 0.004687 0.021296
0 0.517448 0.405093 0.005729 0.019444
0 0.517188 0.410185 0.004167 0.016667
0 0.526823 0.382407 0.002604 0.022222
0 0.524219 0.337500 0.008854 0.019444
0 0.519271 0.318056 0.009375 0.013889
0 0.518229 0.304630 0.011458 0.014815
0 0.510677 0.383796 0.003646 0.013889
0 0.510417 0.392130 0.003125 0.012037
0 0.500521 0.395370 0.004167 0.014815
0 0.499740 0.400926 0.003646 0.014815
0 0.497656 0.371296 0.003646 0.011111
0 0.497917 0.379167 0.003125 0.012037
0 0.500781 0.362037 0.002604 0.009259
0 0.500260 0.367593 0.004687 0.012963
0 0.506250 0.354630 0.003125 0.009259
0 0.506250 0.361574 0.003125 0.010185
0 0.509896 0.351389 0.003125 0.013889
0 0.510417 0.368056 0.003125 0.010185
0 0.510417 0.369907 0.005208 0.019444
0 0.507552 0.340278 0.011979 0.019444
0 0.490104 0.334722 0.009375 0.015741
0 0.483854 0.340278 0.003125 0.010185
0 0.483594 0.341667 0.004687 0.016667
0 0.483854 0.325926 0.003125 0.009259
0 0.483854 0.330556 0.005208 0.009259
0 0.454948 0.340278 0.009896 0.019444
0 0.467708 0.322222 0.010417 0.016667
0 0.468229 0.283333 0.003125 0.007407
0 0.467969 0.289352 0.002604 0.010185
0 0.470833 0.288889 0.003125 0.007407
0 0.471094 0.293519 0.002604 0.007407
0 0.486198 0.279630 0.003646 0.009259
0 0.485938 0.284722 0.003125 0.008333
0 0.492448 0.281019 0.002604 0.008333
0 0.492448 0.286111 0.002604 0.009259
0 0.496354 0.289815 0.003125 0.009259
0 0.496615 0.294907 0.001563 0.008333
0 0.504167 0.286574 0.002083 0.010185
0 0.503385 0.290741 0.003646 0.009259
0 0.507031 0.306944 0.003646 0.013889
0 0.497656 0.311574 0.002604 0.006481
0 0.497135 0.309259 0.003646 0.009259
0 0.497135 0.314815 0.002604 0.009259
0 0.478385 0.313889 0.002604 0.007407
0 0.478906 0.319907 0.003646 0.010185
0 0.481510 0.306944 0.002604 0.008333
0 0.481250 0.312500 0.004167 0.008333
0 0.474219 0.306944 0.003646 0.010185
0 0.474219 0.312037 0.002604 0.009259
