0 0.508854 0.858796 0.040625 0.100926
0 0.581510 0.768981 0.032813 0.073148
0 0.428906 0.800000 0.033854 0.085185
0 0.550000 0.766667 0.010417 0.037037
0 0.550521 0.780093 0.011458 0.039815
0 0.404167 0.696759 0.010417 0.034259
0 0.422917 0.693056 0.010417 0.030556
0 0.422656 0.700926 0.011979 0.037037
0 0.423698 0.706944 0.010937 0.039815
0 0.520573 0.720370 0.009896 0.033333
0 0.538542 0.721296 0.010417 0.035185
0 0.520312 0.709259 0.009375 0.029630
0 0.538802 0.712037 0.008854 0.031481
0 0.541146 0.666204 0.008333 0.032407
0 0.540885 0.675000 0.009896 0.033333
0 0.520052 0.643519 0.009896 0.035185
0 0.520312 0.633796 0.009375 0.023148
0 0.519792 0.637963 0.009375 0.027778
0 0.448177 0.646296 0.025521 0.055556
0 0.442448 0.589352 0.021354 0.054630
0 0.407292 0.584259 0.007292 0.025926
0 0.407031 0.590741 0.007812 0.025926
0 0.479167 0.514352 0.009375 0.023148
0 0.478385 0.508333 0.006771 0.020370
0 0.493490 0.469444 0.013021 0.016667
0 0.492969 0.464352 0.006771 0.019444
0 0.489583 0.466667 0.005208 0.014815
0 0.506250 0.434259 0.016667 0.025926
0 0.504167 0.432870 0.004167 0.012037
0 0.509375 0.434259 0.005208 0.014815
0 0.508854 0.435648 0.005208 0.015741
0 0.515625 0.459259 0.006250 0.014815
0 0.457031 0.436111 0.030729 0.025926
0 0.532292 0.407870 0.003125 0.019444
0 0.536198 0.406481 0.003646 0.018519
0 0.530729 0.406944 0.003125 0.019444
0 0.530729 0.409259 0.006250 0.014815
0 0.558854 0.412500 0.014583 0.023148
0 0.552604 0.402315 0.010417 0.013889
0 0.550521 0.391204 0.010417 0.013889
0 0.519271 0.397685 0.007292 0.023148
0 0.519010 0.397685 0.003646 0.012037
0 0.517188 0.381944 0.004167 0.013889
0 0.521354 0.387037 0.004167 0.016667
0 0.521094 0.390278 0.003646 0.012037
0 0.516667 0.354167 0.010417 0.019444
0 0.497917 0.370833 0.012500 0.019444
0 0.499479 0.391667 0.012500 0.020370
0 0.481771 0.392130 0.013542 0.025000
0 0.476302 0.378241 0.011979 0.023148
0 0.453385 0.359722 0.003646 0.010185
0 0.825521 0.843519 0.021875 0.037037
0 0.850000 0.887963 0.013542 0.051852
0 0.860677 0.918056 0.031771 0.039815
0 0.840365 0.911111 0.014063 0.037037
0 0.830469 0.923611 0.014063 0.030556
0 0.821615 0.901852 0.011979 0.025926
0 0.804948 0.904167 0.011979 0.025000
0 0.813281 0.918056 0.016146 0.041667
0 0.799479 0.788889 0.022917 0.027778
0 0.774740 0.759722 0.023438 0.036111
0 0.769271 0.746296 0.014583 0.044444
0 0.775781 0.756944 0.014063 0.037963
0 0.485417 0.334259 0.003125 0.012963
0 0.485417 0.337500 0.003125 0.012037
0 0.490365 0.337037 0.002604 0.009259
0 0.495833 0.339815 0.003125 0.011111
0 0.496094 0.337963 0.002604 0.011111
