0 0.523958 0.239815 0.014583 0.016667
0 0.663542 0.403704 0.033333 0.029630
0 0.665625 0.442593 0.006250 0.033333
0 0.675000 0.422222 0.033333 0.033333
0 0.688021 0.430556 0.030208 0.027778
0 0.691146 0.450000 0.036458 0.029630
0 0.735938 0.599074 0.015625 0.050000
0 0.737500 0.589815 0.010417 0.038889
0 0.722396 0.625926 0.011458 0.048148
0 0.711458 0.612963 0.010417 0.051852
0 0.677604 0.519444 0.009375 0.035185
0 0.677083 0.512037 0.008333 0.031481
0 0.784896 0.859259 0.026042 0.062963
0 0.784896 0.850000 0.013542 0.048148
0 0.703646 0.812037 0.034375 0.087037
0 0.637500 0.580556 0.010417 0.046296
0 0.683854 0.713889 0.015625 0.042593
0 0.684896 0.700000 0.013542 0.040741
0 0.567187 0.584259 0.063542 0.053704
0 0.659896 0.604630 0.007292 0.035185
0 0.660937 0.597222 0.007292 0.035185
0 0.641146 0.550000 0.011458 0.033333
0 0.642708 0.545370 0.008333 0.031481
0 0.523438 0.316667 0.032292 0.029630
0 0.552604 0.340741 0.007292 0.018519
0 0.546354 0.370370 0.013542 0.033333
0 0.572917 0.391667 0.006250 0.024074
0 0.573438 0.387963 0.005208 0.024074
0 0.547396 0.318519 0.005208 0.014815
0 0.548438 0.316667 0.005208 0.014815
0 0.534375 0.384259 0.006250 0.020370
0 0.534896 0.378704 0.007292 0.020370
0 0.450521 0.360185 0.005208 0.020370
0 0.451042 0.357407 0.004167 0.022222
0 0.465625 0.347222 0.006250 0.016667
0 0.465104 0.343519 0.005208 0.020370
0 0.367708 0.525926 0.016667 0.037037
0 0.242188 0.519444 0.013542 0.024074
0 0.249479 0.501852 0.013542 0.018519
0 0.214583 0.620370 0.066667 0.062963
0 0.357292 0.556481 0.025000 0.068519
0 0.312500 0.834259 0.029167 0.050000
0 0.419792 0.448148 0.008333 0.025926
0 0.419271 0.442593 0.007292 0.025926
0 0.432292 0.468519 0.006250 0.029630
0 0.404687 0.546296 0.011458 0.033333
0 0.394271 0.766667 0.013542 0.055556
0 0.432292 0.460185 0.006250 0.031481
0 0.404687 0.537963 0.009375 0.031481
0 0.393750 0.750000 0.014583 0.048148
0 0.394271 0.761111 0.011458 0.044444
0 0.394792 0.756481 0.012500 0.046296
