0 0.683333 0.397222 0.027083 0.046296
0 0.598958 0.431481 0.068750 0.059259
0 0.605729 0.620370 0.009375 0.051852
0 0.634375 0.581481 0.116667 0.196296
0 0.739062 0.658333 0.032292 0.042593
0 0.524479 0.479630 0.015625 0.044444
0 0.521875 0.466667 0.010417 0.040741
0 0.479687 0.273148 0.007292 0.027778
0 0.490104 0.509259 0.044792 0.074074
0 0.431250 0.838889 0.066667 0.166667
0 0.448958 0.537963 0.045833 0.083333
0 0.483854 0.310185 0.057292 0.042593
0 0.465625 0.252778 0.037500 0.031481
0 0.454167 0.226852 0.045833 0.035185
0 0.410938 0.187963 0.007292 0.027778
0 0.420312 0.271296 0.028125 0.038889
0 0.408333 0.238889 0.025000 0.037037
0 0.388542 0.204630 0.022917 0.027778
0 0.237500 0.950000 0.022917 0.062963
0 0.120313 0.890741 0.115625 0.122222
0 0.218750 0.667593 0.066667 0.190741
0 0.210938 0.466667 0.015625 0.040741
0 0.050000 0.396296 0.006250 0.025926
0 0.019792 0.454630 0.016667 0.027778
0 0.021354 0.443519 0.017708 0.027778
0 0.025521 0.432407 0.017708 0.031481
0 0.032813 0.413889 0.009375 0.024074
0 0.034375 0.405556 0.012500 0.022222
0 0.145313 0.291667 0.055208 0.031481
0 0.116667 0.179630 0.006250 0.025926
0 0.123438 0.183333 0.005208 0.018519
0 0.126042 0.180556 0.008333 0.024074
0 0.198437 0.236111 0.009375 0.027778
0 0.124479 0.104630 0.005208 0.024074
0 0.130208 0.105556 0.006250 0.022222
0 0.133333 0.069444 0.004167 0.016667
0 0.117708 0.138889 0.008333 0.022222
0 0.160417 0.145370 0.037500 0.024074
0 0.203125 0.192593 0.018750 0.033333
0 0.201042 0.172222 0.016667 0.025926
0 0.196875 0.144444 0.014583 0.025926
0 0.208854 0.130556 0.015625 0.024074
0 0.202083 0.114815 0.012500 0.022222
0 0.198958 0.102778 0.016667 0.024074
0 0.200521 0.075000 0.011458 0.020370
0 0.197396 0.047222 0.011458 0.016667
0 0.211458 0.052778 0.012500 0.020370
0 0.207813 0.039815 0.009375 0.016667
0 0.223958 0.042593 0.010417 0.018519
0 0.234375 0.037963 0.010417 0.016667
0 0.238021 0.062963 0.009375 0.018519
0 0.225521 0.247222 0.007292 0.024074
0 0.224479 0.239815 0.007292 0.024074
0 0.221875 0.159259 0.006250 0.018519
0 0.221354 0.153704 0.005208 0.018519
0 0.368229 0.169444 0.017708 0.031481
0 0.350521 0.143519 0.017708 0.024074
0 0.340625 0.123148 0.016667 0.027778
0 0.316667 0.153704 0.010417 0.029630
0 0.315625 0.150926 0.008333 0.016667
0 0.238021 0.008333 0.009375 0.012963
0 0.243750 0.018519 0.008333 0.014815
0 0.245833 0.004630 0.008333 0.009259
0 0.255208 0.012963 0.008333 0.011111
0 0.263021 0.025000 0.007292 0.016667
0 0.276042 0.054630 0.010417 0.016667
0 0.325000 0.094444 0.012500 0.018519
0 0.315104 0.080556 0.013542 0.020370
0 0.308854 0.071296 0.011458 0.016667
0 0.302083 0.058333 0.012500 0.016667
0 0.327604 0.051852 0.017708 0.022222
0 0.317708 0.051852 0.004167 0.014815
0 0.290625 0.042593 0.010417 0.014815
0 0.307812 0.029630 0.019792 0.014815
0 0.281250 0.023148 0.008333 0.016667
0 0.286979 0.028704 0.003125 0.020370
0 0.270833 0.013889 0.008333 0.012963
0 0.248958 0.031481 0.010417 0.014815
0 0.275000 0.113889 0.004167 0.016667
0 0.275521 0.110185 0.005208 0.016667
0 0.300000 0.095370 0.004167 0.016667
0 0.300521 0.092593 0.003125 0.014815
0 0.651563 0.301852 0.048958 0.044444
