0 0.061765 0.468627 0.058824 0.129412
0 0.320956 0.232680 0.009559 0.057516
0 0.312500 0.098039 0.011765 0.036601
0 0.312868 0.088889 0.012500 0.039216
0 0.262868 0.124183 0.055147 0.099346
0 0.438603 0.019608 0.008088 0.039216
0 0.511029 0.093464 0.011765 0.040523
0 0.548897 0.216340 0.011029 0.053595
0 0.573529 0.292157 0.026471 0.045752
0 0.454412 0.178431 0.092647 0.071895
0 0.526471 0.277124 0.085294 0.088889
0 0.536029 0.359477 0.107353 0.094118
0 0.377941 0.645752 0.079412 0.177778
0 0.610662 0.538562 0.115441 0.107190
0 0.902941 0.771242 0.023529 0.075817
0 0.866176 0.726144 0.038235 0.079739
0 0.795588 0.569935 0.027941 0.073203
0 0.777206 0.574510 0.035294 0.074510
0 0.637868 0.694118 0.094853 0.156863
