0 0.449265 0.229412 0.080882 0.082353
0 0.637132 0.269281 0.096324 0.099346
0 0.744118 0.118301 0.057353 0.064052
0 0.848162 0.171895 0.074265 0.069281
0 0.268382 0.062745 0.064706 0.062745
0 0.202941 0.130065 0.076471 0.066667
0 0.197426 0.079739 0.061029 0.057516
0 0.083456 0.255556 0.013971 0.040523
0 0.488971 0.069935 0.008824 0.030065
0 0.939338 0.175817 0.013971 0.030065
0 0.955515 0.166667 0.012500 0.030065
0 0.632353 0.023529 0.010294 0.026144
0 0.640441 0.032026 0.010294 0.027451
0 0.087868 0.278431 0.021324 0.039216
0 0.484926 0.085621 0.024265 0.030065
0 0.858824 0.892157 0.038235 0.098039
0 0.877941 0.879085 0.017647 0.092810
0 0.943382 0.192157 0.063235 0.054902
0 0.659191 0.026797 0.006618 0.032680
0 0.632353 0.041830 0.022059 0.028758
