0 0.245312 0.604630 0.055208 0.124074
0 0.286458 0.648148 0.054167 0.129630
0 0.575521 0.807407 0.059375 0.218519
0 0.563021 0.623148 0.040625 0.105556
0 0.494792 0.502778 0.022917 0.061111
0 0.452083 0.337963 0.020833 0.057407
0 0.397917 0.327778 0.033333 0.070370
0 0.405729 0.218519 0.023958 0.051852
0 0.638021 0.387037 0.034375 0.074074
0 0.758854 0.511111 0.046875 0.081481
0 0.717187 0.759259 0.063542 0.144444
0 0.816146 0.782407 0.021875 0.057407
0 0.815104 0.572222 0.015625 0.051852
0 0.530208 0.275000 0.031250 0.075926
0 0.142187 0.793519 0.053125 0.109259
0 0.182292 0.688889 0.045833 0.103704
0 0.268750 0.204630 0.047917 0.038889
0 0.293750 0.221296 0.045833 0.038889
0 0.279167 0.188889 0.041667 0.033333
0 0.528646 0.149074 0.017708 0.035185
0 0.631250 0.124074 0.027083 0.055556
0 0.332813 0.249074 0.030208 0.068519
0 0.526563 0.092593 0.015625 0.029630
0 0.445833 0.061111 0.014583 0.029630
0 0.423438 0.057407 0.013542 0.025926
0 0.546354 0.500000 0.011458 0.044444
0 0.630208 0.216667 0.006250 0.029630
0 0.457813 0.072222 0.005208 0.022222
0 0.534375 0.128704 0.006250 0.020370
0 0.480208 0.018519 0.008333 0.022222
0 0.228646 0.544444 0.036458 0.062963
0 0.245312 0.490741 0.032292 0.070370
0 0.260417 0.444444 0.029167 0.062963
0 0.275000 0.405556 0.029167 0.055556
0 0.307292 0.319444 0.022917 0.053704
0 0.316667 0.295370 0.020833 0.050000
0 0.372917 0.149074 0.004167 0.027778
0 0.367188 0.136111 0.019792 0.035185
0 0.374479 0.113889 0.017708 0.031481
0 0.186979 0.232407 0.036458 0.035185
0 0.181771 0.253704 0.036458 0.033333
0 0.155729 0.279630 0.053125 0.040741
0 0.139063 0.307407 0.040625 0.037037
0 0.133333 0.319444 0.039583 0.038889
0 0.130208 0.338889 0.039583 0.033333
0 0.202083 0.261111 0.029167 0.033333
0 0.180208 0.253704 0.029167 0.029630
0 0.190625 0.401852 0.045833 0.029630
0 0.184375 0.419444 0.043750 0.027778
0 0.179688 0.431481 0.046875 0.029630
0 0.166667 0.466667 0.050000 0.029630
0 0.157292 0.482407 0.047917 0.035185
0 0.174479 0.450926 0.046875 0.027778
0 0.147917 0.500926 0.047917 0.035185
0 0.205208 0.508333 0.027083 0.057407
0 0.085938 0.615741 0.059375 0.064815
0 0.113021 0.395370 0.042708 0.046296
0 0.073438 0.470370 0.046875 0.051852
0 0.030729 0.472222 0.046875 0.051852
0 0.093750 0.437037 0.043750 0.033333
0 0.103125 0.418519 0.043750 0.033333
0 0.077604 0.390741 0.038542 0.033333
0 0.068229 0.405556 0.038542 0.033333
0 0.060417 0.418519 0.037500 0.033333
0 0.053646 0.437037 0.038542 0.033333
0 0.033854 0.536111 0.048958 0.038889
0 0.044271 0.521296 0.048958 0.038889
0 0.736979 0.373148 0.017708 0.038889
0 0.890104 0.782407 0.023958 0.061111
