0 0.103309 0.740523 0.130147 0.330719
0 0.194853 0.488889 0.175000 0.224837
0 0.878309 0.552288 0.208088 0.218301
0 0.820956 0.369281 0.174265 0.173856
0 0.672794 0.327451 0.170588 0.184314
0 0.814338 0.203922 0.056618 0.073203
0 0.826838 0.185621 0.021324 0.070588
0 0.534559 0.295425 0.060294 0.070588
0 0.539338 0.294771 0.031618 0.087582
0 0.458088 0.331373 0.025000 0.092810
0 0.650000 0.169281 0.136765 0.166013
0 0.630882 0.111765 0.020588 0.090196
0 0.581985 0.118954 0.019853 0.096732
0 0.554044 0.115686 0.025735 0.095425
0 0.623162 0.081699 0.050735 0.053595
0 0.628676 0.067320 0.023529 0.092810
0 0.704779 0.047059 0.027206 0.081046
0 0.488971 0.074510 0.030882 0.091503
0 0.228309 0.043137 0.036029 0.078431
