0 0.569271 0.897222 0.046875 0.150000
0 0.646875 0.903704 0.056250 0.148148
0 0.570312 0.737963 0.042708 0.116667
0 0.455729 0.492593 0.028125 0.062963
0 0.374479 0.563889 0.040625 0.087037
0 0.498958 0.541667 0.050000 0.068519
0 0.190625 0.719444 0.072917 0.127778
0 0.189062 0.541667 0.065625 0.101852
0 0.128125 0.482407 0.068750 0.053704
0 0.527604 0.410185 0.028125 0.050000
0 0.469792 0.297222 0.018750 0.031481
0 0.462500 0.231481 0.014583 0.029630
0 0.430729 0.270370 0.017708 0.033333
0 0.421875 0.235185 0.014583 0.029630
0 0.348958 0.377778 0.031250 0.048148
0 0.382812 0.309259 0.026042 0.044444
0 0.370312 0.910185 0.063542 0.179630
0 0.455208 0.826852 0.035417 0.127778
0 0.537500 0.598148 0.022917 0.059259
0 0.538021 0.582407 0.013542 0.027778
0 0.573958 0.596296 0.033333 0.085185
0 0.623958 0.532407 0.062500 0.057407
0 0.621354 0.496296 0.057292 0.051852
0 0.619271 0.456481 0.057292 0.042593
0 0.620833 0.348148 0.041667 0.037037
0 0.536979 0.367593 0.026042 0.038889
0 0.542188 0.253704 0.023958 0.029630
0 0.071354 0.750926 0.055208 0.124074
0 0.130208 0.703704 0.016667 0.062963
0 0.114062 0.774074 0.021875 0.051852
0 0.183854 0.618519 0.034375 0.040741
0 0.182292 0.384259 0.025000 0.038889
0 0.297396 0.395370 0.057292 0.050000
0 0.240625 0.324074 0.014583 0.037037
0 0.489063 0.383333 0.026042 0.055556
0 0.500521 0.266667 0.026042 0.066667
0 0.534896 0.305556 0.019792 0.033333
0 0.433333 0.201852 0.014583 0.025926
0 0.490625 0.133333 0.010417 0.018519
0 0.402604 0.266667 0.017708 0.033333
0 0.689063 0.497222 0.017708 0.042593
0 0.683854 0.630556 0.011458 0.050000
0 0.693750 0.638889 0.010417 0.044444
0 0.701562 0.680556 0.009375 0.050000
0 0.713542 0.678704 0.010417 0.046296
0 0.650000 0.404630 0.008333 0.035185
0 0.567187 0.447222 0.011458 0.035185
0 0.546354 0.420370 0.009375 0.033333
0 0.546354 0.426852 0.007292 0.031481
0 0.516146 0.342593 0.007292 0.033333
0 0.506250 0.392593 0.008333 0.022222
0 0.508854 0.399074 0.015625 0.038889
0 0.457292 0.415741 0.008333 0.027778
0 0.468750 0.406481 0.008333 0.027778
0 0.469271 0.416667 0.007292 0.025926
0 0.456771 0.420370 0.009375 0.033333
0 0.342187 0.318519 0.034375 0.033333
0 0.331771 0.340741 0.034375 0.033333
0 0.291667 0.575000 0.012500 0.042593
0 0.292708 0.588889 0.014583 0.037037
0 0.299479 0.672222 0.013542 0.051852
0 0.298958 0.681481 0.016667 0.051852
0 0.383854 0.346296 0.009375 0.029630
0 0.409375 0.294444 0.006250 0.025926
0 0.413021 0.272222 0.007292 0.025926
0 0.418229 0.275000 0.005208 0.024074
0 0.394271 0.223148 0.032292 0.027778
0 0.404167 0.216667 0.025000 0.025926
0 0.403646 0.200926 0.030208 0.024074
0 0.405208 0.193519 0.033333 0.024074
0 0.280729 0.275000 0.009375 0.020370
0 0.709375 0.570370 0.027083 0.033333
0 0.611458 0.581481 0.027083 0.025926
0 0.682813 0.364815 0.007292 0.033333
0 0.681250 0.393519 0.006250 0.027778
0 0.644271 0.315741 0.007292 0.027778
0 0.556250 0.229630 0.014583 0.029630
0 0.530729 0.236111 0.015625 0.031481
0 0.554688 0.165741 0.011458 0.020370
0 0.542708 0.150000 0.010417 0.018519
0 0.525521 0.105556 0.007292 0.014815
0 0.480729 0.120370 0.009375 0.014815
0 0.473958 0.111111 0.010417 0.018519
0 0.634375 0.238889 0.039583 0.037037
0 0.623437 0.211111 0.032292 0.029630
0 0.616146 0.197222 0.028125 0.020370
0 0.621875 0.204630 0.022917 0.016667
0 0.678646 0.192593 0.023958 0.018519
0 0.658333 0.164815 0.022917 0.018519
0 0.681771 0.153704 0.019792 0.014815
0 0.678125 0.146296 0.018750 0.014815
0 0.602604 0.159259 0.023958 0.018519
0 0.602083 0.152778 0.022917 0.016667
0 0.595833 0.132407 0.020833 0.016667
0 0.602604 0.146296 0.021875 0.014815
0 0.642708 0.167593 0.008333 0.020370
0 0.660417 0.135185 0.010417 0.018519
0 0.596354 0.110185 0.009375 0.016667
0 0.680729 0.200000 0.015625 0.014815
0 0.510417 0.206481 0.004167 0.016667
0 0.541146 0.202778 0.003125 0.016667
0 0.528125 0.184259 0.004167 0.012963
0 0.510417 0.211111 0.004167 0.014815
0 0.528125 0.189815 0.004167 0.012963
0 0.504687 0.084259 0.007292 0.012963
0 0.513542 0.076852 0.006250 0.012963
0 0.510417 0.091667 0.006250 0.012963
0 0.365625 0.271296 0.039583 0.035185
0 0.363542 0.245370 0.035417 0.035185
0 0.377604 0.153704 0.023958 0.018519
0 0.428646 0.168519 0.021875 0.022222
0 0.421354 0.159259 0.023958 0.022222
0 0.431771 0.150926 0.023958 0.024074
0 0.434896 0.134259 0.017708 0.016667
0 0.419792 0.130556 0.010417 0.016667
0 0.431771 0.125000 0.019792 0.012963
0 0.434896 0.116667 0.017708 0.011111
0 0.383854 0.140741 0.023958 0.014815
0 0.488021 0.078704 0.007292 0.012963
0 0.464583 0.129630 0.010417 0.022222
0 0.477604 0.100926 0.009375 0.012963
0 0.481771 0.096296 0.007292 0.014815
0 0.607812 0.177778 0.003125 0.014815
0 0.601042 0.178704 0.004167 0.016667
0 0.588021 0.195370 0.021875 0.072222
0 0.552083 0.212963 0.014583 0.018519
0 0.557292 0.197222 0.012500 0.024074
0 0.491667 0.072222 0.006250 0.018519
0 0.544271 0.093519 0.003125 0.012963
