0 0.726103 0.501307 0.021324 0.058824
0 0.615441 0.454902 0.102941 0.094118
0 0.875735 0.391503 0.061765 0.098039
0 0.954044 0.107843 0.059559 0.056209
0 0.897059 0.107190 0.042647 0.060131
0 0.870956 0.058824 0.034559 0.052288
0 0.763603 0.098039 0.037500 0.057516
0 0.708456 0.108497 0.036029 0.054902
0 0.625735 0.152941 0.032353 0.070588
0 0.417279 0.038562 0.049265 0.043137
0 0.484926 0.050327 0.025735 0.058824
0 0.477574 0.237255 0.033088 0.082353
0 0.379779 0.133987 0.062500 0.061438
0 0.372426 0.179085 0.071324 0.060131
0 0.382721 0.284314 0.083088 0.064052
0 0.407353 0.343791 0.013235 0.060131
0 0.385294 0.354248 0.039706 0.044444
0 0.191176 0.050980 0.058824 0.060131
0 0.113971 0.126144 0.023529 0.027451
0 0.055515 0.159477 0.028676 0.033987
0 0.045588 0.168627 0.020588 0.031373
0 0.237132 0.122222 0.009559 0.045752
0 0.231618 0.166667 0.010294 0.050980
0 0.218382 0.161438 0.010294 0.053595
0 0.188235 0.123529 0.008824 0.040523
0 0.182353 0.124837 0.013235 0.037908
0 0.173162 0.128105 0.008088 0.036601
0 0.165809 0.122222 0.009559 0.043137
0 0.155147 0.122876 0.008824 0.036601
0 0.154044 0.114379 0.009559 0.040523
0 0.145221 0.118301 0.008088 0.040523
0 0.152206 0.149020 0.026471 0.028758
0 0.082353 0.196078 0.017647 0.047059
0 0.090074 0.195425 0.015441 0.053595
0 0.131250 0.205882 0.058088 0.082353
0 0.109191 0.237255 0.012500 0.032680
0 0.186765 0.214379 0.070588 0.149020
0 0.215441 0.253595 0.010294 0.047059
0 0.216912 0.260784 0.029412 0.035294
0 0.176103 0.373203 0.013971 0.058824
0 0.245221 0.384967 0.056618 0.064052
0 0.245956 0.480392 0.013971 0.050980
0 0.493382 0.757516 0.058824 0.189542
0 0.421691 0.669935 0.061029 0.184314
0 0.303309 0.901307 0.047794 0.061438
0 0.298897 0.869935 0.056618 0.061438
0 0.300735 0.510458 0.129412 0.111111
0 0.180147 0.884314 0.026471 0.077124
0 0.161765 0.856863 0.016176 0.064052
0 0.174265 0.833987 0.019118 0.070588
0 0.211397 0.852288 0.018382 0.073203
0 0.188603 0.816340 0.019853 0.074510
0 0.207721 0.673856 0.016912 0.061438
0 0.209926 0.644444 0.015441 0.065359
0 0.220588 0.741830 0.044118 0.058824
0 0.234191 0.784314 0.037500 0.073203
0 0.253676 0.764706 0.016176 0.067974
