0 0.220956 0.073856 0.012500 0.035294
0 0.229412 0.083007 0.036765 0.061438
0 0.626838 0.235294 0.088971 0.086275
0 0.550735 0.166013 0.023529 0.083660
0 0.488235 0.136601 0.013235 0.040523
0 0.495956 0.045752 0.011029 0.041830
0 0.495588 0.058824 0.011765 0.033987
0 0.488971 0.154902 0.010294 0.037908
0 0.497059 0.455556 0.020588 0.082353
0 0.533824 0.624183 0.057353 0.181699
0 0.802941 0.550980 0.022059 0.050980
0 0.822426 0.375163 0.021324 0.078431
0 0.698162 0.081699 0.013971 0.053595
0 0.713603 0.082353 0.011029 0.054902
0 0.734926 0.154902 0.016912 0.048366
