0 0.415625 0.507407 0.014583 0.040741
0 0.418750 0.531481 0.031250 0.048148
0 0.068750 0.798148 0.047917 0.051852
0 0.182812 0.756481 0.092708 0.153704
0 0.353125 0.739815 0.060417 0.161111
0 0.496875 0.876852 0.058333 0.190741
0 0.213021 0.500926 0.026042 0.057407
0 0.285938 0.518519 0.071875 0.096296
0 0.342708 0.601852 0.050000 0.100000
0 0.383854 0.462037 0.042708 0.094444
0 0.509375 0.516667 0.035417 0.085185
0 0.683333 0.724074 0.085417 0.118519
0 0.586979 0.554630 0.059375 0.205556
0 0.452083 0.400000 0.035417 0.070370
0 0.369792 0.328704 0.033333 0.061111
0 0.319792 0.335185 0.035417 0.059259
0 0.482292 0.302778 0.031250 0.057407
0 0.425000 0.329630 0.033333 0.062963
0 0.638542 0.382407 0.066667 0.064815
0 0.697396 0.669444 0.076042 0.079630
0 0.691146 0.570370 0.078125 0.100000
0 0.688542 0.522222 0.066667 0.085185
0 0.831771 0.853704 0.044792 0.055556
0 0.815625 0.749074 0.043750 0.061111
0 0.847917 0.773148 0.035417 0.057407
0 0.500000 0.237963 0.037500 0.035185
0 0.359375 0.205556 0.039583 0.033333
0 0.285938 0.307407 0.009375 0.048148
0 0.296875 0.296296 0.014583 0.044444
0 0.404167 0.256481 0.039583 0.050000
0 0.491146 0.135185 0.019792 0.044444
0 0.451042 0.247222 0.027083 0.057407
0 0.466146 0.196296 0.028125 0.059259
0 0.518750 0.142593 0.020833 0.040741
0 0.569792 0.105556 0.020833 0.037037
0 0.425521 0.091667 0.017708 0.027778
0 0.445833 0.061111 0.029167 0.029630
0 0.495312 0.031481 0.028125 0.029630
0 0.388021 0.071296 0.023958 0.024074
0 0.397396 0.057407 0.021875 0.029630
0 0.417708 0.012037 0.016667 0.020370
0 0.546875 0.043519 0.033333 0.027778
0 0.523438 0.039815 0.007292 0.024074
0 0.530729 0.038889 0.005208 0.029630
0 0.538021 0.026852 0.003125 0.020370
0 0.540625 0.025926 0.004167 0.018519
