0 0.325368 0.059477 0.086029 0.066667
0 0.198529 0.069935 0.055882 0.071895
0 0.608456 0.278431 0.108088 0.083660
0 0.569485 0.047712 0.078676 0.069281
0 0.587500 0.094118 0.047059 0.060131
0 0.586765 0.077124 0.007353 0.060131
0 0.609926 0.095425 0.011029 0.039216
0 0.578676 0.093464 0.011765 0.040523
0 0.527574 0.190196 0.012500 0.071895
0 0.510294 0.453595 0.022059 0.073203
0 0.505147 0.332026 0.019118 0.062745
0 0.492647 0.190196 0.010294 0.074510
0 0.505147 0.210458 0.017647 0.057516
0 0.504412 0.250980 0.008824 0.052288
0 0.506985 0.289542 0.013971 0.064052
