0 0.182721 0.453595 0.109559 0.143791
0 0.173162 0.637908 0.022794 0.057516
0 0.205882 0.631373 0.030882 0.070588
0 0.203309 0.618954 0.021324 0.048366
0 0.226838 0.733333 0.022794 0.086275
0 0.228309 0.724183 0.024265 0.057516
0 0.228309 0.926797 0.043382 0.096732
0 0.224265 0.911111 0.030882 0.057516
0 0.421691 0.077124 0.074265 0.088889
0 0.524632 0.324837 0.025735 0.048366
0 0.628676 0.199346 0.019118 0.045752
0 0.566912 0.405229 0.025000 0.047059
0 0.571691 0.808497 0.043382 0.048366
0 0.673529 0.695425 0.038235 0.070588
0 0.781618 0.747712 0.033824 0.073203
0 0.787132 0.736601 0.024265 0.048366
0 0.674632 0.678431 0.025735 0.060131
0 0.663603 0.659477 0.015441 0.050980
0 0.579412 0.798039 0.011765 0.027451
0 0.573529 0.802614 0.025000 0.073203
0 0.558088 0.790850 0.016176 0.049673
0 0.567647 0.388889 0.020588 0.058824
0 0.575368 0.378431 0.013971 0.043137
0 0.524632 0.313725 0.018382 0.057516
0 0.530882 0.300654 0.016176 0.047059
0 0.644853 0.036601 0.017647 0.044444
0 0.645956 0.094118 0.071324 0.122876
0 0.860662 0.400654 0.018382 0.058824
0 0.863235 0.383007 0.023529 0.054902
0 0.952941 0.394118 0.025000 0.056209
