0 0.326838 0.892157 0.077206 0.194771
0 0.505515 0.716993 0.074265 0.118954
0 0.277941 0.686928 0.020588 0.066667
0 0.276471 0.715033 0.022059 0.060131
0 0.100000 0.707190 0.016176 0.057516
0 0.098529 0.739216 0.041176 0.074510
0 0.784559 0.785621 0.019118 0.070588
0 0.781985 0.805229 0.018382 0.070588
0 0.976838 0.734641 0.009559 0.062745
0 0.962868 0.706536 0.018382 0.061438
0 0.984926 0.724837 0.018382 0.077124
0 0.837868 0.666667 0.016912 0.044444
0 0.823897 0.638562 0.034559 0.045752
0 0.784926 0.615033 0.074265 0.082353
0 0.674265 0.605882 0.010294 0.030065
0 0.657721 0.505882 0.015441 0.033987
0 0.657721 0.514379 0.016912 0.032680
0 0.158456 0.472549 0.086029 0.134641
0 0.195221 0.392157 0.050735 0.041830
0 0.104412 0.332680 0.042647 0.035294
0 0.237500 0.339216 0.050000 0.037908
0 0.291176 0.322876 0.025000 0.031373
0 0.539706 0.373856 0.023529 0.039216
0 0.509559 0.349673 0.005882 0.019608
0 0.509559 0.362092 0.005882 0.026144
0 0.626103 0.450980 0.008088 0.036601
0 0.625368 0.462092 0.006618 0.027451
0 0.639706 0.450980 0.007353 0.041830
0 0.648897 0.450980 0.006618 0.039216
0 0.718382 0.535294 0.060294 0.069281
0 0.731985 0.487582 0.041912 0.041830
0 0.691912 0.486928 0.035294 0.045752
0 0.708456 0.441176 0.021324 0.024837
0 0.672059 0.454248 0.035294 0.045752
0 0.648529 0.412418 0.029412 0.040523
0 0.631985 0.381699 0.031618 0.044444
0 0.663603 0.368627 0.021324 0.023529
0 0.622059 0.343791 0.022059 0.041830
0 0.649265 0.294771 0.005882 0.032680
0 0.658456 0.296732 0.006618 0.015686
0 0.624632 0.315686 0.018382 0.014379
0 0.601471 0.315686 0.019118 0.035294
0 0.594118 0.292157 0.013235 0.024837
0 0.439706 0.303268 0.019118 0.031373
0 0.431985 0.264706 0.016912 0.024837
0 0.516544 0.290196 0.018382 0.026144
0 0.511765 0.263399 0.016176 0.027451
0 0.473529 0.237908 0.013235 0.020915
0 0.419118 0.207843 0.011765 0.015686
0 0.420221 0.196078 0.003676 0.015686
0 0.424265 0.187582 0.008824 0.016993
0 0.433824 0.169281 0.013235 0.014379
0 0.438235 0.156863 0.008824 0.013072
0 0.486397 0.224837 0.003676 0.010458
0 0.498162 0.228105 0.003676 0.016993
0 0.498162 0.233987 0.006618 0.010458
0 0.510294 0.235948 0.011765 0.022222
0 0.517647 0.230065 0.002941 0.018301
0 0.491176 0.212418 0.004412 0.014379
0 0.490809 0.218954 0.003676 0.011765
0 0.486029 0.218301 0.002941 0.013072
0 0.503676 0.203922 0.010294 0.015686
0 0.450000 0.160784 0.002941 0.013072
0 0.449265 0.167974 0.005882 0.014379
0 0.491912 0.177124 0.002941 0.014379
0 0.497059 0.173203 0.007353 0.011765
0 0.465441 0.159477 0.013235 0.013072
0 0.485294 0.158170 0.007353 0.013072
0 0.489706 0.146405 0.005882 0.010458
0 0.474632 0.149673 0.006618 0.009150
0 0.476103 0.145098 0.006618 0.010458
0 0.475000 0.139216 0.005882 0.009150
0 0.459926 0.126144 0.011029 0.009150
0 0.475000 0.133987 0.005882 0.009150
0 0.474632 0.129412 0.005147 0.007843
0 0.484559 0.124837 0.005882 0.009150
0 0.477206 0.118954 0.004412 0.007843
0 0.369485 0.190196 0.016912 0.016993
0 0.385662 0.188235 0.011029 0.015686
0 0.380147 0.201307 0.011765 0.015686
0 0.370221 0.209804 0.012500 0.016993
0 0.339706 0.203268 0.017647 0.016993
0 0.333824 0.228758 0.026471 0.018301
0 0.328309 0.271242 0.018382 0.022222
0 0.324632 0.262092 0.036029 0.022222
0 0.338603 0.250327 0.016912 0.016993
0 0.584559 0.283007 0.016176 0.027451
0 0.575368 0.264052 0.012500 0.026144
0 0.572059 0.238562 0.023529 0.019608
0 0.559191 0.227451 0.011029 0.015686
0 0.538971 0.193464 0.011765 0.015686
0 0.531985 0.179085 0.012500 0.013072
