0 0.271691 0.146405 0.011029 0.015686
0 0.283456 0.183660 0.015441 0.016993
0 0.163603 0.211111 0.036029 0.019608
0 0.913235 0.729412 0.036765 0.054902
0 0.915441 0.718301 0.022059 0.050980
0 0.711765 0.647712 0.085294 0.074510
0 0.584926 0.370588 0.027206 0.045752
0 0.577574 0.368627 0.009559 0.026144
0 0.372059 0.105229 0.005882 0.009150
0 0.383456 0.109804 0.009559 0.028758
0 0.391176 0.124183 0.004412 0.013072
0 0.373897 0.152288 0.009559 0.014379
0 0.396691 0.148366 0.013971 0.024837
0 0.402206 0.177124 0.011765 0.016993
0 0.459191 0.249673 0.019853 0.020915
0 0.477206 0.225490 0.005882 0.014379
0 0.491912 0.105882 0.029412 0.018301
0 0.711397 0.254248 0.024265 0.027451
0 0.598162 0.275817 0.030147 0.026144
0 0.571324 0.126797 0.036765 0.023529
0 0.508088 0.136601 0.038235 0.024837
0 0.636397 0.302614 0.030147 0.024837
0 0.653676 0.299346 0.027941 0.026144
0 0.622426 0.287582 0.022794 0.020915
0 0.637132 0.284314 0.021324 0.022222
