0 0.130515 0.525490 0.053676 0.041830
0 0.236029 0.818301 0.014706 0.044444
0 0.235662 0.842484 0.021324 0.045752
0 0.433088 0.912418 0.060294 0.122876
0 0.475735 0.738562 0.048529 0.096732
0 0.528309 0.525490 0.028676 0.047059
0 0.515441 0.596732 0.029412 0.053595
0 0.570588 0.524183 0.022059 0.039216
0 0.641544 0.463399 0.018382 0.035294
0 0.514338 0.476471 0.021324 0.035294
0 0.441176 0.469935 0.023529 0.032680
0 0.475000 0.409804 0.020588 0.024837
0 0.543750 0.455556 0.021324 0.040523
0 0.612500 0.411765 0.017647 0.026144
0 0.558456 0.404575 0.015441 0.027451
0 0.496691 0.645752 0.031618 0.078431
0 0.612500 0.349673 0.013235 0.019608
0 0.458824 0.435948 0.007353 0.019608
0 0.467279 0.573203 0.011029 0.035294
0 0.468015 0.579739 0.009559 0.030065
0 0.647059 0.569281 0.007353 0.037908
0 0.668015 0.487582 0.008088 0.031373
0 0.659559 0.576471 0.010294 0.047059
0 0.660662 0.580392 0.011029 0.047059
0 0.716176 0.584967 0.007353 0.035294
0 0.715441 0.594771 0.017647 0.026144
0 0.546691 0.723529 0.038971 0.079739
0 0.555882 0.592157 0.029412 0.070588
0 0.757353 0.521569 0.025000 0.039216
0 0.748162 0.497386 0.025735 0.035294
0 0.737500 0.473203 0.022059 0.028758
0 0.730515 0.451634 0.019853 0.027451
0 0.573162 0.467320 0.021324 0.043137
0 0.540074 0.429412 0.024265 0.030065
0 0.538603 0.411111 0.015441 0.024837
0 0.583088 0.367320 0.013235 0.020915
0 0.566912 0.345752 0.011765 0.019608
0 0.613235 0.326797 0.011765 0.015686
0 0.619485 0.288889 0.008088 0.015686
0 0.794853 0.507843 0.005882 0.030065
0 0.786397 0.502614 0.006618 0.030065
0 0.771324 0.511111 0.005882 0.033987
0 0.649632 0.422222 0.006618 0.010458
0 0.658824 0.420915 0.005882 0.013072
0 0.649265 0.426144 0.005882 0.010458
0 0.659191 0.427451 0.005147 0.007843
0 0.580882 0.326144 0.004412 0.016993
0 0.637500 0.350980 0.004412 0.011765
0 0.642279 0.350327 0.003676 0.010458
0 0.637500 0.358824 0.004412 0.011765
0 0.642279 0.358824 0.003676 0.011765
0 0.686029 0.356863 0.004412 0.015686
0 0.696324 0.360131 0.004412 0.011765
0 0.693750 0.351634 0.005147 0.010458
0 0.692647 0.356863 0.004412 0.013072
0 0.694485 0.366013 0.003676 0.013072
0 0.637132 0.326144 0.005147 0.009150
0 0.637868 0.332680 0.005147 0.009150
0 0.635662 0.299346 0.003676 0.010458
0 0.635294 0.305882 0.004412 0.007843
0 0.576838 0.434641 0.019853 0.030065
0 0.579779 0.409150 0.015441 0.023529
0 0.584191 0.389542 0.015441 0.023529
0 0.614706 0.388889 0.016176 0.019608
0 0.612132 0.311765 0.009559 0.014379
0 0.615809 0.300654 0.008088 0.010458
0 0.499632 0.365359 0.013971 0.022222
0 0.505147 0.357516 0.011765 0.016993
0 0.511765 0.349673 0.011765 0.016993
0 0.530515 0.312418 0.011029 0.015686
0 0.554044 0.271895 0.008088 0.015686
0 0.590441 0.266667 0.007353 0.013072
0 0.600735 0.266013 0.007353 0.011765
0 0.612868 0.280392 0.008088 0.011765
0 0.618382 0.269281 0.007353 0.010458
0 0.579044 0.279085 0.005147 0.009150
0 0.578676 0.277778 0.002941 0.006536
0 0.629779 0.277124 0.003676 0.007843
0 0.629412 0.281699 0.004412 0.006536
0 0.649632 0.419608 0.006618 0.018301
0 0.560662 0.255556 0.005147 0.011765
0 0.858456 0.535948 0.008088 0.036601
0 0.874265 0.545752 0.010294 0.035294
0 0.812132 0.526144 0.009559 0.035294
0 0.936029 0.564052 0.008824 0.035294
0 0.950000 0.564706 0.007353 0.026144
0 0.686397 0.342484 0.013971 0.015686
0 0.682721 0.331373 0.011029 0.014379
0 0.677941 0.318954 0.010294 0.015686
0 0.748162 0.340523 0.012500 0.014379
0 0.977206 0.750980 0.016176 0.048366
0 0.979044 0.758824 0.034559 0.032680
