0 0.698897 0.541830 0.009559 0.048366
0 0.559191 0.365359 0.005147 0.030065
0 0.549632 0.371242 0.005147 0.033987
0 0.422794 0.258824 0.004412 0.028758
0 0.320588 0.512418 0.008824 0.049673
0 0.953309 0.752941 0.030147 0.060131
0 0.914706 0.763399 0.027941 0.070588
0 0.879412 0.769281 0.022059 0.053595
0 0.896691 0.768627 0.024265 0.057516
0 0.638235 0.373856 0.019118 0.026144
0 0.657721 0.375817 0.021324 0.019608
0 0.731985 0.375817 0.019853 0.022222
0 0.761765 0.379085 0.010294 0.031373
0 0.861765 0.571895 0.082353 0.058824
0 0.828676 0.498039 0.070588 0.060131
0 0.490809 0.560784 0.031618 0.067974
0 0.433824 0.482353 0.030882 0.065359
0 0.450735 0.304575 0.020588 0.039216
0 0.403676 0.282353 0.020588 0.041830
0 0.487868 0.209150 0.015441 0.023529
0 0.485662 0.130065 0.011029 0.019608
0 0.527574 0.194118 0.024265 0.024837
0 0.511397 0.137255 0.012500 0.020915
0 0.466176 0.113072 0.011765 0.019608
0 0.472059 0.050980 0.007353 0.010458
0 0.486029 0.052941 0.005882 0.011765
0 0.504044 0.041830 0.006618 0.010458
0 0.485662 0.035294 0.006618 0.007843
0 0.502941 0.067320 0.008824 0.011765
0 0.763971 0.864706 0.105882 0.082353
0 0.743382 0.737908 0.102941 0.077124
0 0.716176 0.639216 0.082353 0.065359
0 0.695221 0.377778 0.055147 0.044444
0 0.561397 0.353595 0.024265 0.037908
0 0.558456 0.392157 0.024265 0.044444
0 0.419118 0.251634 0.019118 0.035294
0 0.396691 0.123529 0.022794 0.016993
0 0.443382 0.095425 0.010294 0.018301
0 0.451103 0.084967 0.009559 0.013072
0 0.470956 0.065359 0.006618 0.010458
0 0.492647 0.083660 0.007353 0.013072
0 0.557353 0.149020 0.026471 0.015686
0 0.557353 0.155556 0.026471 0.018301
0 0.594485 0.103922 0.022794 0.016993
0 0.583824 0.079739 0.019118 0.013072
0 0.573529 0.072549 0.019118 0.014379
0 0.543750 0.071242 0.008088 0.014379
0 0.560294 0.113072 0.016176 0.016993
0 0.600368 0.149020 0.003676 0.015686
0 0.577206 0.081046 0.004412 0.015686
0 0.562868 0.050980 0.002206 0.010458
0 0.518382 0.220915 0.005882 0.018301
0 0.452206 0.149020 0.004412 0.018301
0 0.474265 0.041176 0.005882 0.011765
0 0.453309 0.052941 0.008088 0.019608
0 0.486029 0.088235 0.013235 0.040523
0 0.514706 0.326797 0.035294 0.149020
0 0.390074 0.822222 0.058088 0.185621
0 0.309926 0.177124 0.024265 0.043137
0 0.344853 0.160784 0.033824 0.067974
0 0.322426 0.153595 0.028676 0.048366
0 0.408824 0.209150 0.070588 0.060131
0 0.311397 0.259477 0.049265 0.105882
0 0.486765 0.420915 0.023529 0.057516
0 0.518015 0.228105 0.005147 0.016993
0 0.452206 0.152941 0.004412 0.010458
0 0.331985 0.583660 0.034559 0.087582
