0 0.893750 0.339216 0.016912 0.014379
0 0.886765 0.338562 0.017647 0.013072
0 0.885662 0.336601 0.013971 0.014379
0 0.881985 0.334641 0.015441 0.010458
0 0.870221 0.328758 0.015441 0.014379
0 0.864338 0.327451 0.013971 0.011765
0 0.862500 0.324837 0.016176 0.009150
0 0.862132 0.316340 0.022794 0.018301
0 0.908088 0.329412 0.019118 0.010458
0 0.899632 0.326144 0.013971 0.009150
0 0.931250 0.339216 0.022794 0.011765
0 0.923897 0.335948 0.016912 0.010458
0 0.930147 0.326797 0.016176 0.010458
0 0.932721 0.328758 0.016912 0.011765
0 0.938235 0.330065 0.017647 0.011765
0 0.940074 0.332680 0.012500 0.009150
0 0.952941 0.337255 0.019118 0.013072
0 0.954044 0.339216 0.016912 0.011765
0 0.961765 0.339869 0.019118 0.013072
0 0.976471 0.345098 0.020588 0.015686
0 0.966912 0.326144 0.013235 0.009150
0 0.975368 0.328758 0.012500 0.009150
0 0.848162 0.486928 0.009559 0.030065
0 0.885662 0.500000 0.008088 0.032680
0 0.921691 0.501961 0.005147 0.036601
0 0.968382 0.507190 0.007353 0.033987
0 0.912500 0.502614 0.005882 0.032680
0 0.915441 0.503922 0.005882 0.022222
0 0.907721 0.500654 0.008088 0.031373
0 0.880882 0.490850 0.011765 0.030065
0 0.875735 0.490850 0.008824 0.030065
0 0.858824 0.479085 0.008824 0.027451
0 0.857353 0.475163 0.007353 0.027451
0 0.866176 0.477778 0.008824 0.030065
0 0.865074 0.474510 0.006618 0.028758
0 0.070221 0.633987 0.027206 0.039216
0 0.067279 0.621569 0.015441 0.040523
0 0.129412 0.624183 0.017647 0.032680
