0 0.941544 0.891503 0.037500 0.125490
0 0.370221 0.107843 0.009559 0.045752
0 0.579044 0.089542 0.011029 0.037908
0 0.562500 0.075817 0.011765 0.031373
0 0.540441 0.068627 0.010294 0.030065
0 0.521691 0.285621 0.011029 0.032680
0 0.516912 0.273856 0.017647 0.050980
0 0.346691 0.579739 0.025735 0.077124
0 0.168750 0.228758 0.012500 0.041830
0 0.167279 0.225490 0.013971 0.045752
0 0.091912 0.083660 0.010294 0.036601
0 0.407721 0.292810 0.066912 0.078431
0 0.199632 0.132680 0.041912 0.058824
0 0.054412 0.216993 0.094118 0.075817
0 0.796324 0.432680 0.057353 0.117647
0 0.551103 0.418301 0.090441 0.109804
0 0.407353 0.101307 0.064706 0.050980
0 0.377941 0.061438 0.047059 0.044444
0 0.464706 0.082353 0.033824 0.067974
0 0.422794 0.041176 0.026471 0.045752
0 0.352941 0.042484 0.060294 0.048366
0 0.588971 0.107843 0.023529 0.032680
0 0.575368 0.088235 0.016912 0.030065
0 0.523529 0.071242 0.025000 0.027451
0 0.486029 0.043791 0.019118 0.024837
0 0.476103 0.050980 0.022794 0.028758
0 0.538235 0.084314 0.016176 0.024837
0 0.562868 0.091503 0.008088 0.028758
0 0.543015 0.072549 0.021324 0.022222
0 0.516544 0.286928 0.018382 0.045752
0 0.343382 0.591503 0.033824 0.084967
0 0.169853 0.234641 0.016176 0.043137
0 0.242647 0.211765 0.042647 0.078431
0 0.181985 0.056863 0.027206 0.043137
0 0.177574 0.050327 0.012500 0.035294
