0 0.748437 0.862500 0.118750 0.104630
0 0.304167 0.861111 0.035417 0.051852
0 0.334375 0.820370 0.018750 0.053704
0 0.511198 0.939815 0.072396 0.120370
0 0.479948 0.831019 0.053646 0.084259
0 0.399479 0.821296 0.059375 0.090741
0 0.414323 0.772685 0.050521 0.056481
0 0.407031 0.725000 0.026562 0.031481
0 0.452865 0.689815 0.030729 0.044444
0 0.601302 0.895370 0.018229 0.083333
0 0.601562 0.912500 0.020833 0.075000
0 0.603906 0.787500 0.017188 0.060185
0 0.603646 0.796296 0.014583 0.046296
0 0.576823 0.688889 0.007812 0.042593
0 0.488281 0.751389 0.035937 0.060185
0 0.492708 0.713426 0.032292 0.050926
0 0.576562 0.699074 0.008333 0.035185
0 0.566146 0.651852 0.006250 0.031481
0 0.565885 0.659259 0.005729 0.024074
0 0.560677 0.644907 0.005729 0.019444
0 0.497396 0.681019 0.029167 0.049074
0 0.495052 0.658333 0.025521 0.035185
0 0.503125 0.645833 0.021875 0.030556
0 0.507031 0.629630 0.019271 0.025926
0 0.511979 0.615741 0.016667 0.027778
0 0.536979 0.615741 0.016667 0.027778
0 0.535417 0.630556 0.020833 0.033333
0 0.556250 0.571296 0.014583 0.022222
0 0.557031 0.580556 0.013021 0.022222
0 0.522656 0.595833 0.027604 0.019444
0 0.529167 0.600000 0.032292 0.022222
0 0.478906 0.596296 0.035937 0.020370
0 0.488021 0.600926 0.006250 0.020370
0 0.487760 0.607407 0.005729 0.016667
0 0.505990 0.583796 0.005729 0.013889
0 0.506250 0.588426 0.006250 0.015741
