0 0.277941 0.654902 0.050000 0.151634
0 0.250000 0.601961 0.014706 0.077124
0 0.230882 0.590196 0.013235 0.069281
0 0.450368 0.775817 0.013971 0.061438
0 0.454779 0.791503 0.008088 0.043137
0 0.398897 0.803922 0.077206 0.305882
0 0.395956 0.362745 0.046324 0.126797
0 0.570221 0.543137 0.041912 0.103268
0 0.559559 0.415033 0.038235 0.082353
0 0.282721 0.490850 0.011029 0.056209
0 0.277206 0.524837 0.011765 0.056209
0 0.281985 0.516993 0.006618 0.037908
0 0.270956 0.544444 0.012500 0.045752
0 0.691912 0.608497 0.016176 0.066667
0 0.874265 0.377124 0.020588 0.050980
0 0.877941 0.370588 0.010294 0.045752
0 0.839338 0.188235 0.049265 0.060131
0 0.938603 0.133987 0.043382 0.043137
0 0.905882 0.133333 0.033824 0.041830
0 0.871691 0.131373 0.040441 0.048366
0 0.867279 0.158824 0.009559 0.030065
0 0.255147 0.483007 0.013235 0.056209
0 0.084191 0.027451 0.009559 0.036601
0 0.640074 0.494118 0.031618 0.028758
0 0.638971 0.479085 0.023529 0.032680
0 0.642647 0.493464 0.010294 0.053595
0 0.648529 0.423529 0.011765 0.054902
0 0.633088 0.437908 0.010294 0.054902
0 0.617279 0.388235 0.012500 0.054902
0 0.628309 0.425490 0.009559 0.053595
0 0.661397 0.467320 0.015441 0.048366
0 0.545588 0.309804 0.033824 0.078431
0 0.467279 0.230065 0.028676 0.057516
0 0.413235 0.201961 0.029412 0.071895
0 0.360662 0.120915 0.036029 0.053595
0 0.402206 0.103922 0.023529 0.050980
0 0.472794 0.090196 0.022059 0.039216
0 0.464706 0.044444 0.022059 0.036601
0 0.508456 0.090850 0.024265 0.045752
0 0.512868 0.050327 0.021324 0.035294
0 0.466176 0.158170 0.025000 0.060131
0 0.447059 0.091503 0.017647 0.041830
0 0.527941 0.130719 0.025000 0.047059
0 0.533088 0.241176 0.027941 0.058824
