0 0.175735 0.919608 0.045588 0.108497
0 0.191912 0.754248 0.017647 0.081046
0 0.515074 0.069281 0.005147 0.020915
0 0.515441 0.068627 0.004412 0.014379
0 0.583824 0.360784 0.005882 0.031373
0 0.580515 0.114379 0.003676 0.011765
0 0.556250 0.032026 0.033088 0.030065
0 0.583456 0.016993 0.003676 0.013072
0 0.579779 0.015033 0.005147 0.014379
0 0.551471 0.359477 0.035294 0.023529
0 0.571691 0.369281 0.013971 0.016993
0 0.551103 0.386928 0.033088 0.031373
0 0.552574 0.441830 0.033088 0.031373
0 0.555882 0.474510 0.035294 0.028758
0 0.555882 0.522222 0.038235 0.037908
0 0.558824 0.562745 0.038235 0.030065
0 0.583824 0.537908 0.004412 0.006536
0 0.579779 0.593464 0.005147 0.010458
0 0.552206 0.625490 0.038235 0.024837
0 0.559191 0.701307 0.033088 0.027451
0 0.554412 0.823529 0.036765 0.028758
0 0.524632 0.662745 0.013971 0.065359
0 0.518382 0.927451 0.014706 0.069281
0 0.589338 0.905882 0.003676 0.013072
0 0.486029 0.777124 0.016176 0.069281
0 0.455147 0.732680 0.016176 0.069281
0 0.449265 0.876471 0.016176 0.069281
0 0.429412 0.797386 0.005882 0.023529
0 0.429779 0.795425 0.006618 0.014379
0 0.408824 0.907190 0.004412 0.023529
0 0.415441 0.909804 0.004412 0.010458
0 0.069118 0.503922 0.029412 0.027451
0 0.382721 0.956209 0.030147 0.058824
0 0.218015 0.639869 0.019853 0.056209
0 0.149265 0.502614 0.032353 0.027451
0 0.223529 0.467974 0.014706 0.057516
0 0.228676 0.301961 0.017647 0.065359
0 0.180147 0.428105 0.013235 0.050980
0 0.205515 0.290850 0.022794 0.061438
0 0.070588 0.304575 0.008824 0.013072
0 0.069118 0.365359 0.008824 0.011765
0 0.056618 0.271895 0.020588 0.062745
0 0.040809 0.310458 0.018382 0.032680
0 0.209926 0.081046 0.005147 0.015686
0 0.199265 0.023529 0.005882 0.015686
0 0.201838 0.142484 0.022794 0.091503
0 0.383088 0.873203 0.039706 0.031373
0 0.396324 0.790850 0.011765 0.020915
0 0.556985 0.115686 0.028676 0.024837
0 0.559926 0.174510 0.028676 0.030065
0 0.554779 0.293464 0.031618 0.030065
0 0.395221 0.077778 0.030147 0.035294
0 0.363603 0.084967 0.009559 0.031373
0 0.374265 0.095425 0.004412 0.013072
0 0.394853 0.128105 0.030882 0.036601
0 0.419485 0.288235 0.018382 0.066667
0 0.428676 0.262745 0.005882 0.013072
0 0.445221 0.243137 0.015441 0.065359
0 0.530515 0.337255 0.003676 0.015686
0 0.392279 0.177124 0.003676 0.011765
0 0.345221 0.187582 0.003676 0.011765
0 0.459559 0.558824 0.004412 0.011765
0 0.438235 0.576471 0.010294 0.041830
0 0.438235 0.587582 0.005882 0.016993
0 0.391544 0.507843 0.036029 0.048366
0 0.386765 0.566013 0.038235 0.036601
0 0.412500 0.527451 0.004412 0.024837
0 0.444853 0.617647 0.004412 0.022222
0 0.415441 0.787582 0.013235 0.024837
0 0.358456 0.797386 0.005147 0.013072
0 0.355882 0.746405 0.005882 0.013072
0 0.365074 0.500654 0.003676 0.007843
0 0.361397 0.498039 0.003676 0.010458
0 0.420956 0.616993 0.009559 0.031373
0 0.422794 0.626144 0.004412 0.010458
0 0.348897 0.913072 0.003676 0.009150
0 0.364338 0.894118 0.005147 0.007843
0 0.360662 0.898693 0.003676 0.006536
0 0.371324 0.933987 0.004412 0.009150
0 0.354412 0.946405 0.005882 0.007843
0 0.354044 0.963399 0.005147 0.010458
0 0.532353 0.039869 0.004412 0.030065
0 0.148162 0.939216 0.005147 0.024837
