0 0.265625 0.879167 0.088542 0.160185
0 0.314063 0.940741 0.077083 0.114815
0 0.309635 0.677778 0.057813 0.105556
0 0.343750 0.542130 0.046875 0.080556
0 0.161198 0.844907 0.082812 0.180556
0 0.378646 0.432870 0.037500 0.062037
0 0.396875 0.366667 0.026042 0.050000
0 0.441927 0.353241 0.024479 0.045370
0 0.473698 0.391667 0.027604 0.050000
0 0.161719 0.431481 0.053646 0.079630
0 0.349219 0.365278 0.006771 0.030556
0 0.354427 0.361111 0.004687 0.037037
0 0.357812 0.360185 0.005208 0.024074
0 0.357031 0.368981 0.018229 0.019444
0 0.374740 0.180556 0.022396 0.035185
0 0.402344 0.213426 0.029687 0.034259
0 0.463281 0.240278 0.020313 0.036111
0 0.474219 0.196296 0.016146 0.029630
0 0.542708 0.244444 0.023958 0.033333
0 0.511979 0.186574 0.014583 0.026852
0 0.545833 0.174074 0.015625 0.027778
0 0.494792 0.131944 0.014583 0.025000
0 0.479687 0.091667 0.012500 0.022222
0 0.402604 0.090278 0.014583 0.023148
0 0.463281 0.049074 0.009896 0.016667
0 0.446615 0.034722 0.009896 0.015741
0 0.491146 0.038889 0.011458 0.016667
0 0.508333 0.016667 0.008333 0.014815
0 0.510938 0.006019 0.009375 0.010185
0 0.544531 0.381944 0.007812 0.030556
0 0.545312 0.388889 0.007292 0.027778
0 0.013802 0.075926 0.024479 0.025926
0 0.030469 0.075463 0.022396 0.023148
0 0.047917 0.078704 0.018750 0.020370
0 0.051302 0.067593 0.018229 0.020370
0 0.036458 0.064815 0.018750 0.018519
0 0.329688 0.114352 0.004167 0.023148
0 0.358333 0.075926 0.003125 0.020370
0 0.366146 0.067130 0.003125 0.021296
0 0.364063 0.068981 0.003125 0.017593
0 0.354948 0.068519 0.003646 0.018519
0 0.348438 0.076389 0.004167 0.019444
0 0.431771 0.211574 0.005208 0.030556
0 0.535156 0.196296 0.004687 0.027778
0 0.529687 0.193981 0.004167 0.028704
0 0.535417 0.181019 0.006250 0.021296
0 0.563281 0.157870 0.003646 0.026852
0 0.391927 0.036574 0.011979 0.017593
0 0.397656 0.028241 0.011979 0.015741
0 0.405208 0.020833 0.011458 0.015741
0 0.408594 0.011111 0.008854 0.012963
0 0.433073 0.013889 0.025521 0.027778
0 0.417708 0.004630 0.009375 0.009259
0 0.407292 0.031481 0.003125 0.012963
0 0.407292 0.035648 0.004167 0.010185
0 0.539844 0.043981 0.002604 0.017593
0 0.533594 0.047685 0.002604 0.012037
0 0.532813 0.050926 0.005208 0.011111
0 0.727083 0.226852 0.009375 0.016667
0 0.692708 0.204630 0.046875 0.027778
0 0.685156 0.191667 0.046354 0.025926
0 0.679948 0.176389 0.032813 0.026852
0 0.679948 0.167593 0.040104 0.024074
0 0.676823 0.155093 0.035937 0.026852
0 0.670573 0.150463 0.031771 0.025000
0 0.672656 0.140278 0.036979 0.023148
0 0.666667 0.133333 0.035417 0.022222
0 0.667708 0.124537 0.035417 0.023148
0 0.661719 0.115278 0.031771 0.025000
0 0.663542 0.098148 0.032292 0.022222
0 0.650521 0.078704 0.033333 0.027778
0 0.648177 0.063426 0.028646 0.019444
0 0.643750 0.052778 0.026042 0.014815
0 0.639323 0.044444 0.026562 0.014815
0 0.634635 0.038889 0.021354 0.014815
0 0.629687 0.012037 0.023958 0.018519
0 0.570573 0.020370 0.020313 0.016667
0 0.931771 0.160648 0.007292 0.030556
0 0.929948 0.266667 0.027604 0.051852
