0 0.639338 0.705229 0.016912 0.061438
0 0.637868 0.723529 0.016912 0.053595
0 0.584926 0.794771 0.077206 0.159477
0 0.552941 0.845098 0.017647 0.056209
0 0.550368 0.850327 0.022794 0.087582
0 0.222059 0.554248 0.010294 0.052288
0 0.260662 0.564052 0.011029 0.058824
0 0.274632 0.551634 0.015441 0.054902
0 0.295221 0.555556 0.011029 0.054902
0 0.308456 0.523529 0.012500 0.040523
0 0.332353 0.567320 0.008824 0.054902
0 0.378309 0.610458 0.016912 0.039216
0 0.011765 0.511765 0.013235 0.050980
0 0.012500 0.498693 0.010294 0.053595
0 0.013971 0.520261 0.023529 0.033987
0 0.119485 0.355556 0.018382 0.023529
0 0.177941 0.358170 0.022059 0.026144
0 0.436397 0.254902 0.006618 0.026144
0 0.241176 0.353595 0.022059 0.032680
0 0.286397 0.320261 0.009559 0.031373
0 0.342279 0.345098 0.013971 0.031373
0 0.279044 0.298693 0.012500 0.019608
0 0.463971 0.224837 0.005882 0.028758
0 0.478676 0.234641 0.007353 0.027451
0 0.478309 0.240523 0.006618 0.023529
0 0.444853 0.232680 0.007353 0.031373
0 0.712868 0.510458 0.052206 0.092810
0 0.555882 0.426797 0.044118 0.084967
0 0.607353 0.419608 0.058824 0.057516
0 0.176471 0.481046 0.160294 0.130719
0 0.595588 0.131373 0.017647 0.030065
0 0.538971 0.117647 0.016176 0.020915
0 0.475368 0.101307 0.015441 0.022222
0 0.463603 0.069935 0.013971 0.019608
0 0.476838 0.056863 0.011029 0.019608
0 0.509559 0.047059 0.011765 0.015686
0 0.459559 0.013072 0.010294 0.015686
0 0.437132 0.213072 0.005147 0.033987
0 0.577206 0.056863 0.025000 0.016993
0 0.551103 0.061438 0.021324 0.018301
0 0.546324 0.090196 0.004412 0.013072
0 0.545956 0.086275 0.003676 0.015686
0 0.682353 0.023529 0.019118 0.015686
0 0.681985 0.018301 0.018382 0.015686
0 0.726838 0.008497 0.018382 0.014379
0 0.737132 0.013072 0.016912 0.015686
0 0.746324 0.018954 0.016176 0.014379
0 0.751103 0.022222 0.018382 0.013072
0 0.819485 0.016340 0.018382 0.016993
0 0.821324 0.026797 0.022059 0.014379
0 0.798162 0.067974 0.024265 0.018301
0 0.816544 0.071242 0.025735 0.019608
0 0.843750 0.038562 0.025735 0.016993
0 0.862132 0.043791 0.027206 0.016993
0 0.846324 0.068627 0.025000 0.016993
0 0.857721 0.088889 0.024265 0.020915
0 0.859559 0.078431 0.023529 0.020915
0 0.864706 0.081046 0.026471 0.018301
0 0.894118 0.087582 0.027941 0.018301
0 0.894485 0.094771 0.030147 0.019608
0 0.902574 0.099346 0.025735 0.020915
0 0.925735 0.109150 0.026471 0.022222
0 0.933088 0.113725 0.027941 0.023529
0 0.937500 0.115033 0.022059 0.023529
0 0.926103 0.071895 0.022794 0.018301
0 0.934559 0.074510 0.026471 0.018301
0 0.930515 0.088889 0.021324 0.026144
0 0.942647 0.083007 0.023529 0.019608
0 0.964706 0.088889 0.026471 0.020915
0 0.987868 0.098693 0.022794 0.022222
0 0.978676 0.133333 0.032353 0.023529
0 0.955147 0.145752 0.036765 0.024837
0 0.967647 0.128105 0.032353 0.023529
0 0.953676 0.126144 0.025000 0.019608
