0 0.479412 0.116340 0.014706 0.062745
0 0.453676 0.150980 0.016176 0.066667
0 0.436765 0.345098 0.014706 0.065359
0 0.461397 0.377124 0.016912 0.064052
0 0.492279 0.320915 0.015441 0.061438
0 0.399632 0.582353 0.038971 0.050980
0 0.500368 0.561438 0.018382 0.066667
0 0.442279 0.458170 0.015441 0.066667
0 0.387868 0.159477 0.038971 0.031373
0 0.380515 0.206536 0.036029 0.036601
0 0.386765 0.067974 0.033824 0.039216
0 0.359559 0.152288 0.005882 0.024837
0 0.362132 0.179085 0.006618 0.013072
0 0.420221 0.183660 0.006618 0.022222
0 0.420588 0.181046 0.005882 0.009150
0 0.513971 0.269935 0.005882 0.011765
0 0.516544 0.288889 0.005147 0.010458
0 0.521691 0.250327 0.005147 0.014379
0 0.521691 0.252288 0.005147 0.020915
0 0.509559 0.449673 0.005882 0.010458
0 0.509559 0.449020 0.005882 0.022222
0 0.069118 0.716340 0.039706 0.031373
0 0.123529 0.649673 0.020588 0.073203
0 0.151838 0.641176 0.019853 0.069281
0 0.172059 0.652941 0.019118 0.066667
0 0.193750 0.650327 0.018382 0.074510
0 0.215441 0.647712 0.017647 0.069281
0 0.174632 0.767320 0.041912 0.031373
0 0.079044 0.786275 0.024265 0.022222
0 0.245588 0.681046 0.036765 0.031373
0 0.259926 0.767320 0.038971 0.033987
0 0.472426 0.621569 0.016912 0.064052
0 0.445956 0.632026 0.018382 0.066667
0 0.568382 0.597386 0.036765 0.033987
0 0.545588 0.705882 0.016176 0.057516
0 0.576471 0.869935 0.038235 0.043137
0 0.553309 0.254902 0.031618 0.049673
0 0.526838 0.297386 0.016912 0.064052
0 0.523897 0.381699 0.016912 0.065359
0 0.560662 0.302614 0.030147 0.040523
0 0.536029 0.528758 0.017647 0.064052
0 0.416912 0.304575 0.004412 0.013072
0 0.403309 0.532680 0.033088 0.037908
0 0.449265 0.545098 0.007353 0.023529
0 0.448897 0.544444 0.006618 0.011765
0 0.413235 0.711111 0.005882 0.007843
0 0.390074 0.843137 0.003676 0.015686
0 0.382721 0.845098 0.005147 0.009150
0 0.518750 0.631373 0.005147 0.020915
0 0.518382 0.628758 0.004412 0.010458
0 0.507721 0.746405 0.016912 0.062745
0 0.479412 0.838562 0.017647 0.071895
0 0.451838 0.890196 0.015441 0.073203
0 0.486397 0.953595 0.018382 0.066667
0 0.406985 0.914379 0.016912 0.071895
0 0.408088 0.821569 0.013235 0.064052
0 0.540809 0.899346 0.005147 0.023529
0 0.540441 0.900654 0.005882 0.010458
0 0.898162 0.668627 0.008088 0.006536
0 0.761765 0.991503 0.008824 0.009150
0 0.601471 0.981046 0.007353 0.011765
0 0.606985 0.975817 0.005147 0.011765
0 0.605515 0.879739 0.003676 0.010458
