0 0.813542 0.362500 0.034375 0.034259
0 0.828385 0.318056 0.032813 0.030556
0 0.395573 0.901389 0.085938 0.126852
0 0.323958 0.796759 0.083333 0.125000
0 0.143229 0.911574 0.111458 0.132407
0 0.154948 0.962500 0.134896 0.069444
0 0.262500 0.644907 0.073958 0.082407
0 0.029427 0.473148 0.030729 0.046296
0 0.064844 0.951389 0.017188 0.067593
0 0.910937 0.347222 0.009375 0.029630
0 0.022917 0.217593 0.035417 0.025926
0 0.062500 0.349074 0.007292 0.024074
0 0.104167 0.502778 0.013542 0.044444
0 0.121875 0.544907 0.011458 0.041667
0 0.123177 0.630093 0.010937 0.037963
0 0.131771 0.625000 0.006250 0.029630
0 0.088281 0.635185 0.011979 0.033333
0 0.265365 0.587500 0.014063 0.049074
0 0.146094 0.529167 0.026562 0.028704
0 0.383333 0.700926 0.023958 0.044444
0 0.487500 0.641204 0.019792 0.037963
0 0.393490 0.693981 0.019271 0.041667
0 0.405469 0.683333 0.019271 0.040741
0 0.417187 0.672685 0.013542 0.043519
0 0.429167 0.665741 0.015625 0.038889
0 0.439323 0.660185 0.016146 0.038889
0 0.453646 0.655556 0.015625 0.038889
0 0.471615 0.641667 0.016146 0.038889
0 0.493750 0.625463 0.019792 0.037963
0 0.502344 0.622685 0.020313 0.037963
0 0.515104 0.614352 0.019792 0.037963
0 0.525781 0.605093 0.020313 0.037963
0 0.543490 0.596296 0.020313 0.035185
0 0.550000 0.594907 0.019792 0.037963
0 0.559375 0.582870 0.019792 0.037963
0 0.568229 0.581019 0.019792 0.037963
0 0.579948 0.568981 0.020313 0.037963
0 0.596354 0.564352 0.019792 0.037963
0 0.609115 0.557870 0.020313 0.037963
0 0.620052 0.548611 0.020313 0.037963
0 0.634896 0.542130 0.019792 0.037963
0 0.642969 0.536574 0.020313 0.037963
0 0.653125 0.528241 0.019792 0.037963
0 0.673958 0.520833 0.019792 0.037963
0 0.688802 0.509722 0.020313 0.037963
0 0.709635 0.498611 0.020313 0.037963
0 0.665885 0.437963 0.011979 0.025926
0 0.690104 0.427315 0.011458 0.026852
0 0.028385 0.627778 0.014063 0.033333
0 0.028385 0.644444 0.014063 0.035185
0 0.229687 0.574537 0.018750 0.023148
0 0.180729 0.461111 0.018750 0.016667
0 0.389844 0.579630 0.017188 0.042593
0 0.489063 0.528241 0.054167 0.080556
0 0.211458 0.418981 0.013542 0.021296
0 0.272396 0.533796 0.007292 0.026852
0 0.270052 0.534259 0.007812 0.040741
0 0.272135 0.540741 0.014063 0.029630
0 0.527083 0.859722 0.031250 0.039815
0 0.533854 0.840278 0.025000 0.039815
0 0.550000 0.831481 0.025000 0.038889
0 0.560417 0.817130 0.032292 0.039815
0 0.571615 0.811574 0.032813 0.039815
0 0.578646 0.797222 0.029167 0.038889
0 0.433594 0.846296 0.023438 0.035185
0 0.426823 0.839815 0.026562 0.037037
0 0.419531 0.829630 0.026562 0.037037
0 0.406510 0.813889 0.026562 0.037037
0 0.387500 0.806019 0.022917 0.034259
0 0.382552 0.795370 0.022396 0.035185
0 0.380729 0.785185 0.022917 0.035185
0 0.374479 0.773611 0.022917 0.034259
0 0.361458 0.768056 0.022917 0.034259
0 0.351823 0.749537 0.030729 0.036111
