0 0.817187 0.760185 0.063542 0.153704
0 0.930729 0.631481 0.036458 0.062963
0 0.782813 0.348148 0.011458 0.033333
0 0.636979 0.047222 0.019792 0.035185
0 0.648958 0.015741 0.012500 0.024074
0 0.576562 0.094444 0.015625 0.029630
0 0.536979 0.048148 0.013542 0.029630
0 0.604688 0.322222 0.026042 0.051852
0 0.570833 0.311111 0.008333 0.037037
0 0.569792 0.317593 0.008333 0.031481
0 0.122917 0.885185 0.052083 0.107407
0 0.280208 0.689815 0.062500 0.127778
0 0.186458 0.852778 0.056250 0.124074
0 0.216667 0.747222 0.050000 0.109259
0 0.244271 0.670370 0.046875 0.096296
0 0.567708 0.057407 0.006250 0.022222
0 0.424479 0.083333 0.011458 0.029630
0 0.416667 0.115741 0.008333 0.024074
0 0.449479 0.195370 0.007292 0.024074
0 0.448958 0.201852 0.008333 0.025926
0 0.477604 0.208333 0.021875 0.046296
0 0.424479 0.248148 0.009375 0.025926
0 0.427083 0.253704 0.014583 0.037037
0 0.428125 0.285185 0.008333 0.029630
0 0.430208 0.280556 0.006250 0.024074
0 0.429167 0.292593 0.010417 0.029630
0 0.383854 0.240741 0.021875 0.048148
0 0.281771 0.145370 0.028125 0.027778
0 0.283854 0.137963 0.030208 0.024074
0 0.261979 0.137037 0.015625 0.025926
0 0.304688 0.212963 0.051042 0.037037
0 0.293750 0.252778 0.056250 0.038889
0 0.279687 0.281481 0.053125 0.040741
0 0.301042 0.500926 0.033333 0.075926
0 0.316667 0.454630 0.027083 0.064815
0 0.345313 0.397222 0.028125 0.061111
0 0.343750 0.426852 0.014583 0.038889
0 0.352083 0.414815 0.012500 0.040741
0 0.158854 0.346296 0.053125 0.040741
0 0.153646 0.365741 0.046875 0.038889
0 0.147396 0.383333 0.048958 0.037037
0 0.057813 0.525926 0.057292 0.044444
0 0.065625 0.496296 0.056250 0.051852
0 0.076042 0.472222 0.060417 0.051852
0 0.102604 0.432407 0.065625 0.046296
0 0.122917 0.418519 0.043750 0.044444
0 0.055208 0.828704 0.075000 0.057407
0 0.073438 0.789815 0.076042 0.050000
0 0.089063 0.753704 0.071875 0.051852
0 0.494271 0.566667 0.038542 0.103704
