0 0.229779 0.177778 0.019853 0.015686
0 0.215441 0.180392 0.017647 0.015686
0 0.235662 0.230719 0.019853 0.022222
0 0.072794 0.276471 0.047059 0.024837
0 0.633088 0.369935 0.038235 0.041830
0 0.472794 0.282353 0.005882 0.031373
0 0.497059 0.369281 0.020588 0.048366
0 0.371324 0.233987 0.014706 0.023529
0 0.390074 0.226797 0.013971 0.019608
0 0.374632 0.175163 0.009559 0.013072
0 0.370956 0.152288 0.011029 0.024837
0 0.373897 0.135294 0.003676 0.009150
0 0.368382 0.120915 0.010294 0.027451
0 0.353309 0.136601 0.006618 0.011765
0 0.420221 0.239216 0.005147 0.013072
0 0.420221 0.235294 0.005147 0.015686
0 0.769118 0.324837 0.027941 0.032680
0 0.690074 0.414379 0.043382 0.036601
0 0.709926 0.407190 0.041912 0.035294
0 0.671691 0.392157 0.037500 0.028758
0 0.687500 0.383007 0.041176 0.031373
0 0.488603 0.120261 0.033088 0.023529
0 0.509191 0.158170 0.037500 0.031373
0 0.520221 0.159477 0.036029 0.031373
0 0.529779 0.155556 0.040441 0.031373
0 0.580515 0.149673 0.034559 0.024837
0 0.586397 0.148366 0.034559 0.027451
0 0.601103 0.145752 0.034559 0.022222
0 0.616176 0.143137 0.039706 0.022222
0 0.597794 0.277778 0.008824 0.016993
