0 0.066544 0.508497 0.046324 0.081046
0 0.309926 0.695425 0.036029 0.099346
0 0.544118 0.650327 0.036765 0.090196
0 0.727941 0.651634 0.075000 0.064052
0 0.476838 0.441830 0.027206 0.060131
0 0.356250 0.034641 0.013971 0.022222
0 0.632353 0.528105 0.075000 0.057516
0 0.598529 0.198693 0.050000 0.033987
0 0.545221 0.198039 0.044853 0.035294
0 0.541912 0.152288 0.032353 0.024837
0 0.546324 0.007843 0.005882 0.015686
0 0.131250 0.071242 0.008088 0.024837
0 0.400735 0.439216 0.008824 0.026144
0 0.507721 0.431373 0.008088 0.028758
0 0.843750 0.760131 0.009559 0.030065
0 0.448897 0.152288 0.006618 0.022222
0 0.468750 0.067974 0.005147 0.023529
0 0.469485 0.127451 0.005147 0.024837
0 0.473529 0.128758 0.004412 0.024837
0 0.464706 0.067974 0.004412 0.023529
0 0.482353 0.126144 0.005882 0.024837
0 0.655882 0.303922 0.008824 0.027451
0 0.277574 0.342484 0.027206 0.067974
0 0.654412 0.454902 0.102941 0.081046
0 0.507353 0.438562 0.008824 0.032680
0 0.400735 0.445752 0.008824 0.031373
0 0.448529 0.159477 0.005882 0.023529
