0 0.515809 0.682353 0.109559 0.146405
0 0.568382 0.575163 0.092647 0.117647
0 0.321691 0.604575 0.074265 0.158170
0 0.381250 0.396078 0.056618 0.083660
0 0.374632 0.283660 0.040441 0.052288
0 0.319485 0.277778 0.038971 0.056209
0 0.291912 0.219608 0.030882 0.047059
0 0.311765 0.175163 0.025000 0.031373
0 0.275368 0.180392 0.027206 0.039216
0 0.268382 0.155556 0.022059 0.033987
0 0.260662 0.138562 0.019853 0.031373
0 0.283824 0.107190 0.016176 0.023529
0 0.296691 0.473203 0.059559 0.101961
0 0.282721 0.398039 0.049265 0.079739
0 0.269118 0.341176 0.042647 0.070588
0 0.258088 0.295425 0.036765 0.060131
0 0.238603 0.250980 0.028676 0.065359
0 0.244853 0.232026 0.027941 0.048366
0 0.228676 0.188235 0.026471 0.039216
0 0.037132 0.233987 0.031618 0.047059
0 0.041176 0.519608 0.023529 0.077124
0 0.037500 0.509804 0.022059 0.078431
0 0.537500 0.296078 0.047059 0.061438
0 0.555515 0.228758 0.063971 0.049673
0 0.586029 0.184314 0.042647 0.036601
0 0.635662 0.198693 0.052206 0.041830
0 0.654412 0.224183 0.052941 0.043137
0 0.594853 0.333987 0.060294 0.069281
0 0.616176 0.378431 0.067647 0.069281
0 0.655147 0.388889 0.069118 0.084967
0 0.617647 0.298039 0.023529 0.041830
0 0.577206 0.169935 0.041176 0.031373
0 0.776471 0.443137 0.070588 0.083660
0 0.883456 0.495425 0.086029 0.094118
0 0.968750 0.724837 0.036029 0.100654
0 0.966544 0.740523 0.044853 0.079739
0 0.691912 0.340523 0.014706 0.064052
0 0.676838 0.335294 0.015441 0.053595
0 0.797426 0.366667 0.015441 0.061438
0 0.806618 0.365359 0.011765 0.050980
0 0.805147 0.522222 0.023529 0.064052
0 0.804044 0.533333 0.050735 0.073203
0 0.233456 0.082353 0.013971 0.018301
0 0.252941 0.077778 0.007353 0.016993
0 0.177941 0.107190 0.014706 0.023529
0 0.190441 0.083007 0.029412 0.022222
0 0.227206 0.066013 0.011765 0.019608
0 0.236397 0.063399 0.009559 0.016993
0 0.240441 0.049673 0.011765 0.015686
0 0.174632 0.056863 0.003676 0.011765
0 0.191912 0.033333 0.008824 0.011765
0 0.209191 0.030719 0.008088 0.014379
0 0.233088 0.038562 0.007353 0.011765
0 0.230147 0.032026 0.005882 0.009150
0 0.333824 0.207190 0.008824 0.030065
0 0.335294 0.215033 0.010294 0.027451
