0 0.569792 0.527778 0.010417 0.037037
0 0.571354 0.519444 0.009375 0.042593
0 0.516667 0.863889 0.031250 0.112963
0 0.247396 0.532407 0.103125 0.316667
0 0.777083 0.272222 0.012500 0.025926
0 0.770312 0.258333 0.013542 0.020370
0 0.564583 0.229630 0.008333 0.029630
0 0.565104 0.222222 0.005208 0.029630
0 0.102083 0.042593 0.031250 0.029630
0 0.110937 0.034259 0.030208 0.024074
0 0.134896 0.053704 0.034375 0.029630
0 0.153125 0.051852 0.006250 0.025926
0 0.155729 0.039815 0.007292 0.027778
0 0.064583 0.112037 0.037500 0.031481
0 0.090625 0.109259 0.033333 0.029630
0 0.118229 0.105556 0.030208 0.033333
0 0.140625 0.105556 0.033333 0.033333
0 0.164583 0.106481 0.033333 0.035185
0 0.192708 0.099074 0.033333 0.027778
0 0.209375 0.043519 0.018750 0.035185
0 0.230729 0.040741 0.015625 0.033333
0 0.282813 0.201852 0.034375 0.040741
0 0.282813 0.156481 0.036458 0.035185
0 0.284375 0.114815 0.043750 0.037037
0 0.288021 0.090741 0.042708 0.029630
0 0.292708 0.072222 0.035417 0.022222
0 0.307812 0.037963 0.038542 0.031481
0 0.312500 0.024074 0.041667 0.029630
0 0.323437 0.016667 0.007292 0.022222
0 0.515625 0.148148 0.035417 0.155556
0 0.559375 0.062963 0.006250 0.022222
0 0.559375 0.057407 0.006250 0.018519
0 0.693229 0.049074 0.009375 0.024074
0 0.653646 0.084259 0.013542 0.038889
0 0.623437 0.081481 0.021875 0.037037
0 0.626042 0.109259 0.029167 0.037037
0 0.625521 0.126852 0.030208 0.035185
