0 0.377604 0.792593 0.017708 0.062963
0 0.523958 0.672222 0.012500 0.048148
0 0.414583 0.525926 0.016667 0.022222
0 0.368229 0.718519 0.017708 0.048148
0 0.495833 0.767593 0.010417 0.027778
0 0.506250 0.579630 0.010417 0.025926
0 0.407292 0.558333 0.027083 0.046296
0 0.373437 0.672222 0.032292 0.062963
0 0.500000 0.448148 0.012500 0.022222
0 0.455208 0.441667 0.014583 0.027778
0 0.431250 0.475926 0.018750 0.048148
0 0.524479 0.458333 0.007292 0.024074
0 0.505729 0.565741 0.013542 0.016667
0 0.494271 0.750926 0.011458 0.035185
0 0.511458 0.400000 0.006250 0.014815
0 0.459375 0.408333 0.008333 0.016667
0 0.552083 0.559259 0.014583 0.029630
0 0.378646 0.790741 0.013542 0.033333
