0 0.755469 0.369907 0.102604 0.075000
0 0.481510 0.402315 0.091146 0.208333
0 0.393229 0.279630 0.044792 0.046296
0 0.347917 0.259722 0.030208 0.041667
0 0.321354 0.252315 0.033333 0.041667
0 0.301302 0.242593 0.028646 0.037037
0 0.200260 0.238426 0.035937 0.054630
0 0.083073 0.172222 0.011979 0.016667
0 0.102865 0.188426 0.016146 0.025000
0 0.060156 0.275000 0.100521 0.070370
0 0.174479 0.261574 0.045833 0.073148
0 0.093750 0.214815 0.011458 0.022222
0 0.094531 0.233796 0.013021 0.030556
0 0.058594 0.222685 0.011979 0.049074
0 0.068490 0.235648 0.011979 0.032407
0 0.042448 0.209259 0.009896 0.022222
