0 0.342279 0.687582 0.088971 0.183007
0 0.449632 0.654248 0.068382 0.152941
0 0.409559 0.514379 0.060294 0.098039
0 0.494853 0.503922 0.044118 0.087582
0 0.592647 0.422222 0.035294 0.073203
0 0.676103 0.409150 0.034559 0.054902
0 0.908456 0.562092 0.078676 0.101961
0 0.085662 0.599346 0.086029 0.092810
0 0.161765 0.507843 0.082353 0.092810
0 0.162868 0.320261 0.047794 0.047059
0 0.595588 0.179739 0.013235 0.027451
0 0.605882 0.133333 0.013235 0.015686
0 0.855515 0.469935 0.059559 0.077124
0 0.511765 0.201961 0.017647 0.040523
0 0.520221 0.189542 0.011029 0.028758
0 0.523162 0.169281 0.021324 0.022222
0 0.227574 0.356863 0.034559 0.073203
0 0.226103 0.432680 0.052206 0.075817
0 0.280147 0.375817 0.054412 0.064052
0 0.288603 0.301307 0.041912 0.048366
0 0.202574 0.283007 0.037500 0.056209
0 0.240809 0.264052 0.040441 0.047059
0 0.492279 0.269935 0.008088 0.037908
0 0.568750 0.140523 0.008088 0.011765
0 0.153309 0.413072 0.015441 0.039216
0 0.019853 0.411765 0.023529 0.049673
0 0.273162 0.233987 0.025735 0.020915
0 0.808456 0.247712 0.049265 0.035294
0 0.600368 0.057516 0.008088 0.018301
0 0.613603 0.064052 0.009559 0.010458
0 0.387500 0.247059 0.033824 0.054902
0 0.416176 0.213072 0.048529 0.041830
0 0.569485 0.134641 0.005147 0.013072
0 0.552941 0.146405 0.002941 0.010458
0 0.543382 0.138562 0.004412 0.018301
0 0.542647 0.143791 0.007353 0.013072
0 0.552941 0.150327 0.004412 0.013072
