0 0.871324 0.716340 0.094118 0.159477
0 0.791176 0.683007 0.077941 0.176471
0 0.708456 0.749020 0.068382 0.143791
0 0.691544 0.624183 0.061029 0.142484
0 0.610662 0.707190 0.069853 0.183007
0 0.457721 0.701307 0.071324 0.173856
0 0.036029 0.769935 0.033824 0.099346
0 0.018750 0.773203 0.019853 0.079739
0 0.092647 0.418954 0.047059 0.108497
0 0.238971 0.547712 0.060294 0.096732
0 0.327574 0.594771 0.027206 0.070588
0 0.336765 0.573856 0.025000 0.073203
0 0.281985 0.560784 0.024265 0.041830
0 0.389338 0.394771 0.018382 0.075817
0 0.321691 0.302614 0.047794 0.087582
0 0.262868 0.300000 0.058088 0.084967
0 0.606618 0.394771 0.083824 0.099346
0 0.638971 0.359477 0.057353 0.057516
0 0.655515 0.362745 0.018382 0.069281
0 0.564338 0.284314 0.071324 0.092810
0 0.518750 0.227451 0.016912 0.041830
0 0.480147 0.223529 0.073529 0.065359
0 0.391912 0.126797 0.008824 0.044444
0 0.393015 0.083660 0.030147 0.060131
0 0.403309 0.050327 0.058088 0.043137
0 0.401471 0.031373 0.054412 0.041830
0 0.523897 0.074510 0.061029 0.060131
0 0.582721 0.248366 0.024265 0.041830
0 0.554779 0.243137 0.018382 0.031373
0 0.622794 0.303922 0.008824 0.043137
0 0.629044 0.311111 0.008088 0.041830
0 0.646324 0.265359 0.011765 0.065359
0 0.652574 0.256209 0.013971 0.060131
0 0.670221 0.249020 0.012500 0.056209
0 0.680882 0.252288 0.008824 0.036601
0 0.680515 0.303922 0.013971 0.032680
0 0.678676 0.328105 0.019118 0.031373
0 0.696324 0.328105 0.008824 0.031373
0 0.711765 0.279739 0.035294 0.036601
0 0.714338 0.273856 0.012500 0.050980
0 0.776103 0.309804 0.077206 0.075817
0 0.866912 0.337255 0.102941 0.088889
0 0.954779 0.352941 0.084559 0.101961
0 0.778309 0.207843 0.016912 0.052288
0 0.305882 0.110458 0.063235 0.050980
0 0.310662 0.084314 0.053676 0.040523
0 0.312500 0.066013 0.055882 0.043137
0 0.324632 0.039869 0.055147 0.035294
0 0.328676 0.028105 0.051471 0.032680
0 0.282353 0.057516 0.008824 0.041830
0 0.098162 0.107843 0.077206 0.050980
0 0.113603 0.087582 0.069853 0.049673
0 0.147059 0.070588 0.067647 0.052288
0 0.159559 0.037255 0.048529 0.040523
