0 0.212132 0.467974 0.009559 0.041830
0 0.202574 0.468627 0.008088 0.037908
0 0.122794 0.351634 0.048529 0.026144
0 0.139706 0.333987 0.004412 0.030065
0 0.125368 0.405882 0.008088 0.022222
0 0.125368 0.400654 0.005147 0.027451
0 0.162500 0.369935 0.007353 0.028758
0 0.170221 0.370588 0.008088 0.030065
0 0.166544 0.333333 0.005147 0.023529
0 0.173529 0.334641 0.004412 0.026144
0 0.169118 0.315686 0.017647 0.024837
0 0.163603 0.300000 0.019853 0.030065
0 0.066544 0.631373 0.011029 0.044444
0 0.074632 0.615033 0.009559 0.058824
0 0.145588 0.712418 0.016176 0.086275
0 0.165441 0.699346 0.011765 0.078431
0 0.191912 0.731373 0.066176 0.111111
0 0.108456 0.785621 0.013971 0.078431
0 0.098897 0.799346 0.015441 0.087582
0 0.060662 0.871242 0.025735 0.092810
0 0.038235 0.916993 0.025000 0.105882
0 0.006618 0.918954 0.013235 0.101961
0 0.253309 0.624183 0.049265 0.082353
0 0.263235 0.520915 0.075000 0.160784
0 0.316176 0.426144 0.025000 0.039216
0 0.351838 0.401961 0.021324 0.035294
0 0.379779 0.377778 0.019853 0.031373
0 0.316176 0.262092 0.023529 0.014379
0 0.395588 0.447059 0.025000 0.041830
0 0.358456 0.447059 0.027206 0.047059
0 0.323529 0.473203 0.029412 0.052288
0 0.334559 0.528105 0.036765 0.070588
0 0.321691 0.615686 0.043382 0.083660
0 0.387132 0.581046 0.037500 0.071895
0 0.348162 0.762092 0.065441 0.125490
0 0.420956 0.264052 0.002206 0.015686
0 0.830515 0.892157 0.031618 0.087582
0 0.831985 0.867320 0.021324 0.082353
0 0.850735 0.801961 0.104412 0.116340
0 0.595221 0.859477 0.075735 0.142484
0 0.728676 0.813072 0.075000 0.117647
0 0.549265 0.679085 0.047059 0.077124
0 0.611765 0.643137 0.051471 0.073203
0 0.668750 0.647059 0.055147 0.070588
0 0.748529 0.621569 0.055882 0.077124
0 0.850735 0.679085 0.022059 0.045752
0 0.912132 0.743791 0.030147 0.044444
0 0.908456 0.725490 0.033088 0.049673
0 0.931985 0.726144 0.015441 0.082353
0 0.898162 0.586275 0.021324 0.037908
0 0.901103 0.574510 0.013971 0.058824
0 0.880147 0.577778 0.008824 0.052288
0 0.891544 0.547059 0.044853 0.048366
0 0.820221 0.551634 0.012500 0.041830
0 0.822059 0.539869 0.013235 0.041830
0 0.756250 0.562092 0.008088 0.041830
0 0.763235 0.587582 0.011765 0.035294
0 0.770956 0.560131 0.009559 0.050980
0 0.773529 0.526144 0.008824 0.035294
0 0.774632 0.513725 0.009559 0.039216
0 0.794118 0.569281 0.039706 0.050980
0 0.746691 0.504575 0.019853 0.031373
0 0.746691 0.498039 0.012500 0.041830
0 0.742279 0.439869 0.005147 0.022222
0 0.618750 0.420261 0.013971 0.024837
0 0.676838 0.477124 0.006618 0.039216
0 0.670588 0.470588 0.007353 0.041830
0 0.692279 0.457516 0.008088 0.041830
0 0.698529 0.458824 0.008824 0.028758
0 0.698897 0.449020 0.008088 0.032680
0 0.688971 0.411765 0.008824 0.033987
0 0.682353 0.414379 0.007353 0.036601
0 0.683088 0.444444 0.008824 0.023529
0 0.684191 0.433987 0.008088 0.031373
0 0.662868 0.443791 0.016912 0.032680
0 0.665074 0.437908 0.006618 0.031373
0 0.623162 0.371242 0.024265 0.028758
0 0.609926 0.359477 0.022794 0.026144
0 0.525000 0.576471 0.039706 0.060131
0 0.504412 0.510458 0.035294 0.053595
0 0.537132 0.464706 0.031618 0.040523
0 0.554044 0.434641 0.031618 0.045752
0 0.494853 0.471895 0.026471 0.039216
0 0.506985 0.407190 0.024265 0.032680
0 0.518382 0.431373 0.022059 0.033987
0 0.483824 0.443137 0.025000 0.049673
0 0.477941 0.427451 0.025000 0.031373
0 0.472059 0.403922 0.023529 0.033987
0 0.495221 0.388889 0.022794 0.035294
0 0.532721 0.364706 0.019853 0.028758
0 0.480515 0.373856 0.018382 0.026144
0 0.463971 0.386275 0.020588 0.030065
0 0.455147 0.373856 0.019118 0.026144
0 0.469118 0.356863 0.016176 0.026144
0 0.445588 0.358170 0.017647 0.026144
0 0.437132 0.345752 0.016912 0.022222
0 0.427941 0.333987 0.016176 0.022222
0 0.425000 0.324837 0.016176 0.019608
0 0.413235 0.315686 0.014706 0.016993
0 0.405515 0.303922 0.013971 0.019608
0 0.396324 0.296078 0.013235 0.016993
0 0.391544 0.289542 0.013971 0.016993
0 0.384191 0.283660 0.012500 0.015686
0 0.461397 0.346405 0.016912 0.023529
0 0.453676 0.335294 0.016176 0.022222
0 0.444118 0.323529 0.016176 0.022222
0 0.436029 0.314379 0.014706 0.019608
0 0.427574 0.308497 0.013971 0.018301
0 0.420588 0.301307 0.013235 0.016993
0 0.409926 0.293464 0.012500 0.014379
0 0.404044 0.285621 0.012500 0.014379
0 0.477941 0.339869 0.013235 0.020915
0 0.469485 0.329412 0.015441 0.018301
0 0.459191 0.321569 0.015441 0.018301
0 0.452574 0.313725 0.015441 0.018301
0 0.445221 0.305882 0.015441 0.018301
0 0.435662 0.299346 0.011029 0.015686
0 0.426471 0.290196 0.013235 0.018301
0 0.419118 0.284967 0.011765 0.013072
0 0.508088 0.350327 0.038235 0.073203
0 0.484926 0.324183 0.015441 0.020915
0 0.475368 0.313725 0.015441 0.020915
0 0.463235 0.303922 0.016176 0.016993
0 0.454044 0.296078 0.015441 0.016993
0 0.439706 0.278431 0.027941 0.039216
0 0.565074 0.317647 0.031618 0.018301
0 0.551103 0.307190 0.025735 0.015686
0 0.538971 0.303268 0.026471 0.018301
0 0.529044 0.299346 0.019853 0.015686
0 0.521324 0.296078 0.020588 0.016993
0 0.599632 0.331373 0.003676 0.019608
