0 0.107353 0.876471 0.154412 0.126797
0 0.211029 0.511111 0.107353 0.086275
0 0.241544 0.424183 0.094853 0.071895
0 0.106618 0.450327 0.036765 0.048366
0 0.100735 0.416340 0.019118 0.050980
0 0.480515 0.798039 0.062500 0.171242
0 0.597794 0.916993 0.020588 0.087582
0 0.860294 0.722876 0.111765 0.088889
0 0.753309 0.535948 0.055147 0.107190
0 0.810662 0.548366 0.069853 0.111111
0 0.873897 0.535948 0.072794 0.128105
0 0.938235 0.539216 0.083824 0.108497
0 0.689338 0.439216 0.049265 0.107190
0 0.749632 0.431373 0.053676 0.104575
0 0.801838 0.440523 0.053676 0.094118
0 0.844118 0.422876 0.067647 0.103268
0 0.901103 0.426797 0.071324 0.100654
0 0.364706 0.386928 0.013235 0.047059
0 0.364338 0.405229 0.012500 0.039216
0 0.312868 0.263399 0.068382 0.053595
0 0.202941 0.258170 0.023529 0.032680
0 0.239706 0.192157 0.023529 0.033987
0 0.244853 0.190196 0.019118 0.032680
0 0.252206 0.188889 0.017647 0.024837
0 0.320221 0.227451 0.069853 0.047059
0 0.272794 0.162092 0.026471 0.031373
0 0.362500 0.111111 0.058824 0.041830
0 0.316544 0.033987 0.037500 0.049673
0 0.278309 0.032026 0.041912 0.040523
0 0.519853 0.196078 0.029412 0.052288
0 0.550368 0.362745 0.012500 0.037908
0 0.550000 0.377778 0.011765 0.041830
0 0.543750 0.241830 0.011029 0.036601
0 0.543382 0.250327 0.008824 0.032680
0 0.544118 0.252288 0.011765 0.036601
0 0.581985 0.287582 0.008088 0.044444
0 0.618015 0.158170 0.030147 0.067974
0 0.633456 0.239216 0.034559 0.054902
0 0.677206 0.243791 0.033824 0.053595
0 0.658824 0.186275 0.033824 0.048366
0 0.695221 0.184314 0.033088 0.060131
0 0.719485 0.237255 0.037500 0.056209
0 0.730882 0.183660 0.038235 0.058824
0 0.757353 0.237908 0.039706 0.054902
0 0.768015 0.177778 0.044853 0.065359
0 0.797059 0.235294 0.044118 0.052288
0 0.803676 0.176471 0.041176 0.062745
0 0.834559 0.229412 0.039706 0.066667
0 0.830882 0.090850 0.029412 0.043137
0 0.616544 0.056863 0.055147 0.048366
0 0.605147 0.026144 0.052941 0.044444
0 0.549265 0.016993 0.005882 0.031373
