0 0.691176 0.632680 0.105882 0.156863
0 0.448162 0.807843 0.158088 0.190850
0 0.227574 0.764706 0.177206 0.198693
0 0.477941 0.491503 0.110294 0.117647
0 0.475735 0.588889 0.125000 0.171242
0 0.653309 0.464706 0.113971 0.118954
0 0.627574 0.376471 0.083088 0.091503
0 0.666912 0.259477 0.075000 0.077124
0 0.524632 0.324183 0.087500 0.075817
0 0.053676 0.378431 0.063235 0.098039
0 0.128309 0.309804 0.058088 0.083660
0 0.170588 0.243791 0.055882 0.077124
0 0.800735 0.186275 0.076471 0.064052
0 0.843015 0.167974 0.059559 0.069281
0 0.933088 0.113725 0.063235 0.057516
0 0.166176 0.190196 0.079412 0.066667
0 0.172059 0.162745 0.076471 0.048366
0 0.133456 0.147712 0.069853 0.052288
0 0.100735 0.142484 0.060294 0.054902
0 0.082721 0.111111 0.065441 0.044444
0 0.041912 0.073203 0.066176 0.052288
0 0.058088 0.045098 0.057353 0.035294
0 0.036397 0.035294 0.050735 0.036601
0 0.043750 0.016340 0.047794 0.030065
0 0.114338 0.016993 0.012500 0.023529
0 0.207721 0.304575 0.015441 0.065359
0 0.218750 0.266667 0.016912 0.060131
0 0.253309 0.323529 0.013971 0.058824
0 0.240074 0.316993 0.013971 0.056209
0 0.485294 0.660784 0.022059 0.092810
0 0.499632 0.647712 0.018382 0.090196
0 0.834559 0.332026 0.077941 0.083660
0 0.741544 0.286928 0.015441 0.050980
0 0.740074 0.299346 0.028676 0.039216
0 0.915441 0.180392 0.032353 0.044444
0 0.805882 0.236601 0.020588 0.036601
0 0.711397 0.204575 0.024265 0.048366
0 0.734191 0.204575 0.013971 0.053595
0 0.729044 0.179739 0.011029 0.048366
0 0.736765 0.181046 0.010294 0.037908
0 0.748162 0.185621 0.011029 0.049673
0 0.891912 0.141176 0.019118 0.026144
0 0.901103 0.137255 0.019853 0.028758
0 0.978309 0.075817 0.043382 0.057516
