0 0.415885 0.203704 0.008854 0.012963
0 0.421354 0.206019 0.012500 0.017593
0 0.436198 0.206481 0.010937 0.016667
0 0.406250 0.226389 0.017708 0.013889
0 0.468750 0.202778 0.011458 0.016667
0 0.455729 0.224074 0.018750 0.024074
0 0.454427 0.248611 0.011979 0.017593
0 0.449479 0.256481 0.011458 0.025926
0 0.454167 0.279630 0.014583 0.022222
0 0.483594 0.226852 0.018229 0.018519
0 0.503125 0.232870 0.020833 0.015741
0 0.499219 0.253241 0.014063 0.025000
0 0.503646 0.262037 0.014583 0.022222
0 0.511458 0.284722 0.016667 0.025000
0 0.481771 0.307870 0.016667 0.026852
0 0.424740 0.396296 0.029687 0.059259
0 0.552083 0.242130 0.020833 0.017593
0 0.545833 0.235185 0.019792 0.016667
0 0.530469 0.248148 0.025521 0.048148
0 0.532552 0.272222 0.015104 0.022222
0 0.539844 0.284722 0.017188 0.026852
0 0.546875 0.310185 0.016667 0.033333
0 0.552344 0.257407 0.004687 0.016667
0 0.552083 0.261111 0.006250 0.014815
0 0.561719 0.259259 0.003646 0.016667
0 0.564583 0.260648 0.004167 0.012037
0 0.564063 0.262963 0.003125 0.011111
0 0.587760 0.510648 0.032813 0.069444
0 0.377083 0.518056 0.045833 0.078704
0 0.311979 0.772222 0.076042 0.140741
0 0.715365 0.581944 0.050521 0.075000
0 0.678385 0.497222 0.011979 0.042593
0 0.819531 0.585185 0.096354 0.070370
0 0.322396 0.420833 0.009375 0.028704
0 0.350521 0.383796 0.015625 0.025000
0 0.362500 0.377778 0.006250 0.033333
0 0.355729 0.374074 0.006250 0.035185
0 0.363802 0.363889 0.005729 0.031481
0 0.355990 0.366204 0.005729 0.034259
0 0.620573 0.329167 0.010937 0.028704
0 0.630208 0.331944 0.006250 0.026852
0 0.632552 0.327778 0.005729 0.027778
