0 0.335938 0.633333 0.055208 0.107407
0 0.245312 0.571296 0.059375 0.083333
0 0.066146 0.774074 0.038542 0.044444
0 0.025000 0.813889 0.041667 0.046296
0 0.185417 0.848148 0.018750 0.033333
0 0.192708 0.856481 0.029167 0.038889
0 0.435417 0.700000 0.056250 0.118519
0 0.064583 0.628704 0.033333 0.050000
0 0.317708 0.495370 0.060417 0.079630
0 0.369792 0.489815 0.058333 0.079630
0 0.357292 0.434259 0.043750 0.061111
0 0.552604 0.467593 0.046875 0.075926
0 0.554167 0.223148 0.041667 0.057407
0 0.642188 0.211111 0.036458 0.051852
0 0.609375 0.154630 0.031250 0.046296
0 0.665104 0.088889 0.030208 0.051852
0 0.690104 0.060185 0.023958 0.050000
0 0.716667 0.076852 0.035417 0.053704
0 0.723958 0.024074 0.031250 0.048148
0 0.764583 0.100000 0.016667 0.029630
0 0.788542 0.025000 0.033333 0.035185
