0 0.227865 0.336574 0.051562 0.043519
0 0.233594 0.495370 0.028646 0.044444
0 0.288802 0.467593 0.022396 0.031481
0 0.272917 0.453241 0.020833 0.026852
0 0.473177 0.593056 0.063021 0.045370
0 0.293750 0.846759 0.042708 0.089815
0 0.549219 0.293981 0.038021 0.023148
0 0.081771 0.279630 0.016667 0.035185
0 0.107031 0.473611 0.021354 0.047222
0 0.080469 0.516667 0.017188 0.038889
0 0.067969 0.511111 0.008854 0.031481
0 0.059896 0.512963 0.008333 0.025926
0 0.046354 0.486574 0.009375 0.026852
0 0.054427 0.481019 0.009896 0.023148
0 0.052604 0.475463 0.009375 0.028704
