0 0.096354 0.648148 0.012500 0.077778
0 0.535937 0.916204 0.087500 0.160185
0 0.555729 0.715741 0.065625 0.100000
0 0.758073 0.458796 0.007812 0.036111
0 0.797917 0.477778 0.008333 0.033333
0 0.115104 0.639815 0.018750 0.075926
0 0.118490 0.639815 0.013021 0.074074
0 0.126562 0.629630 0.010417 0.066667
0 0.102344 0.612500 0.019271 0.067593
0 0.157552 0.560185 0.013021 0.055556
0 0.142187 0.560185 0.013542 0.061111
0 0.134896 0.550926 0.014583 0.061111
0 0.140625 0.511574 0.007292 0.043519
0 0.131250 0.513426 0.007292 0.043519
0 0.125521 0.510648 0.007292 0.047222
0 0.115365 0.513889 0.028646 0.027778
0 0.182292 0.600000 0.016667 0.053704
0 0.182552 0.618519 0.020313 0.044444
0 0.302604 0.608333 0.015625 0.051852
0 0.179427 0.505093 0.010937 0.045370
0 0.158073 0.500926 0.010937 0.037037
0 0.246615 0.444444 0.008854 0.033333
0 0.182292 0.486574 0.010417 0.041667
0 0.180208 0.517130 0.017708 0.028704
0 0.158333 0.514815 0.010417 0.029630
0 0.304948 0.620370 0.029687 0.044444
0 0.828906 0.686111 0.019271 0.061111
0 0.710156 0.615278 0.017188 0.060185
0 0.565104 0.450463 0.007292 0.025000
0 0.570833 0.481944 0.031250 0.041667
0 0.634115 0.642593 0.017188 0.048148
0 0.637760 0.605093 0.017188 0.047222
0 0.539323 0.579630 0.010937 0.042593
0 0.545052 0.531481 0.010937 0.042593
0 0.826302 0.702315 0.046354 0.058333
0 0.676562 0.691667 0.041667 0.055556
0 0.664844 0.675926 0.019271 0.057407
0 0.677083 0.681019 0.018750 0.058333
0 0.707031 0.629630 0.032813 0.035185
0 0.631771 0.658796 0.018750 0.054630
0 0.637500 0.617130 0.035417 0.039815
0 0.554427 0.581019 0.011979 0.058333
0 0.571094 0.566204 0.041146 0.056481
0 0.566146 0.528704 0.034375 0.046296
0 0.536198 0.487037 0.027604 0.033333
0 0.401562 0.586574 0.042708 0.069444
0 0.459896 0.588889 0.036458 0.059259
0 0.508333 0.573148 0.042708 0.062963
0 0.509635 0.531019 0.061979 0.041667
0 0.444531 0.544907 0.035937 0.050926
0 0.424740 0.508796 0.066146 0.041667
0 0.390625 0.487500 0.026042 0.041667
0 0.396354 0.469907 0.023958 0.036111
0 0.396354 0.450000 0.019792 0.024074
0 0.399219 0.437500 0.020313 0.023148
0 0.369531 0.443056 0.020313 0.034259
0 0.332031 0.462037 0.023438 0.035185
0 0.346615 0.443519 0.006771 0.024074
0 0.346875 0.456019 0.005208 0.019444
0 0.282813 0.443519 0.021875 0.033333
