0 0.469118 0.017647 0.011765 0.014379
0 0.464338 0.147059 0.015441 0.027451
0 0.491176 0.103268 0.013235 0.026144
0 0.485662 0.064052 0.011029 0.020915
0 0.480515 0.049020 0.009559 0.022222
0 0.493750 0.041830 0.008088 0.020915
0 0.434926 0.056209 0.003676 0.010458
0 0.447794 0.076471 0.004412 0.011765
0 0.448162 0.082353 0.003676 0.013072
0 0.435294 0.096078 0.014706 0.027451
0 0.430147 0.120915 0.013235 0.022222
0 0.426471 0.156209 0.017647 0.027451
0 0.418015 0.176471 0.016912 0.031373
0 0.429412 0.198693 0.020588 0.033987
0 0.526103 0.039216 0.011029 0.015686
0 0.521691 0.027451 0.009559 0.020915
0 0.512500 0.035294 0.002941 0.015686
0 0.514338 0.050980 0.002206 0.015686
0 0.507721 0.048366 0.002206 0.015686
0 0.499632 0.030719 0.002206 0.009150
0 0.500000 0.036601 0.002941 0.010458
0 0.511765 0.077778 0.004412 0.016993
0 0.515074 0.081699 0.003676 0.019608
0 0.518382 0.077778 0.002941 0.016993
0 0.507353 0.158170 0.004412 0.018301
0 0.506618 0.164052 0.004412 0.019608
0 0.513603 0.150327 0.003676 0.020915
0 0.513603 0.155556 0.005147 0.020915
0 0.523529 0.090850 0.013235 0.024837
0 0.528309 0.122876 0.015441 0.023529
0 0.535294 0.140523 0.017647 0.024837
0 0.535294 0.153595 0.027941 0.022222
0 0.539706 0.171242 0.017647 0.028758
0 0.548897 0.207843 0.021324 0.031373
0 0.541544 0.237255 0.018382 0.035294
0 0.400000 0.220261 0.044118 0.027451
0 0.394118 0.241830 0.030882 0.020915
0 0.415809 0.258824 0.021324 0.041830
0 0.410294 0.295425 0.025000 0.047059
0 0.446324 0.296078 0.025000 0.045752
0 0.384559 0.343791 0.026471 0.054902
0 0.347794 0.374510 0.067647 0.043137
0 0.552941 0.327451 0.005882 0.035294
0 0.546691 0.361438 0.008088 0.032680
0 0.546691 0.371895 0.006618 0.030065
0 0.365809 0.492810 0.038971 0.094118
0 0.553676 0.640523 0.044118 0.094118
0 0.444118 0.676471 0.039706 0.105882
0 0.445221 0.828105 0.047794 0.147712
0 0.639338 0.743137 0.015441 0.066667
0 0.616544 0.830719 0.016912 0.045752
0 0.618750 0.850327 0.016912 0.043137
0 0.614706 0.849673 0.017647 0.073203
