0 0.634375 0.681019 0.006250 0.036111
0 0.325781 0.898148 0.009896 0.048148
0 0.328385 0.900926 0.004687 0.022222
0 0.329427 0.904167 0.014063 0.036111
0 0.329427 0.907870 0.019271 0.023148
0 0.339844 0.863889 0.036979 0.074074
0 0.365625 0.800000 0.036458 0.062963
0 0.492188 0.921296 0.010417 0.040741
0 0.491667 0.928704 0.010417 0.042593
0 0.520052 0.933796 0.009896 0.039815
0 0.520052 0.941204 0.010937 0.039815
0 0.631250 0.974074 0.009375 0.038889
0 0.442188 0.848148 0.009375 0.035185
0 0.442969 0.858333 0.010937 0.037037
0 0.466667 0.842593 0.009375 0.033333
0 0.466667 0.848148 0.011458 0.040741
0 0.415625 0.759722 0.008333 0.039815
0 0.404427 0.758333 0.007812 0.040741
0 0.394792 0.766667 0.008333 0.040741
0 0.387500 0.727778 0.032292 0.068519
0 0.417708 0.690278 0.009375 0.034259
0 0.416927 0.696759 0.007812 0.028704
0 0.429688 0.664352 0.007292 0.034259
0 0.008073 0.837037 0.016146 0.024074
0 0.095833 0.752778 0.028125 0.027778
0 0.102344 0.750926 0.011979 0.035185
0 0.154948 0.768519 0.030729 0.031481
0 0.150260 0.784722 0.020313 0.028704
0 0.197396 0.713889 0.025000 0.029630
0 0.214062 0.618981 0.018750 0.025000
0 0.170052 0.652778 0.042188 0.062963
0 0.247396 0.589815 0.013542 0.022222
0 0.250260 0.584722 0.015104 0.023148
0 0.238542 0.569907 0.008333 0.017593
0 0.266406 0.566204 0.017188 0.021296
0 0.267448 0.556944 0.005729 0.010185
0 0.271615 0.561111 0.017188 0.018519
0 0.288021 0.540278 0.007292 0.021296
0 0.307812 0.518056 0.004167 0.015741
0 0.314844 0.510648 0.004687 0.019444
0 0.318229 0.500926 0.006250 0.025926
0 0.360677 0.435648 0.005729 0.015741
0 0.384375 0.596759 0.026042 0.034259
0 0.277344 0.589352 0.005729 0.021296
0 0.282031 0.590278 0.005729 0.019444
0 0.278385 0.584259 0.005729 0.024074
0 0.286458 0.583796 0.006250 0.021296
0 0.293229 0.584259 0.006250 0.018519
0 0.300781 0.579167 0.006771 0.023148
0 0.293750 0.577778 0.006250 0.020370
0 0.298438 0.569444 0.005208 0.018519
0 0.301302 0.553241 0.007812 0.015741
0 0.308333 0.556019 0.007292 0.017593
0 0.316927 0.552315 0.004687 0.017593
0 0.312500 0.550463 0.006250 0.019444
0 0.325260 0.530556 0.006771 0.020370
0 0.332031 0.527315 0.006771 0.017593
0 0.335156 0.509259 0.007812 0.024074
0 0.341667 0.512037 0.007292 0.016667
0 0.338542 0.504167 0.005208 0.019444
0 0.336979 0.500926 0.003125 0.018519
0 0.365104 0.469907 0.015625 0.017593
0 0.395313 0.425000 0.005208 0.016667
0 0.560677 0.646296 0.024479 0.040741
0 0.551042 0.575463 0.019792 0.036111
0 0.561198 0.533333 0.018229 0.033333
0 0.537760 0.563889 0.006771 0.025926
0 0.547135 0.623148 0.009896 0.038889
0 0.519010 0.656944 0.007812 0.025000
0 0.518750 0.663889 0.007292 0.027778
0 0.419792 0.607407 0.023958 0.051852
0 0.455729 0.638426 0.007292 0.025000
0 0.455990 0.646296 0.006771 0.027778
0 0.483594 0.615278 0.006771 0.021296
0 0.495312 0.617130 0.007292 0.021296
0 0.495312 0.623611 0.005208 0.015741
0 0.496094 0.623148 0.006771 0.022222
0 0.537500 0.612500 0.008333 0.023148
0 0.537500 0.611574 0.008333 0.026852
0 0.537760 0.613426 0.008854 0.026852
0 0.517448 0.593981 0.020313 0.041667
0 0.526823 0.563889 0.005729 0.022222
0 0.525521 0.568056 0.006250 0.021296
0 0.442708 0.595370 0.005208 0.024074
0 0.439323 0.590741 0.004687 0.025926
0 0.433854 0.589815 0.005208 0.029630
0 0.441667 0.584722 0.004167 0.028704
0 0.435677 0.574537 0.022396 0.036111
0 0.444792 0.547222 0.021875 0.035185
0 0.458073 0.597685 0.006771 0.023148
0 0.472656 0.578241 0.005729 0.021296
0 0.474740 0.546296 0.005729 0.020370
0 0.507292 0.543056 0.009375 0.021296
0 0.508854 0.540741 0.006250 0.022222
0 0.508333 0.546296 0.008333 0.022222
0 0.457552 0.604630 0.005729 0.022222
0 0.472396 0.584722 0.006250 0.023148
0 0.474740 0.553704 0.005729 0.022222
0 0.485677 0.520370 0.005729 0.020370
0 0.485417 0.525926 0.006250 0.022222
0 0.486719 0.507407 0.004687 0.014815
0 0.486979 0.503241 0.004167 0.017593
0 0.514323 0.503704 0.017188 0.031481
0 0.467187 0.512500 0.005208 0.023148
0 0.456250 0.518519 0.011458 0.029630
0 0.459375 0.493056 0.019792 0.034259
0 0.470052 0.456019 0.013021 0.026852
0 0.477604 0.434259 0.014583 0.022222
0 0.487240 0.441667 0.004687 0.022222
0 0.524479 0.436574 0.026042 0.028704
0 0.544531 0.447685 0.005729 0.017593
0 0.545573 0.449074 0.005729 0.016667
0 0.545052 0.414352 0.004687 0.013889
0 0.545312 0.417130 0.005208 0.015741
0 0.501823 0.400926 0.003646 0.014815
0 0.501563 0.404630 0.004167 0.014815
0 0.495573 0.386111 0.003646 0.016667
0 0.488281 0.388889 0.008854 0.012963
0 0.489844 0.376852 0.008854 0.018519
0 0.521094 0.366667 0.003646 0.012963
0 0.522656 0.351852 0.003646 0.011111
0 0.522917 0.350463 0.004167 0.012037
0 0.525781 0.341204 0.003646 0.012037
0 0.545312 0.344907 0.003125 0.010185
0 0.520833 0.369444 0.004167 0.012963
0 0.522917 0.354630 0.004167 0.012963
0 0.525781 0.343981 0.003646 0.012037
0 0.545312 0.349074 0.003125 0.011111
0 0.507292 0.359259 0.010417 0.022222
0 0.509375 0.339815 0.009375 0.014815
0 0.516146 0.330093 0.005208 0.012037
0 0.458854 0.287500 0.013542 0.012037
0 0.463281 0.296296 0.015104 0.014815
0 0.476042 0.300000 0.014583 0.012963
0 0.475260 0.289352 0.015104 0.012037
0 0.552865 0.328241 0.002604 0.010185
0 0.553125 0.330556 0.003125 0.011111
0 0.517188 0.304630 0.011458 0.014815
0 0.522656 0.310648 0.002604 0.012037
0 0.516667 0.315741 0.004167 0.011111
0 0.516406 0.317130 0.003646 0.010185
0 0.538542 0.315278 0.002083 0.013889
0 0.534115 0.318519 0.002604 0.011111
0 0.534115 0.319907 0.002604 0.010185
0 0.527083 0.316667 0.004167 0.009259
0 0.527083 0.318519 0.003125 0.011111
0 0.557292 0.309722 0.010417 0.013889
0 0.532552 0.309259 0.002604 0.009259
0 0.532813 0.311111 0.003125 0.009259
0 0.548698 0.309722 0.002604 0.010185
0 0.548958 0.311111 0.003125 0.009259
0 0.528646 0.298611 0.003125 0.012037
0 0.533073 0.289352 0.002604 0.012037
0 0.566146 0.325463 0.007292 0.008333
0 0.569531 0.314815 0.007812 0.009259
0 0.546615 0.293519 0.002604 0.009259
0 0.546615 0.295833 0.002604 0.008333
0 0.524479 0.274074 0.010417 0.009259
0 0.529687 0.263889 0.006250 0.009259
0 0.552344 0.294444 0.002604 0.009259
0 0.557813 0.289815 0.002083 0.009259
0 0.555729 0.286111 0.002083 0.009259
0 0.549740 0.287037 0.002604 0.007407
0 0.552344 0.296296 0.002604 0.009259
0 0.550000 0.289815 0.002083 0.007407
0 0.558073 0.292130 0.002604 0.008333
0 0.555990 0.288889 0.002604 0.009259
0 0.547917 0.281019 0.003125 0.010185
0 0.548438 0.282407 0.002083 0.009259
0 0.553906 0.277315 0.002604 0.008333
0 0.554167 0.279167 0.002083 0.008333
0 0.563542 0.280556 0.003125 0.011111
0 0.563802 0.281481 0.002604 0.009259
0 0.532813 0.259259 0.002083 0.011111
0 0.566667 0.271759 0.002083 0.010185
0 0.565104 0.268981 0.002083 0.008333
0 0.565104 0.269907 0.002083 0.008333
0 0.555990 0.269444 0.002604 0.007407
0 0.555990 0.271296 0.002604 0.007407
0 0.559896 0.269907 0.002083 0.006481
0 0.560156 0.272222 0.002604 0.007407
0 0.539323 0.259722 0.001563 0.006481
0 0.539323 0.260185 0.003646 0.007407
0 0.545573 0.257870 0.006771 0.010185
0 0.538802 0.250926 0.002604 0.007407
0 0.539062 0.253241 0.002083 0.006481
0 0.555990 0.262963 0.006771 0.011111
0 0.551562 0.257407 0.002083 0.007407
0 0.551562 0.258796 0.003125 0.008333
0 0.557292 0.251852 0.006250 0.009259
0 0.559635 0.249537 0.004687 0.008333
0 0.561458 0.246296 0.005208 0.007407
0 0.552865 0.243519 0.001563 0.007407
0 0.552865 0.244444 0.002604 0.007407
0 0.566667 0.237963 0.002083 0.007407
0 0.566667 0.238889 0.002083 0.005556
0 0.540104 0.232407 0.009375 0.007407
0 0.547917 0.231481 0.011458 0.009259
0 0.542969 0.222222 0.004687 0.009259
0 0.546615 0.217593 0.004687 0.007407
0 0.575260 0.197222 0.001563 0.007407
0 0.576042 0.190741 0.001042 0.005556
