0 0.100368 0.154248 0.068382 0.107190
0 0.242279 0.060131 0.046324 0.060131
0 0.621324 0.328758 0.048529 0.113725
0 0.666176 0.578431 0.170588 0.134641
0 0.677206 0.698693 0.176471 0.147712
0 0.696691 0.851634 0.183088 0.163399
0 0.475000 0.489542 0.017647 0.061438
0 0.651103 0.310458 0.011029 0.064052
0 0.476471 0.523529 0.010294 0.032680
0 0.402206 0.279085 0.011765 0.066667
0 0.422059 0.089542 0.027941 0.069281
0 0.424632 0.026144 0.027206 0.049673
0 0.080515 0.062092 0.016912 0.022222
0 0.076471 0.052941 0.010294 0.037908
0 0.430147 0.479085 0.013235 0.030065
0 0.425735 0.507190 0.010294 0.026144
0 0.431250 0.503268 0.015441 0.065359
