0 0.784375 0.662963 0.087500 0.107407
0 0.595833 0.509259 0.120833 0.166667
0 0.440625 0.417593 0.025000 0.038889
0 0.421875 0.248148 0.043750 0.074074
0 0.402083 0.205556 0.022917 0.029630
0 0.634375 0.460185 0.006250 0.016667
0 0.606250 0.439815 0.006250 0.020370
0 0.604688 0.458333 0.007292 0.020370
0 0.632812 0.469444 0.011458 0.020370
0 0.604688 0.461111 0.009375 0.022222
0 0.311979 0.250000 0.015625 0.025926
0 0.327083 0.205556 0.010417 0.018519
0 0.366667 0.163889 0.012500 0.012963
0 0.328646 0.119444 0.009375 0.012963
0 0.309375 0.087963 0.010417 0.020370
0 0.251042 0.040741 0.006250 0.011111
0 0.278125 0.065741 0.006250 0.009259
0 0.293229 0.088889 0.007292 0.011111
0 0.294271 0.104630 0.009375 0.012963
