0 0.462760 0.943056 0.019271 0.086111
0 0.465365 0.921296 0.019271 0.088889
0 0.389323 0.737500 0.010937 0.041667
0 0.389583 0.723148 0.014583 0.042593
0 0.328385 0.667593 0.027604 0.044444
0 0.409635 0.679167 0.010937 0.032407
0 0.410417 0.672222 0.009375 0.033333
0 0.320052 0.642593 0.008854 0.025926
0 0.320052 0.636111 0.006771 0.025926
0 0.688802 0.788889 0.048438 0.066667
0 0.684896 0.775926 0.083333 0.064815
0 0.673438 0.750463 0.073958 0.075000
0 0.484375 0.707407 0.042708 0.053704
0 0.578906 0.748611 0.017188 0.047222
0 0.579427 0.742130 0.014063 0.045370
0 0.095833 0.736574 0.021875 0.050926
0 0.242969 0.629167 0.007812 0.019444
0 0.239323 0.620833 0.005729 0.017593
0 0.272135 0.597685 0.004687 0.013889
0 0.352083 0.585648 0.003125 0.010185
0 0.349219 0.581944 0.003646 0.010185
0 0.095573 0.720370 0.016146 0.042593
0 0.243750 0.619444 0.007292 0.018519
0 0.239844 0.613426 0.005729 0.015741
0 0.272135 0.589352 0.004687 0.010185
0 0.352083 0.581481 0.003125 0.011111
0 0.349219 0.578241 0.002604 0.008333
0 0.071354 0.688889 0.050000 0.053704
0 0.281771 0.620833 0.021875 0.026852
0 0.207813 0.627778 0.028125 0.029630
0 0.468229 0.687037 0.029167 0.046296
0 0.431510 0.637500 0.024479 0.028704
0 0.418750 0.630093 0.020833 0.026852
0 0.382292 0.622222 0.023958 0.033333
0 0.486979 0.668981 0.057292 0.037963
0 0.259115 0.600000 0.007812 0.024074
0 0.255990 0.588889 0.016146 0.018519
0 0.033073 0.643519 0.054688 0.048148
0 0.062500 0.641667 0.051042 0.037037
0 0.069792 0.661111 0.012500 0.033333
0 0.088021 0.656944 0.008333 0.026852
0 0.088542 0.647222 0.009375 0.027778
0 0.078646 0.630093 0.040625 0.030556
0 0.165885 0.628241 0.028646 0.030556
0 0.197396 0.614352 0.044792 0.025000
0 0.592969 0.702778 0.059896 0.040741
0 0.380208 0.611111 0.015625 0.020370
0 0.375000 0.605556 0.014583 0.016667
0 0.372135 0.600000 0.013021 0.018519
0 0.368229 0.591667 0.011458 0.014815
0 0.359375 0.581481 0.010417 0.012963
0 0.329688 0.563426 0.007292 0.010185
0 0.303646 0.574074 0.006250 0.016667
0 0.276823 0.584722 0.006771 0.013889
0 0.290365 0.581481 0.009896 0.018519
0 0.292969 0.585185 0.003646 0.014815
0 0.885156 0.912037 0.158854 0.100000
0 0.855729 0.958796 0.046875 0.054630
