0 0.402941 0.771242 0.072059 0.125490
0 0.334191 0.644444 0.062500 0.101961
0 0.447059 0.588235 0.011765 0.049673
0 0.254779 0.515033 0.053676 0.091503
0 0.236765 0.606536 0.042647 0.070588
0 0.212500 0.430719 0.050000 0.092810
0 0.180147 0.364706 0.042647 0.073203
0 0.108456 0.813725 0.052206 0.118954
0 0.055882 0.735294 0.054412 0.113725
0 0.008456 0.370588 0.015441 0.048366
0 0.044485 0.130719 0.036029 0.049673
0 0.112132 0.958170 0.022794 0.078431
0 0.913603 0.471895 0.055147 0.078431
0 0.974632 0.444444 0.046324 0.088889
0 0.950368 0.401961 0.052206 0.087582
0 0.958824 0.779739 0.019118 0.058824
0 0.831618 0.860784 0.020588 0.058824
0 0.833456 0.845098 0.018382 0.048366
0 0.895956 0.620261 0.022794 0.035294
0 0.899632 0.611765 0.013971 0.039216
0 0.697794 0.592810 0.075000 0.087582
0 0.434191 0.300654 0.046324 0.054902
0 0.626103 0.171242 0.036029 0.039216
0 0.605147 0.155556 0.047059 0.044444
0 0.514338 0.171242 0.043382 0.041830
0 0.588603 0.141176 0.037500 0.039216
0 0.582353 0.123529 0.036765 0.037908
0 0.544118 0.107843 0.036765 0.040523
0 0.384191 0.158824 0.041912 0.040523
0 0.358088 0.162745 0.011765 0.032680
0 0.358088 0.116993 0.047059 0.045752
0 0.440074 0.117647 0.046324 0.033987
0 0.487500 0.059477 0.038235 0.035294
0 0.480882 0.094118 0.038235 0.031373
0 0.516912 0.079739 0.032353 0.033987
0 0.322426 0.177778 0.011029 0.036601
0 0.318382 0.161438 0.008824 0.043137
0 0.329779 0.163399 0.012500 0.049673
0 0.286397 0.113072 0.022794 0.040523
0 0.263603 0.109150 0.011029 0.032680
0 0.385662 0.076471 0.038971 0.043137
0 0.336397 0.037908 0.044853 0.052288
