0 0.190365 0.673148 0.019271 0.070370
0 0.170052 0.671296 0.018229 0.075926
0 0.647396 0.481481 0.011458 0.046296
0 0.665365 0.506944 0.010937 0.043519
0 0.658073 0.482407 0.009896 0.044444
0 0.675000 0.496296 0.010417 0.053704
0 0.357552 0.788426 0.055729 0.149074
0 0.434635 0.623148 0.042188 0.090741
0 0.348958 0.600926 0.043750 0.090741
0 0.577604 0.583333 0.042708 0.068519
0 0.351042 0.498611 0.039583 0.091667
0 0.436719 0.465278 0.030729 0.075000
0 0.389323 0.456481 0.029687 0.059259
0 0.380729 0.372685 0.025000 0.047222
0 0.441146 0.318056 0.023958 0.037963
0 0.522917 0.340278 0.034375 0.075000
0 0.416667 0.237500 0.017708 0.028704
0 0.490365 0.242130 0.018229 0.028704
0 0.435156 0.174074 0.014063 0.022222
0 0.513021 0.158333 0.004167 0.011111
0 0.513542 0.165741 0.007292 0.012963
0 0.462500 0.140278 0.005208 0.008333
0 0.463021 0.146759 0.006250 0.010185
0 0.435677 0.147222 0.010937 0.016667
0 0.451302 0.148611 0.011979 0.019444
0 0.491927 0.140278 0.010937 0.013889
