0 0.750521 0.573148 0.088542 0.161111
0 0.512500 0.650000 0.058333 0.166667
0 0.391667 0.377778 0.043750 0.114815
0 0.532813 0.342593 0.051042 0.092593
0 0.527604 0.173148 0.030208 0.057407
0 0.576042 0.240741 0.045833 0.074074
0 0.583333 0.067593 0.027083 0.042593
0 0.469792 0.062963 0.022917 0.040741
0 0.475521 0.019444 0.021875 0.035185
0 0.374479 0.048148 0.032292 0.059259
0 0.181771 0.257407 0.082292 0.062963
0 0.265625 0.206481 0.012500 0.050000
0 0.695833 0.452778 0.018750 0.053704
0 0.622917 0.206481 0.010417 0.046296
0 0.501563 0.226852 0.015625 0.050000
0 0.649479 0.152778 0.009375 0.042593
0 0.639062 0.032407 0.007292 0.031481
0 0.664583 0.044444 0.008333 0.037037
0 0.697917 0.088889 0.039583 0.055556
0 0.742708 0.091667 0.043750 0.053704
0 0.719792 0.064815 0.008333 0.040741
0 0.800521 0.088889 0.046875 0.044444
0 0.839063 0.080556 0.046875 0.050000
0 0.881250 0.087963 0.045833 0.053704
0 0.787500 0.196296 0.068750 0.077778
0 0.840104 0.189815 0.076042 0.079630
0 0.875521 0.185185 0.059375 0.059259
0 0.821354 0.267593 0.015625 0.050000
0 0.813021 0.317593 0.090625 0.061111
0 0.829167 0.366667 0.108333 0.077778
0 0.900521 0.353704 0.036458 0.051852
0 0.922917 0.405556 0.037500 0.048148
0 0.585417 0.293519 0.010417 0.050000
0 0.590104 0.300926 0.019792 0.050000
0 0.839063 0.624074 0.096875 0.177778
0 0.928125 0.672222 0.052083 0.103704
0 0.601562 0.190741 0.009375 0.044444
0 0.605208 0.199074 0.006250 0.046296
0 0.592708 0.147222 0.010417 0.038889
0 0.591146 0.162037 0.009375 0.035185
