0 0.346875 0.898148 0.047917 0.125926
0 0.426563 0.664815 0.015625 0.055556
0 0.427083 0.666667 0.012500 0.029630
0 0.423958 0.611111 0.010417 0.029630
0 0.423958 0.621296 0.008333 0.027778
0 0.437500 0.602778 0.008333 0.024074
0 0.437500 0.592593 0.008333 0.029630
0 0.425521 0.573148 0.007292 0.024074
0 0.425521 0.563889 0.007292 0.024074
0 0.436979 0.562963 0.009375 0.018519
0 0.436979 0.551852 0.009375 0.025926
0 0.422396 0.519444 0.009375 0.031481
0 0.423438 0.519444 0.007292 0.020370
0 0.394792 0.537037 0.035417 0.114815
0 0.431250 0.483333 0.006250 0.018519
0 0.431250 0.477778 0.006250 0.018519
0 0.442188 0.441667 0.015625 0.024074
0 0.307812 0.413889 0.021875 0.016667
0 0.440625 0.408333 0.014583 0.024074
0 0.488542 0.477778 0.006250 0.018519
0 0.488021 0.482407 0.007292 0.016667
0 0.470313 0.532407 0.019792 0.031481
0 0.500521 0.541667 0.005208 0.020370
0 0.500000 0.547222 0.006250 0.024074
0 0.510938 0.550926 0.005208 0.016667
0 0.515104 0.546296 0.005208 0.029630
0 0.522917 0.459259 0.027083 0.025926
0 0.521354 0.416667 0.021875 0.022222
0 0.561979 0.825000 0.015625 0.046296
0 0.561979 0.812963 0.015625 0.037037
0 0.562500 0.821296 0.020833 0.035185
0 0.618229 0.851852 0.009375 0.062963
0 0.633854 0.840741 0.009375 0.055556
0 0.458854 0.394444 0.005208 0.014815
0 0.471354 0.396296 0.003125 0.011111
0 0.457292 0.383333 0.004167 0.011111
0 0.459375 0.373148 0.004167 0.012963
0 0.430729 0.392593 0.003125 0.011111
0 0.426563 0.386111 0.005208 0.012963
0 0.430208 0.385185 0.004167 0.011111
0 0.458333 0.398148 0.006250 0.007407
0 0.471354 0.400000 0.003125 0.007407
0 0.459896 0.376852 0.005208 0.005556
0 0.430729 0.400926 0.005208 0.009259
0 0.426042 0.390741 0.004167 0.007407
0 0.457292 0.387963 0.004167 0.009259
0 0.444271 0.350000 0.009375 0.014815
0 0.434375 0.335185 0.008333 0.011111
0 0.447917 0.338889 0.008333 0.011111
0 0.446875 0.328704 0.006250 0.012963
0 0.454688 0.351852 0.005208 0.018519
0 0.454688 0.347222 0.005208 0.009259
0 0.469271 0.356481 0.011458 0.024074
