0 0.629687 0.595833 0.011458 0.047222
0 0.602083 0.631944 0.010417 0.052778
0 0.658333 0.798148 0.087500 0.066667
0 0.657031 0.758333 0.091146 0.066667
0 0.648698 0.712963 0.079687 0.064815
0 0.609375 0.854167 0.011458 0.058333
0 0.723177 0.837963 0.013021 0.038889
0 0.930729 0.923611 0.111458 0.082407
0 0.856250 0.664352 0.019792 0.050926
0 0.870573 0.666667 0.019271 0.044444
0 0.885156 0.666204 0.018229 0.045370
0 0.896615 0.660185 0.014063 0.050000
0 0.909896 0.663426 0.013542 0.049074
0 0.921615 0.663426 0.014063 0.043519
0 0.936198 0.663426 0.017188 0.045370
0 0.959896 0.660648 0.028125 0.047222
0 0.972656 0.663426 0.024479 0.047222
0 0.985156 0.663426 0.025521 0.045370
0 0.874740 0.578704 0.014063 0.038889
0 0.915625 0.577315 0.007292 0.036111
0 0.923958 0.578241 0.011458 0.037963
0 0.949479 0.579167 0.033333 0.065741
0 0.559375 0.520370 0.006250 0.029630
0 0.559115 0.511574 0.007812 0.028704
0 0.407292 0.961111 0.016667 0.050000
0 0.194792 0.883796 0.071875 0.119444
0 0.148177 0.746759 0.068229 0.099074
0 0.293750 0.663426 0.045833 0.080556
0 0.457292 0.476389 0.025000 0.043519
0 0.424479 0.566204 0.010417 0.034259
0 0.424479 0.557870 0.009375 0.032407
0 0.260156 0.648148 0.014063 0.037037
0 0.219271 0.691204 0.013542 0.043519
0 0.256771 0.607870 0.011458 0.037963
0 0.293490 0.522685 0.010937 0.030556
0 0.341927 0.434259 0.008854 0.024074
0 0.442708 0.362500 0.006250 0.021296
0 0.216667 0.679630 0.011458 0.035185
0 0.260677 0.633333 0.011979 0.033333
0 0.254688 0.606944 0.010417 0.026852
0 0.255990 0.600926 0.010937 0.035185
0 0.292708 0.517593 0.009375 0.027778
0 0.307292 0.466667 0.008333 0.031481
0 0.307812 0.478704 0.008333 0.025926
0 0.341927 0.428241 0.008854 0.028704
0 0.362760 0.417130 0.016146 0.039815
0 0.398177 0.387963 0.014063 0.042593
0 0.336719 0.395370 0.006771 0.035185
0 0.308854 0.427315 0.041667 0.045370
0 0.322396 0.402778 0.006250 0.029630
0 0.325521 0.394444 0.027083 0.042593
0 0.344531 0.370370 0.026562 0.037037
0 0.345052 0.342593 0.021354 0.035185
0 0.405208 0.352778 0.020833 0.038889
0 0.246615 0.511574 0.026562 0.065741
0 0.248177 0.437037 0.007812 0.029630
0 0.248438 0.430556 0.007292 0.029630
0 0.031771 0.760648 0.043750 0.080556
0 0.075000 0.680556 0.040625 0.079630
0 0.091406 0.731019 0.032813 0.037963
0 0.172656 0.589815 0.038021 0.059259
0 0.203385 0.658796 0.036979 0.075000
0 0.177865 0.658796 0.022396 0.058333
0 0.183594 0.654630 0.007812 0.048148
0 0.144010 0.646296 0.027604 0.033333
0 0.137500 0.622685 0.010417 0.032407
0 0.138802 0.630093 0.008854 0.028704
0 0.037500 0.417593 0.032292 0.022222
0 0.005729 0.389815 0.007292 0.022222
0 0.033333 0.380093 0.014583 0.019444
0 0.055208 0.371759 0.013542 0.028704
0 0.036198 0.404630 0.005729 0.020370
0 0.040365 0.403704 0.003646 0.014815
0 0.124479 0.367593 0.006250 0.027778
0 0.136458 0.341204 0.008333 0.026852
0 0.147396 0.333333 0.008333 0.024074
0 0.265625 0.377778 0.006250 0.029630
0 0.158073 0.331944 0.014063 0.017593
0 0.164583 0.336574 0.006250 0.013889
0 0.161458 0.328241 0.005208 0.019444
0 0.216927 0.420833 0.028646 0.049074
0 0.259896 0.352778 0.026042 0.027778
0 0.250521 0.376852 0.006250 0.016667
0 0.252344 0.374074 0.002604 0.011111
0 0.322396 0.338889 0.005208 0.018519
0 0.322656 0.335648 0.005729 0.021296
0 0.330469 0.295833 0.004687 0.025000
0 0.324219 0.300463 0.006771 0.025000
0 0.361198 0.298611 0.006771 0.013889
0 0.360156 0.291667 0.005729 0.020370
0 0.337240 0.283796 0.016146 0.032407
0 0.406771 0.313426 0.016667 0.032407
0 0.384896 0.310185 0.010417 0.024074
0 0.385156 0.298148 0.005729 0.014815
0 0.384896 0.306944 0.005208 0.015741
0 0.390365 0.275463 0.017188 0.026852
0 0.446354 0.292593 0.016667 0.033333
0 0.470573 0.267593 0.014063 0.022222
0 0.450521 0.263889 0.015625 0.025926
0 0.413281 0.260648 0.015104 0.032407
0 0.494531 0.311111 0.003646 0.014815
0 0.476302 0.306944 0.004687 0.017593
0 0.482292 0.281944 0.005208 0.019444
0 0.490365 0.255556 0.004687 0.016667
0 0.494010 0.306944 0.004687 0.021296
0 0.476042 0.306019 0.004167 0.015741
0 0.476823 0.291667 0.006771 0.016667
0 0.482031 0.279630 0.004687 0.016667
0 0.490365 0.255556 0.004687 0.014815
0 0.490885 0.250926 0.004687 0.014815
0 0.428125 0.244907 0.005208 0.015741
0 0.428385 0.251389 0.005729 0.013889
0 0.436198 0.258796 0.003646 0.023148
0 0.434635 0.253241 0.003646 0.021296
0 0.438802 0.252778 0.003646 0.020370
0 0.448437 0.248611 0.014583 0.023148
0 0.442969 0.226852 0.020313 0.037037
0 0.406771 0.218981 0.017708 0.041667
0 0.355990 0.258333 0.003646 0.020370
0 0.377083 0.244907 0.004167 0.021296
0 0.374740 0.245370 0.003646 0.020370
0 0.375521 0.242130 0.003125 0.019444
0 0.379688 0.242130 0.005208 0.021296
0 0.360677 0.256019 0.015104 0.026852
0 0.329167 0.244444 0.018750 0.022222
0 0.344531 0.242593 0.015104 0.024074
0 0.366146 0.222685 0.011458 0.023148
0 0.379688 0.232870 0.005208 0.015741
0 0.354687 0.232870 0.009375 0.012037
0 0.353906 0.228704 0.004687 0.016667
0 0.323177 0.226852 0.010937 0.011111
0 0.321875 0.222685 0.005208 0.019444
0 0.420833 0.206481 0.008333 0.009259
0 0.421094 0.201389 0.003646 0.013889
0 0.434635 0.209259 0.004687 0.012963
0 0.434635 0.206019 0.004687 0.017593
0 0.488281 0.218056 0.008854 0.010185
0 0.487500 0.213426 0.004167 0.015741
0 0.467969 0.200926 0.002604 0.012963
0 0.478906 0.195370 0.003646 0.018519
0 0.482292 0.196296 0.004167 0.016667
0 0.490625 0.203241 0.008333 0.012037
0 0.490365 0.199537 0.003646 0.012037
0 0.495312 0.198611 0.007292 0.012037
0 0.495573 0.196296 0.003646 0.012963
0 0.456771 0.189352 0.003125 0.012037
0 0.461979 0.185648 0.003125 0.012037
0 0.473698 0.187037 0.004687 0.011111
0 0.456510 0.186574 0.003646 0.013889
0 0.462240 0.183796 0.003646 0.012037
0 0.473698 0.183333 0.003646 0.012963
0 0.468229 0.197222 0.003125 0.014815
0 0.405729 0.180093 0.009375 0.028704
0 0.449740 0.168056 0.010937 0.023148
0 0.466406 0.161111 0.009896 0.016667
0 0.420573 0.169907 0.002604 0.010185
0 0.420573 0.166667 0.002604 0.011111
0 0.389323 0.153704 0.013021 0.031481
0 0.403125 0.136111 0.008333 0.012963
0 0.427344 0.134259 0.008854 0.012963
0 0.423177 0.110185 0.010937 0.022222
0 0.401302 0.124537 0.007812 0.013889
0 0.464844 0.154630 0.009896 0.012963
0 0.389844 0.173611 0.003646 0.012037
0 0.390104 0.170833 0.003125 0.010185
0 0.410417 0.151852 0.003125 0.009259
0 0.440365 0.149537 0.002604 0.010185
0 0.447396 0.142593 0.003125 0.009259
0 0.453385 0.142593 0.002604 0.009259
0 0.449479 0.137037 0.003125 0.007407
0 0.439844 0.136574 0.002604 0.008333
0 0.410677 0.149074 0.002604 0.011111
0 0.440104 0.146759 0.003125 0.010185
0 0.447135 0.140278 0.002604 0.010185
0 0.453385 0.140278 0.003646 0.010185
0 0.449479 0.133796 0.003125 0.008333
0 0.439844 0.133796 0.002604 0.010185
0 0.460677 0.167593 0.003646 0.009259
0 0.461198 0.170833 0.003646 0.010185
0 0.451302 0.153241 0.005729 0.013889
0 0.435937 0.115741 0.007292 0.012963
0 0.398438 0.108333 0.007292 0.012963
