0 0.438603 0.749020 0.052206 0.159477
0 0.503309 0.552941 0.047794 0.101961
0 0.869118 0.670588 0.039706 0.041830
0 0.773897 0.860784 0.015441 0.077124
0 0.752941 0.573856 0.016176 0.062745
0 0.570956 0.492157 0.011029 0.056209
0 0.584559 0.448366 0.045588 0.070588
0 0.655882 0.520915 0.011765 0.048366
0 0.658088 0.510458 0.010294 0.056209
0 0.807353 0.469935 0.016176 0.048366
0 0.752206 0.381046 0.010294 0.035294
0 0.766176 0.479739 0.016176 0.044444
0 0.749632 0.475817 0.012500 0.044444
0 0.626471 0.315033 0.020588 0.031373
0 0.641912 0.389542 0.079412 0.060131
0 0.632353 0.355556 0.067647 0.052288
0 0.670221 0.226797 0.009559 0.035294
0 0.298529 0.769281 0.023529 0.069281
0 0.298162 0.660131 0.100735 0.133333
0 0.348529 0.554902 0.042647 0.108497
0 0.156618 0.739216 0.014706 0.056209
0 0.145956 0.732680 0.019853 0.071895
0 0.066912 0.704575 0.042647 0.049673
0 0.090809 0.673203 0.040441 0.065359
0 0.175000 0.527451 0.091176 0.100654
0 0.366912 0.290196 0.029412 0.060131
0 0.548162 0.301961 0.034559 0.049673
0 0.265809 0.190850 0.008088 0.036601
0 0.321691 0.207843 0.019853 0.020915
0 0.313603 0.198039 0.009559 0.030065
0 0.314338 0.216340 0.008088 0.030065
0 0.263971 0.154248 0.010294 0.023529
0 0.272794 0.125490 0.007353 0.020915
0 0.286397 0.100654 0.005147 0.026144
0 0.368015 0.181046 0.022794 0.040523
0 0.420588 0.075817 0.016176 0.028758
0 0.431618 0.228105 0.027941 0.058824
0 0.465441 0.203268 0.022059 0.040523
0 0.350368 0.149020 0.052206 0.036601
0 0.368015 0.116340 0.018382 0.044444
0 0.375735 0.106536 0.016176 0.032680
0 0.365809 0.054902 0.024265 0.026144
0 0.377206 0.040523 0.011765 0.033987
0 0.395588 0.032026 0.020588 0.024837
0 0.392647 0.200000 0.007353 0.033987
0 0.393382 0.194118 0.007353 0.032680
0 0.656250 0.260784 0.013971 0.030065
0 0.642279 0.259477 0.008088 0.037908
0 0.631250 0.256863 0.009559 0.043137
0 0.621691 0.285621 0.013971 0.030065
0 0.596324 0.262745 0.058824 0.041830
0 0.581250 0.226797 0.059559 0.048366
0 0.589338 0.198039 0.036029 0.045752
0 0.530147 0.244444 0.029412 0.047059
0 0.520956 0.211111 0.024265 0.037908
0 0.494853 0.288889 0.010294 0.033987
0 0.495588 0.281699 0.008824 0.035294
0 0.511765 0.100000 0.005882 0.027451
0 0.559926 0.048366 0.008088 0.015686
0 0.501838 0.150980 0.022794 0.040523
0 0.496691 0.130719 0.021324 0.033987
0 0.487500 0.091503 0.019118 0.028758
0 0.436765 0.037908 0.014706 0.023529
0 0.511029 0.071242 0.013235 0.014379
0 0.503676 0.056863 0.026471 0.027451
0 0.476471 0.055556 0.014706 0.022222
0 0.466912 0.072549 0.004412 0.019608
0 0.466544 0.067320 0.005147 0.022222
0 0.498529 0.026797 0.029412 0.022222
0 0.468750 0.024183 0.024265 0.024837
0 0.462500 0.035294 0.014706 0.023529
0 0.450735 0.036601 0.004412 0.020915
0 0.452941 0.066667 0.004412 0.020915
0 0.452574 0.063399 0.005147 0.022222
