0 0.263603 0.949673 0.009559 0.056209
0 0.363971 0.943791 0.102941 0.091503
0 0.387500 0.916993 0.067647 0.050980
0 0.040441 0.911111 0.073529 0.067974
0 0.133824 0.853595 0.055882 0.054902
0 0.180882 0.826797 0.063235 0.050980
0 0.213235 0.815686 0.051471 0.049673
0 0.207721 0.790850 0.056618 0.049673
0 0.219485 0.782353 0.050735 0.040523
0 0.464338 0.750327 0.046324 0.049673
0 0.263235 0.736601 0.036765 0.056209
0 0.326471 0.709150 0.038235 0.027451
0 0.361765 0.698039 0.029412 0.036601
0 0.252941 0.926144 0.076471 0.066667
0 0.264338 0.905882 0.075735 0.054902
0 0.275368 0.883660 0.072794 0.049673
0 0.287132 0.866013 0.069853 0.050980
0 0.305882 0.852288 0.061765 0.052288
0 0.322059 0.832680 0.055882 0.041830
0 0.328676 0.818301 0.055882 0.036601
0 0.334559 0.806536 0.050000 0.039216
0 0.344853 0.797386 0.051471 0.039216
0 0.351103 0.791503 0.047794 0.032680
0 0.363971 0.780392 0.044118 0.039216
0 0.370588 0.771895 0.039706 0.035294
0 0.374265 0.763399 0.042647 0.031373
0 0.387132 0.750980 0.043382 0.043137
0 0.393750 0.739216 0.040441 0.032680
0 0.416176 0.714379 0.041176 0.037908
0 0.421691 0.703268 0.040441 0.033987
0 0.479779 0.709150 0.043382 0.048366
0 0.482721 0.696078 0.052206 0.058824
0 0.494853 0.696732 0.033824 0.026144
0 0.498529 0.692157 0.032353 0.022222
0 0.496691 0.681046 0.038971 0.031373
0 0.497794 0.675817 0.030882 0.018301
0 0.508088 0.668627 0.010294 0.016993
0 0.337132 0.689542 0.024265 0.022222
0 0.337868 0.671242 0.024265 0.024837
0 0.354412 0.669281 0.013235 0.023529
0 0.373529 0.664052 0.019118 0.031373
0 0.389706 0.671242 0.017647 0.019608
0 0.390074 0.662745 0.025735 0.020915
0 0.393015 0.660784 0.024265 0.016993
0 0.394853 0.657516 0.023529 0.018301
0 0.398162 0.656863 0.022794 0.016993
0 0.335662 0.647712 0.016912 0.022222
0 0.344485 0.642484 0.025735 0.032680
0 0.361029 0.640523 0.023529 0.033987
0 0.376103 0.637908 0.024265 0.031373
0 0.391912 0.637255 0.019118 0.030065
0 0.406250 0.637255 0.018382 0.032680
0 0.422426 0.644444 0.016912 0.018301
0 0.434926 0.642484 0.012500 0.019608
