0 0.327344 0.856019 0.067187 0.182407
0 0.490885 0.525926 0.026562 0.050000
0 0.546875 0.591667 0.023958 0.055556
0 0.436458 0.540278 0.008333 0.034259
0 0.436458 0.550926 0.008333 0.033333
0 0.396354 0.551852 0.039583 0.112963
0 0.406771 0.508333 0.037500 0.079630
0 0.426302 0.443056 0.029687 0.080556
0 0.504948 0.363889 0.017188 0.027778
0 0.458073 0.408796 0.005729 0.023148
0 0.457813 0.415278 0.006250 0.021296
0 0.444531 0.342593 0.016146 0.033333
0 0.447917 0.328241 0.017708 0.030556
0 0.484635 0.286111 0.010937 0.018519
0 0.455990 0.299074 0.010937 0.018519
0 0.457292 0.286574 0.013542 0.019444
0 0.146354 0.271296 0.026042 0.022222
0 0.272656 0.293981 0.026562 0.017593
0 0.208073 0.253704 0.033854 0.027778
0 0.183073 0.264815 0.026562 0.022222
0 0.188802 0.262500 0.025521 0.021296
0 0.155208 0.272685 0.019792 0.019444
0 0.162500 0.272222 0.022917 0.016667
0 0.275260 0.290278 0.025521 0.013889
0 0.305729 0.290278 0.020833 0.015741
0 0.314323 0.283333 0.020313 0.016667
0 0.461719 0.260185 0.013021 0.029630
0 0.467969 0.246759 0.008854 0.017593
