0 0.661719 0.746296 0.050521 0.081481
0 0.600521 0.574074 0.012500 0.042593
0 0.584115 0.627778 0.027604 0.033333
0 0.623958 0.686111 0.012500 0.042593
0 0.526042 0.667593 0.016667 0.048148
0 0.535677 0.622685 0.015104 0.034259
0 0.459115 0.899537 0.151562 0.137963
0 0.615365 0.667593 0.014063 0.075926
0 0.561198 0.689815 0.024479 0.048148
0 0.574219 0.682870 0.011979 0.060185
0 0.589583 0.680093 0.011458 0.037963
0 0.588802 0.675926 0.014063 0.057407
0 0.590104 0.707407 0.033333 0.079630
0 0.928906 0.636574 0.051562 0.065741
0 0.969271 0.681019 0.061458 0.065741
