0 0.476471 0.058824 0.008824 0.052288
0 0.483088 0.064706 0.008824 0.035294
0 0.397426 0.111111 0.015441 0.054902
0 0.397426 0.120261 0.027206 0.041830
0 0.421691 0.128758 0.012500 0.056209
0 0.430147 0.137908 0.011765 0.035294
0 0.431618 0.174510 0.010294 0.056209
0 0.489706 0.137255 0.076471 0.083660
0 0.500735 0.249673 0.014706 0.065359
0 0.425000 0.392157 0.089706 0.096732
0 0.329779 0.532026 0.016912 0.070588
0 0.348162 0.515033 0.022794 0.062745
0 0.344118 0.558824 0.017647 0.069281
0 0.356250 0.558170 0.016912 0.070588
0 0.231250 0.713725 0.025735 0.075817
0 0.258088 0.724837 0.020588 0.087582
0 0.320956 0.803268 0.155147 0.137255
0 0.301103 0.905229 0.059559 0.066667
0 0.358456 0.950980 0.027206 0.098039
0 0.400000 0.960784 0.013235 0.057516
0 0.435662 0.923529 0.055147 0.061438
0 0.437500 0.939869 0.019118 0.052288
0 0.537500 0.913725 0.014706 0.067974
0 0.557353 0.897386 0.019118 0.074510
0 0.574632 0.924183 0.016912 0.075817
0 0.470956 0.725490 0.019853 0.078431
0 0.615441 0.547059 0.127941 0.116340
0 0.608456 0.312418 0.093382 0.096732
0 0.635662 0.194771 0.083088 0.078431
0 0.892279 0.310458 0.091912 0.061438
0 0.970956 0.253595 0.021324 0.052288
0 0.965441 0.266013 0.039706 0.043137
0 0.877941 0.296078 0.032353 0.056209
0 0.108456 0.024837 0.012500 0.041830
0 0.107721 0.039216 0.012500 0.044444
0 0.540441 0.039216 0.011765 0.047059
0 0.559559 0.027451 0.008824 0.049673
0 0.550735 0.033333 0.008824 0.032680
0 0.570221 0.064052 0.011029 0.052288
0 0.570588 0.030719 0.007353 0.043137
0 0.493015 0.044444 0.009559 0.047059
0 0.491544 0.018301 0.006618 0.033987
0 0.538603 0.045098 0.013971 0.043137
