0 0.540074 0.718954 0.155147 0.185621
0 0.474632 0.522876 0.133088 0.149020
0 0.689706 0.490196 0.017647 0.088889
0 0.683456 0.499346 0.062500 0.060131
0 0.705882 0.355556 0.097059 0.133333
0 0.147059 0.735948 0.210294 0.235294
0 0.736397 0.823529 0.178676 0.222222
0 0.960662 0.481699 0.074265 0.137255
0 0.720956 0.228758 0.090441 0.073203
0 0.260662 0.205229 0.009559 0.060131
0 0.028309 0.215686 0.056618 0.091503
0 0.338235 0.209804 0.014706 0.056209
0 0.344853 0.211765 0.008824 0.039216
0 0.349265 0.209804 0.011765 0.061438
0 0.422059 0.149020 0.013235 0.054902
0 0.394485 0.141830 0.011029 0.040523
0 0.286765 0.092810 0.047059 0.062745
0 0.280515 0.050980 0.008088 0.044444
0 0.355147 0.081046 0.014706 0.028758
0 0.907721 0.267974 0.077206 0.088889
0 0.936765 0.176471 0.055882 0.065359
0 0.791912 0.201961 0.033824 0.043137
0 0.733824 0.166667 0.008824 0.045752
0 0.728676 0.160131 0.010294 0.040523
0 0.739706 0.144444 0.060294 0.064052
0 0.724632 0.113072 0.059559 0.050980
0 0.686029 0.109804 0.008824 0.049673
0 0.496691 0.199346 0.012500 0.056209
0 0.415074 0.095425 0.009559 0.033987
0 0.398162 0.035294 0.009559 0.041830
0 0.357353 0.032026 0.010294 0.035294
