0 0.360294 0.672549 0.150000 0.241830
0 0.424265 0.543791 0.127941 0.219608
0 0.142647 0.245098 0.092647 0.171242
0 0.241912 0.204575 0.098529 0.158170
0 0.326838 0.111765 0.086029 0.124183
0 0.754779 0.171895 0.106618 0.147712
0 0.234559 0.386275 0.039706 0.108497
0 0.236029 0.376471 0.029412 0.083660
0 0.477574 0.333333 0.037500 0.070588
0 0.477941 0.319608 0.023529 0.064052
0 0.535294 0.145752 0.035294 0.061438
0 0.645221 0.288235 0.022794 0.071895
0 0.748897 0.097386 0.019853 0.069281
0 0.801103 0.409150 0.031618 0.078431
0 0.908456 0.269935 0.028676 0.074510
0 0.899632 0.275817 0.041912 0.078431
0 0.954412 0.427451 0.032353 0.083660
0 0.947794 0.427451 0.064706 0.073203
0 0.893015 0.339869 0.025735 0.078431
0 0.865809 0.352941 0.033088 0.070588
0 0.872426 0.365359 0.027206 0.077124
0 0.716912 0.565359 0.027941 0.058824
0 0.724265 0.583007 0.027941 0.054902
0 0.711029 0.575163 0.047059 0.081046
0 0.666912 0.034641 0.020588 0.069281
