0 0.130208 0.885185 0.086458 0.190741
0 0.625781 0.935648 0.073438 0.128704
0 0.814844 0.849537 0.150521 0.239815
0 0.941927 0.629630 0.096354 0.051852
0 0.897656 0.622685 0.074479 0.047222
0 0.871354 0.614352 0.081250 0.056481
0 0.837240 0.604630 0.063021 0.053704
0 0.812760 0.593056 0.063021 0.041667
0 0.788281 0.579630 0.077604 0.051852
0 0.874219 0.571759 0.035937 0.047222
0 0.851562 0.562963 0.062500 0.037037
0 0.265365 0.650926 0.048438 0.159259
0 0.384375 0.788426 0.119792 0.180556
0 0.414323 0.703241 0.078646 0.121296
0 0.439583 0.653241 0.063542 0.097222
0 0.444271 0.607870 0.048958 0.060185
0 0.447917 0.588889 0.040625 0.050000
0 0.455990 0.575926 0.032813 0.046296
0 0.460417 0.562963 0.025000 0.046296
0 0.460156 0.547685 0.023438 0.037963
0 0.467187 0.543519 0.018750 0.035185
0 0.473698 0.511111 0.010937 0.014815
0 0.439063 0.529167 0.004167 0.025000
0 0.438281 0.540278 0.005729 0.023148
0 0.421615 0.538889 0.015104 0.018519
0 0.420833 0.543981 0.008333 0.023148
0 0.421354 0.557870 0.006250 0.026852
0 0.511979 0.634722 0.054167 0.078704
0 0.516927 0.608796 0.045312 0.063889
0 0.507812 0.585648 0.037500 0.043519
0 0.502865 0.571759 0.029687 0.043519
0 0.496875 0.541204 0.022917 0.047222
0 0.654427 0.790741 0.032813 0.157407
0 0.650521 0.825463 0.038542 0.126852
0 0.640365 0.675000 0.020313 0.112963
0 0.622135 0.667593 0.021354 0.114815
0 0.616927 0.665741 0.015104 0.098148
0 0.556250 0.661574 0.022917 0.106481
0 0.596094 0.681481 0.022396 0.092593
0 0.591927 0.713426 0.021354 0.091667
0 0.569792 0.624074 0.017708 0.053704
0 0.570052 0.647222 0.016146 0.053704
0 0.574479 0.598148 0.017708 0.044444
0 0.576302 0.619444 0.011979 0.033333
0 0.539062 0.567130 0.014583 0.030556
0 0.536719 0.583796 0.009896 0.028704
0 0.515104 0.532407 0.005208 0.025926
0 0.520573 0.537500 0.007812 0.023148
0 0.520312 0.547685 0.005208 0.019444
0 0.528125 0.553704 0.006250 0.025926
0 0.527604 0.570833 0.007292 0.023148
0 0.545052 0.558796 0.009896 0.036111
0 0.543229 0.569444 0.005208 0.024074
0 0.539323 0.546759 0.005729 0.023148
0 0.534635 0.547685 0.006771 0.030556
0 0.546094 0.549537 0.005729 0.025000
0 0.580990 0.532407 0.028646 0.024074
