0 0.469792 0.926852 0.014583 0.053704
0 0.568750 0.839815 0.014583 0.046296
0 0.563021 0.729630 0.013542 0.037037
0 0.526563 0.643519 0.009375 0.031481
0 0.542708 0.601852 0.008333 0.029630
0 0.531771 0.506481 0.007292 0.020370
0 0.526042 0.489815 0.006250 0.016667
0 0.531771 0.456481 0.005208 0.020370
0 0.468229 0.462963 0.007292 0.018519
0 0.524479 0.439815 0.005208 0.012963
0 0.508854 0.435185 0.005208 0.014815
0 0.511979 0.417593 0.005208 0.012963
0 0.499479 0.397222 0.005208 0.012963
0 0.486979 0.446296 0.005208 0.014815
0 0.468750 0.905556 0.012500 0.055556
0 0.568229 0.830556 0.013542 0.046296
0 0.563021 0.729630 0.013542 0.037037
0 0.562500 0.716667 0.010417 0.033333
0 0.526042 0.635185 0.008333 0.033333
0 0.544271 0.593519 0.007292 0.027778
0 0.532292 0.501852 0.006250 0.022222
0 0.525521 0.486111 0.005208 0.020370
0 0.531771 0.450926 0.005208 0.016667
0 0.523958 0.437037 0.004167 0.014815
0 0.508854 0.434259 0.003125 0.012963
0 0.508854 0.429630 0.005208 0.014815
0 0.487500 0.442593 0.004167 0.014815
0 0.468229 0.458333 0.005208 0.016667
0 0.498958 0.393519 0.004167 0.012963
0 0.511979 0.413889 0.003125 0.012963
0 0.604167 0.711111 0.037500 0.055556
0 0.545312 0.635185 0.007292 0.040741
0 0.568229 0.615741 0.026042 0.079630
0 0.553125 0.525926 0.020833 0.025926
0 0.422917 0.563889 0.018750 0.016667
0 0.422396 0.555556 0.017708 0.014815
0 0.501042 0.512963 0.016667 0.033333
0 0.471354 0.508333 0.017708 0.031481
0 0.505729 0.495370 0.017708 0.027778
0 0.501563 0.477778 0.015625 0.022222
0 0.501563 0.454630 0.013542 0.027778
0 0.501563 0.441667 0.013542 0.020370
0 0.471875 0.425926 0.016667 0.022222
