0 0.797794 0.682353 0.051471 0.065359
0 0.827574 0.622876 0.065441 0.050980
0 0.804044 0.585621 0.055147 0.047059
0 0.725000 0.599346 0.008824 0.040523
0 0.587132 0.874510 0.047794 0.107190
0 0.676471 0.460784 0.004412 0.027451
0 0.712132 0.529412 0.006618 0.039216
0 0.738235 0.547059 0.039706 0.040523
0 0.627574 0.448366 0.021324 0.044444
0 0.614338 0.516340 0.006618 0.033987
0 0.596691 0.517647 0.024265 0.039216
0 0.562132 0.616993 0.027206 0.062745
0 0.484559 0.641830 0.044118 0.107190
0 0.543015 0.528105 0.025735 0.039216
0 0.545956 0.466667 0.019853 0.036601
0 0.551103 0.434641 0.016912 0.030065
0 0.527574 0.400000 0.016912 0.026144
0 0.490809 0.360784 0.015441 0.023529
0 0.495956 0.395425 0.018382 0.032680
0 0.473162 0.380392 0.016912 0.028758
0 0.448162 0.392157 0.018382 0.031373
0 0.479412 0.424837 0.017647 0.033987
0 0.560294 0.372549 0.004412 0.015686
0 0.560662 0.367974 0.005147 0.016993
0 0.503676 0.220261 0.007353 0.009150
0 0.518015 0.220261 0.003676 0.006536
0 0.521324 0.242484 0.007353 0.011765
0 0.511397 0.232026 0.006618 0.011765
0 0.510294 0.269281 0.008824 0.013072
0 0.488235 0.304575 0.010294 0.018301
0 0.480882 0.279085 0.008824 0.019608
0 0.528309 0.305229 0.009559 0.022222
0 0.530515 0.326144 0.003676 0.011765
0 0.531250 0.322876 0.002206 0.015686
0 0.530147 0.323529 0.004412 0.016993
0 0.594485 0.454248 0.006618 0.032680
0 0.583824 0.431373 0.017647 0.039216
0 0.572426 0.504575 0.009559 0.031373
0 0.572794 0.500000 0.008824 0.030065
0 0.521691 0.461438 0.005147 0.028758
0 0.526471 0.461438 0.008824 0.020915
0 0.529044 0.455556 0.003676 0.032680
0 0.509926 0.465359 0.006618 0.023529
0 0.509559 0.460784 0.008824 0.027451
0 0.470588 0.498693 0.005882 0.027451
0 0.470221 0.493464 0.008088 0.030065
0 0.454779 0.426144 0.006618 0.015686
0 0.455147 0.423529 0.004412 0.020915
0 0.452574 0.449673 0.027206 0.039216
0 0.469118 0.219608 0.007353 0.007843
0 0.463971 0.237255 0.002941 0.011765
0 0.469485 0.250980 0.002206 0.010458
0 0.469118 0.250327 0.002941 0.009150
0 0.473162 0.327451 0.011029 0.022222
0 0.471691 0.316340 0.012500 0.020915
0 0.448162 0.332680 0.005147 0.019608
0 0.354412 0.328105 0.014706 0.023529
0 0.361397 0.355556 0.028676 0.028758
0 0.399265 0.404575 0.020588 0.030065
0 0.368015 0.402614 0.003676 0.023529
0 0.354412 0.400654 0.004412 0.022222
0 0.405882 0.449673 0.030882 0.028758
0 0.422059 0.434641 0.005882 0.016993
0 0.421691 0.547059 0.005147 0.037908
0 0.419485 0.515033 0.006618 0.036601
0 0.416176 0.517647 0.020588 0.028758
0 0.412868 0.572549 0.008088 0.031373
0 0.412132 0.566013 0.011029 0.041830
0 0.302941 0.369281 0.011765 0.016993
0 0.307721 0.369281 0.013971 0.014379
0 0.332721 0.385621 0.041912 0.026144
0 0.268750 0.411765 0.013971 0.018301
0 0.273162 0.411111 0.011029 0.019608
0 0.281250 0.408497 0.011029 0.019608
0 0.286029 0.401307 0.013235 0.023529
0 0.321324 0.439869 0.045588 0.037908
0 0.309559 0.468627 0.019118 0.016993
0 0.310294 0.463399 0.007353 0.019608
0 0.251838 0.439869 0.006618 0.032680
0 0.268382 0.477778 0.042647 0.040523
0 0.286765 0.492157 0.041176 0.053595
0 0.218015 0.543791 0.055147 0.044444
0 0.195588 0.610458 0.073529 0.054902
0 0.141176 0.439869 0.042647 0.037908
0 0.083824 0.437908 0.042647 0.031373
0 0.079412 0.473203 0.039706 0.039216
0 0.101838 0.505229 0.019853 0.024837
0 0.264338 0.758824 0.012500 0.064052
0 0.181985 0.829412 0.090441 0.223529
0 0.204044 0.653595 0.021324 0.041830
0 0.176838 0.692157 0.084559 0.053595
0 0.149632 0.667974 0.028676 0.028758
0 0.169485 0.641176 0.027206 0.024837
0 0.148897 0.646405 0.022794 0.035294
0 0.095588 0.650327 0.008824 0.043137
0 0.106618 0.677778 0.047059 0.082353
0 0.080882 0.757516 0.066176 0.082353
0 0.038971 0.639869 0.007353 0.045752
0 0.038235 0.652288 0.023529 0.026144
0 0.017279 0.664706 0.030147 0.043137
