0 0.397396 0.939815 0.032292 0.118519
0 0.473958 0.887037 0.080208 0.142593
0 0.513021 0.757407 0.035417 0.048148
0 0.466667 0.789352 0.071875 0.115741
0 0.456510 0.728241 0.054688 0.065741
0 0.451042 0.687500 0.041667 0.076852
0 0.440625 0.673611 0.045833 0.054630
0 0.435677 0.649074 0.031771 0.046296
0 0.430469 0.633333 0.028646 0.042593
0 0.428385 0.615278 0.030729 0.034259
0 0.099479 0.841667 0.044792 0.138889
0 0.176563 0.773148 0.021875 0.075926
0 0.190104 0.760185 0.026042 0.074074
0 0.163802 0.794444 0.019271 0.074074
0 0.185156 0.796759 0.023438 0.071296
0 0.233333 0.680556 0.013542 0.070370
0 0.246094 0.698611 0.025521 0.043519
0 0.266927 0.686574 0.015104 0.062037
0 0.266146 0.700926 0.012500 0.048148
0 0.359896 0.720370 0.019792 0.064815
0 0.359635 0.735648 0.019271 0.058333
0 0.301042 0.747222 0.063542 0.088889
0 0.327604 0.690741 0.047917 0.068519
0 0.274219 0.629630 0.033854 0.053704
0 0.300781 0.650000 0.013021 0.037037
0 0.301563 0.663426 0.014583 0.030556
0 0.401042 0.720833 0.014583 0.067593
0 0.400260 0.736574 0.015104 0.056481
0 0.388802 0.654167 0.011979 0.028704
0 0.405729 0.666204 0.009375 0.032407
0 0.405208 0.633333 0.010417 0.024074
0 0.392448 0.691204 0.015104 0.050926
0 0.392188 0.681481 0.014583 0.050000
0 0.389323 0.640741 0.011979 0.037037
0 0.405990 0.659259 0.009896 0.046296
0 0.405729 0.622222 0.009375 0.033333
0 0.407552 0.563889 0.004687 0.022222
0 0.422135 0.563889 0.017188 0.016667
0 0.351302 0.565741 0.016146 0.024074
0 0.358333 0.557407 0.015625 0.022222
0 0.314844 0.580556 0.034896 0.031481
0 0.327865 0.599537 0.028646 0.030556
0 0.311719 0.622222 0.033854 0.038889
0 0.349740 0.636111 0.036979 0.048148
0 0.356771 0.608796 0.028125 0.036111
0 0.378646 0.596759 0.006250 0.026852
0 0.372656 0.591204 0.007812 0.025000
0 0.378646 0.605093 0.008333 0.023148
0 0.373698 0.599074 0.007812 0.022222
0 0.394271 0.590278 0.006250 0.026852
0 0.394010 0.601389 0.005729 0.025000
