0 0.566667 0.736111 0.043750 0.124074
0 0.425521 0.666667 0.021875 0.081481
0 0.493229 0.501852 0.040625 0.077778
0 0.561979 0.407407 0.065625 0.048148
0 0.533333 0.337963 0.052083 0.042593
0 0.577083 0.359259 0.064583 0.059259
0 0.611979 0.330556 0.057292 0.038889
0 0.655208 0.525000 0.033333 0.112963
0 0.659375 0.314815 0.033333 0.044444
0 0.596875 0.722222 0.010417 0.044444
0 0.590104 0.645370 0.013542 0.046296
0 0.375000 0.352778 0.022917 0.024074
0 0.372396 0.349074 0.009375 0.035185
0 0.379167 0.346296 0.006250 0.029630
0 0.370312 0.537963 0.011458 0.042593
0 0.574479 0.270370 0.007292 0.029630
0 0.401042 0.279630 0.008333 0.033333
