0 0.293490 0.750000 0.031771 0.088889
0 0.401042 0.662037 0.075000 0.114815
0 0.464583 0.612037 0.022917 0.070370
0 0.932031 0.796296 0.088021 0.185185
0 0.585677 0.791204 0.107813 0.160185
0 0.542708 0.695370 0.059375 0.090741
0 0.547135 0.650000 0.050521 0.059259
0 0.522396 0.578704 0.007292 0.031481
0 0.521615 0.588426 0.005729 0.030556
0 0.556510 0.625463 0.038021 0.056481
0 0.604688 0.630556 0.041667 0.059259
0 0.592187 0.579630 0.026042 0.042593
0 0.583594 0.569907 0.017188 0.019444
0 0.554427 0.598611 0.031771 0.028704
0 0.553646 0.589815 0.022917 0.025926
0 0.558073 0.583796 0.022396 0.026852
0 0.558594 0.574074 0.021354 0.022222
0 0.557292 0.566667 0.019792 0.031481
0 0.566146 0.559259 0.032292 0.024074
0 0.568229 0.549537 0.025000 0.021296
0 0.535677 0.552315 0.004687 0.017593
0 0.535417 0.555556 0.006250 0.016667
0 0.544010 0.549074 0.005729 0.018519
0 0.544010 0.557407 0.003646 0.014815
0 0.657292 0.555093 0.021875 0.017593
0 0.614844 0.553241 0.004687 0.021296
0 0.618750 0.562037 0.005208 0.018519
0 0.618490 0.572685 0.005729 0.023148
0 0.617969 0.583333 0.003646 0.016667
0 0.626042 0.588889 0.008333 0.033333
0 0.625521 0.601389 0.005208 0.021296
0 0.647396 0.602778 0.009375 0.040741
0 0.646354 0.612037 0.007292 0.031481
0 0.658594 0.609722 0.009896 0.043519
0 0.657031 0.622685 0.007812 0.034259
0 0.669010 0.634722 0.009896 0.036111
0 0.669531 0.643981 0.008854 0.049074
0 0.670833 0.671759 0.018750 0.080556
0 0.670833 0.696296 0.012500 0.051852
0 0.652604 0.738889 0.028125 0.098148
0 0.650000 0.768056 0.020833 0.082407
0 0.658073 0.689815 0.019271 0.061111
0 0.688802 0.741204 0.026562 0.137963
0 0.717187 0.757870 0.026042 0.139815
0 0.713281 0.744907 0.024479 0.128704
0 0.702604 0.718981 0.019792 0.100926
0 0.774219 0.774074 0.116146 0.142593
0 0.752344 0.674074 0.085938 0.075926
0 0.790365 0.675000 0.016146 0.077778
0 0.877344 0.700926 0.147396 0.092593
0 0.875000 0.676852 0.116667 0.083333
0 0.964583 0.625463 0.070833 0.056481
0 0.939844 0.631481 0.058854 0.038889
0 0.915365 0.621296 0.059896 0.051852
0 0.894271 0.618981 0.059375 0.045370
0 0.875000 0.612500 0.061458 0.036111
0 0.864062 0.611111 0.051042 0.038889
0 0.840885 0.603241 0.039062 0.034259
0 0.825000 0.599537 0.042708 0.026852
0 0.819010 0.583796 0.041146 0.030556
0 0.867448 0.575926 0.038021 0.025926
0 0.878385 0.575463 0.044271 0.028704
0 0.908333 0.594444 0.051042 0.033333
0 0.943750 0.604167 0.052083 0.036111
