0 0.761765 0.049020 0.008824 0.043137
0 0.712132 0.058824 0.074265 0.049673
0 0.737500 0.088889 0.061765 0.065359
0 0.731250 0.170588 0.080147 0.061438
0 0.772426 0.292157 0.081618 0.095425
0 0.754412 0.424837 0.092647 0.146405
0 0.702574 0.545752 0.047794 0.152941
0 0.802574 0.530065 0.018382 0.077124
0 0.944485 0.753595 0.022794 0.079739
0 0.843750 0.759477 0.140441 0.146405
0 0.823162 0.664706 0.058088 0.061438
0 0.985294 0.573856 0.019118 0.054902
0 0.822426 0.084967 0.012500 0.041830
0 0.341176 0.097386 0.010294 0.053595
0 0.404044 0.128105 0.013971 0.054902
0 0.445221 0.138562 0.011029 0.047059
0 0.445221 0.159477 0.011029 0.052288
0 0.405147 0.144444 0.008824 0.053595
0 0.395956 0.035294 0.036029 0.060131
0 0.376103 0.095425 0.038971 0.067974
0 0.171324 0.190850 0.111765 0.073203
0 0.239338 0.108497 0.068382 0.065359
0 0.179044 0.064706 0.013971 0.053595
0 0.162868 0.084967 0.015441 0.062745
0 0.146324 0.064052 0.013235 0.044444
0 0.133456 0.056863 0.015441 0.053595
0 0.115809 0.042484 0.016912 0.056209
0 0.104044 0.045752 0.013971 0.054902
0 0.100368 0.061438 0.015441 0.057516
0 0.104779 0.071242 0.036029 0.037908
0 0.554779 0.443791 0.053676 0.132026
