0 0.766544 0.673856 0.058088 0.111111
0 0.714338 0.533333 0.053676 0.088889
0 0.540441 0.658170 0.048529 0.139869
0 0.437132 0.732026 0.049265 0.149020
0 0.209926 0.803922 0.016912 0.047059
0 0.228309 0.783660 0.011029 0.027451
0 0.291176 0.661438 0.036765 0.047059
0 0.278309 0.632680 0.038971 0.049673
0 0.303676 0.557516 0.064706 0.061438
0 0.771324 0.427451 0.076471 0.065359
0 0.758088 0.400000 0.077941 0.052288
0 0.454412 0.354248 0.050000 0.062745
0 0.383088 0.315033 0.025000 0.028758
0 0.361765 0.321569 0.025000 0.028758
0 0.435294 0.321569 0.023529 0.028758
0 0.442647 0.301307 0.039706 0.043137
0 0.447059 0.283007 0.060294 0.045752
0 0.446324 0.240523 0.047059 0.054902
0 0.433088 0.169935 0.048529 0.044444
0 0.452574 0.142484 0.019853 0.039216
0 0.684926 0.244444 0.022794 0.028758
0 0.686765 0.232026 0.013235 0.022222
0 0.682721 0.207190 0.008088 0.024837
0 0.665809 0.213072 0.006618 0.033987
0 0.668382 0.209150 0.013235 0.028758
0 0.657353 0.220261 0.019118 0.043137
0 0.654412 0.163399 0.016176 0.020915
0 0.648529 0.152288 0.005882 0.027451
0 0.638235 0.166013 0.005882 0.031373
0 0.626471 0.149673 0.005882 0.032680
0 0.621691 0.150327 0.005147 0.028758
0 0.650735 0.141830 0.013235 0.019608
0 0.648897 0.135948 0.015441 0.018301
0 0.526838 0.152941 0.008088 0.020915
0 0.527206 0.164706 0.010294 0.023529
0 0.594118 0.128758 0.022059 0.032680
0 0.577574 0.121569 0.006618 0.033987
0 0.619485 0.088235 0.013971 0.019608
0 0.617647 0.064052 0.013235 0.015686
0 0.612868 0.050980 0.011029 0.018301
0 0.312868 0.388889 0.009559 0.027451
0 0.587868 0.015686 0.003676 0.023529
0 0.559191 0.060131 0.005147 0.026144
0 0.575735 0.056209 0.017647 0.028758
0 0.558824 0.030065 0.014706 0.031373
0 0.560662 0.013725 0.012500 0.022222
0 0.533088 0.038562 0.014706 0.024837
0 0.455147 0.056209 0.014706 0.026144
0 0.436029 0.015033 0.023529 0.022222
0 0.436397 0.047059 0.015441 0.026144
