0 0.169792 0.866204 0.083333 0.149074
0 0.301042 0.698148 0.057292 0.096296
0 0.421354 0.878241 0.052083 0.125000
0 0.430729 0.742130 0.040625 0.091667
0 0.447656 0.656481 0.033854 0.068519
0 0.508073 0.775000 0.040104 0.100000
0 0.508594 0.674074 0.035937 0.075926
0 0.499479 0.930093 0.047917 0.130556
0 0.566667 0.676389 0.037500 0.080556
0 0.585417 0.807407 0.041667 0.098148
0 0.650781 0.746296 0.049479 0.100000
0 0.622917 0.660185 0.037500 0.072222
0 0.650260 0.753704 0.069271 0.185185
0 0.752604 0.962037 0.021875 0.046296
0 0.752344 0.974537 0.029687 0.050926
0 0.816406 0.494907 0.063021 0.045370
0 0.804427 0.474537 0.063021 0.036111
0 0.712240 0.478241 0.049479 0.036111
0 0.643750 0.443519 0.045833 0.050000
0 0.576302 0.453241 0.058854 0.043519
0 0.569531 0.380556 0.025521 0.033333
0 0.324479 0.438426 0.051042 0.050926
0 0.364583 0.425926 0.042708 0.040741
0 0.311458 0.400926 0.042708 0.033333
0 0.238802 0.440278 0.049479 0.037963
0 0.220833 0.402778 0.047917 0.035185
0 0.152344 0.429167 0.057813 0.050926
0 0.159635 0.396296 0.073438 0.070370
0 0.428906 0.456019 0.072396 0.075000
0 0.450000 0.428241 0.051042 0.037963
0 0.063802 0.418981 0.049479 0.034259
0 0.041667 0.393981 0.046875 0.030556
0 0.022917 0.377778 0.043750 0.029630
0 0.270833 0.369907 0.006250 0.030556
0 0.280990 0.367130 0.007812 0.019444
0 0.261979 0.369444 0.004167 0.027778
0 0.259896 0.367593 0.005208 0.027778
0 0.225521 0.372685 0.008333 0.019444
0 0.226302 0.382407 0.017188 0.020370
0 0.356510 0.350926 0.004687 0.025926
0 0.356250 0.356944 0.006250 0.023148
0 0.403646 0.346296 0.017708 0.027778
0 0.427865 0.350000 0.017188 0.029630
0 0.453646 0.349074 0.015625 0.029630
0 0.458073 0.323611 0.014063 0.025000
0 0.430990 0.330093 0.016146 0.023148
0 0.436198 0.313889 0.015104 0.024074
0 0.441667 0.299074 0.013542 0.022222
0 0.444792 0.278704 0.012500 0.020370
0 0.460938 0.304167 0.014583 0.026852
0 0.467187 0.286111 0.014583 0.020370
0 0.468490 0.272222 0.011979 0.014815
0 0.468750 0.258333 0.011458 0.020370
0 0.449219 0.273148 0.010937 0.018519
0 0.452083 0.261111 0.011458 0.014815
0 0.434115 0.248611 0.013021 0.019444
0 0.424219 0.258333 0.010937 0.018519
0 0.431771 0.264815 0.010417 0.016667
0 0.425521 0.278241 0.013542 0.019444
0 0.421615 0.289815 0.010937 0.020370
0 0.407292 0.308333 0.032292 0.055556
0 0.520833 0.408796 0.006250 0.025000
0 0.522917 0.417593 0.020833 0.024074
0 0.540104 0.562037 0.011458 0.044444
0 0.566667 0.248148 0.013542 0.018519
0 0.555208 0.243981 0.003125 0.015741
0 0.543750 0.224074 0.003125 0.012963
0 0.457031 0.240278 0.002604 0.012037
0 0.454167 0.242593 0.002083 0.012963
0 0.433594 0.235185 0.002604 0.012963
0 0.419792 0.238889 0.004167 0.014815
0 0.411979 0.234722 0.003125 0.015741
0 0.490625 0.212037 0.006250 0.018519
0 0.475000 0.215278 0.008333 0.013889
0 0.464583 0.226389 0.009375 0.015741
0 0.449740 0.192593 0.006771 0.011111
0 0.474740 0.179630 0.006771 0.011111
0 0.489323 0.162963 0.005729 0.007407
0 0.450521 0.184722 0.006250 0.010185
0 0.457031 0.173148 0.006771 0.011111
0 0.460938 0.171759 0.007292 0.008333
0 0.551823 0.191667 0.006771 0.016667
0 0.467969 0.163889 0.005729 0.009259
0 0.471615 0.161111 0.005729 0.009259
0 0.478646 0.158796 0.005208 0.008333
0 0.476823 0.153704 0.005729 0.007407
