0 0.447396 0.187037 0.007292 0.011111
0 0.445312 0.233333 0.009375 0.011111
0 0.446354 0.246296 0.009375 0.011111
0 0.444792 0.262037 0.010417 0.016667
0 0.482292 0.198148 0.006250 0.011111
0 0.484375 0.204630 0.006250 0.016667
0 0.426563 0.257407 0.009375 0.018519
0 0.527083 0.377778 0.020833 0.029630
0 0.461458 0.182407 0.006250 0.009259
0 0.468229 0.189815 0.005208 0.009259
0 0.448437 0.206481 0.007292 0.009259
0 0.410417 0.276852 0.012500 0.020370
0 0.430729 0.186111 0.005208 0.012963
0 0.483333 0.312037 0.010417 0.024074
0 0.395313 0.326852 0.005208 0.020370
0 0.404687 0.340741 0.005208 0.018519
0 0.380729 0.361111 0.005208 0.018519
0 0.368229 0.419444 0.007292 0.020370
0 0.396354 0.362963 0.005208 0.018519
0 0.398438 0.375000 0.005208 0.020370
0 0.499479 0.300000 0.005208 0.014815
0 0.508333 0.298148 0.004167 0.018519
0 0.506250 0.319444 0.006250 0.012963
0 0.513542 0.387963 0.006250 0.016667
0 0.513021 0.385185 0.007292 0.022222
0 0.525521 0.437037 0.007292 0.029630
0 0.510417 0.463889 0.008333 0.027778
0 0.546354 0.531481 0.009375 0.029630
0 0.571354 0.522222 0.011458 0.033333
0 0.580208 0.658333 0.010417 0.042593
0 0.432292 0.623148 0.012500 0.038889
0 0.565104 0.936111 0.013542 0.057407
0 0.650000 0.674074 0.027083 0.037037
0 0.563542 0.959259 0.014583 0.055556
0 0.578125 0.675926 0.010417 0.025926
0 0.569792 0.535185 0.006250 0.025926
0 0.545833 0.540741 0.010417 0.029630
0 0.525000 0.449074 0.008333 0.027778
0 0.509375 0.475000 0.008333 0.027778
0 0.514583 0.394444 0.006250 0.018519
0 0.506250 0.325000 0.008333 0.012963
0 0.508854 0.304630 0.007292 0.016667
0 0.498437 0.306481 0.007292 0.012963
0 0.395833 0.336111 0.006250 0.016667
0 0.405208 0.350000 0.004167 0.018519
0 0.380729 0.372222 0.009375 0.018519
0 0.367708 0.429630 0.008333 0.022222
0 0.395833 0.371296 0.006250 0.020370
0 0.398438 0.384259 0.007292 0.024074
0 0.433333 0.637037 0.010417 0.044444
0 0.276042 0.587963 0.022917 0.027778
0 0.205729 0.595370 0.036458 0.035185
0 0.226042 0.731481 0.010417 0.033333
0 0.233854 0.734259 0.007292 0.027778
0 0.241146 0.730556 0.013542 0.057407
0 0.731250 0.675926 0.010417 0.037037
0 0.733333 0.850000 0.012500 0.051852
0 0.745313 0.849074 0.013542 0.072222
0 0.740625 0.678704 0.025000 0.031481
