0 0.439063 0.848148 0.046875 0.111111
0 0.511979 0.826852 0.040625 0.079630
0 0.499479 0.617593 0.030208 0.053704
0 0.530208 0.534259 0.025000 0.042593
0 0.595833 0.936111 0.056250 0.124074
0 0.465104 0.439815 0.015625 0.027778
0 0.485417 0.525926 0.018750 0.040741
0 0.482812 0.335185 0.009375 0.011111
0 0.428125 0.449074 0.014583 0.031481
0 0.640625 0.892593 0.043750 0.062963
0 0.626042 0.820370 0.027083 0.037037
0 0.613021 0.806481 0.038542 0.053704
0 0.694792 0.853704 0.039583 0.044444
0 0.697396 0.881481 0.034375 0.029630
0 0.585938 0.637963 0.009375 0.027778
0 0.564063 0.646296 0.011458 0.037037
0 0.342187 0.917593 0.015625 0.053704
0 0.344271 0.903704 0.017708 0.066667
0 0.448437 0.565741 0.015625 0.038889
0 0.438542 0.528704 0.008333 0.020370
0 0.450000 0.521296 0.008333 0.024074
0 0.444792 0.458333 0.006250 0.016667
0 0.453646 0.459259 0.007292 0.018519
0 0.463542 0.461111 0.008333 0.014815
0 0.498437 0.464815 0.009375 0.029630
0 0.506771 0.466667 0.005208 0.014815
0 0.453125 0.405556 0.004167 0.014815
0 0.489063 0.356481 0.003125 0.009259
0 0.535417 0.504630 0.006250 0.016667
0 0.453646 0.398148 0.003125 0.014815
0 0.506771 0.461111 0.005208 0.018519
0 0.498437 0.465741 0.007292 0.020370
0 0.463542 0.453704 0.006250 0.018519
0 0.454167 0.453704 0.006250 0.022222
0 0.444271 0.452778 0.005208 0.020370
0 0.450521 0.513889 0.007292 0.027778
0 0.438542 0.521296 0.006250 0.027778
0 0.448958 0.565741 0.008333 0.027778
0 0.489063 0.353704 0.003125 0.011111
0 0.493229 0.386111 0.003125 0.009259
0 0.490104 0.386111 0.003125 0.009259
0 0.458854 0.378704 0.003125 0.009259
0 0.458854 0.380556 0.007292 0.020370
0 0.491667 0.390741 0.006250 0.018519
0 0.516667 0.443519 0.008333 0.016667
