0 0.709926 0.024183 0.036029 0.040523
0 0.666176 0.052941 0.079412 0.092810
0 0.696691 0.090196 0.037500 0.044444
0 0.590074 0.045098 0.008088 0.032680
0 0.593750 0.097386 0.009559 0.027451
0 0.525000 0.094118 0.010294 0.026144
0 0.514706 0.082353 0.004412 0.028758
0 0.538971 0.100000 0.011765 0.027451
0 0.566912 0.122222 0.008824 0.035294
0 0.557721 0.126144 0.006618 0.032680
0 0.549632 0.135948 0.006618 0.033987
0 0.501471 0.108497 0.007353 0.036601
0 0.495221 0.115033 0.008088 0.036601
0 0.568015 0.188235 0.052206 0.057516
0 0.537132 0.171242 0.015441 0.033987
0 0.536397 0.164706 0.009559 0.033987
0 0.541912 0.171895 0.010294 0.016993
0 0.455147 0.196732 0.005882 0.037908
0 0.700000 0.264706 0.008824 0.043137
0 0.708824 0.296078 0.008824 0.035294
0 0.680882 0.310458 0.020588 0.035294
0 0.654044 0.322222 0.080147 0.092810
0 0.693750 0.367320 0.012500 0.054902
0 0.615074 0.373856 0.075735 0.073203
0 0.555882 0.367974 0.017647 0.040523
0 0.538235 0.405882 0.007353 0.048366
0 0.535662 0.420261 0.008088 0.024837
0 0.481985 0.422876 0.037500 0.066667
0 0.507353 0.499346 0.088235 0.070588
0 0.481618 0.540523 0.125000 0.134641
0 0.430882 0.558824 0.007353 0.045752
0 0.444485 0.486928 0.008088 0.045752
0 0.448162 0.478431 0.005147 0.023529
0 0.441176 0.643137 0.089706 0.104575
0 0.407721 0.303922 0.062500 0.084967
0 0.439338 0.149673 0.050735 0.064052
0 0.394485 0.188889 0.018382 0.030065
0 0.420588 0.184967 0.022059 0.024837
0 0.398529 0.168627 0.017647 0.020915
0 0.355515 0.292810 0.019853 0.033987
0 0.356250 0.282353 0.011029 0.036601
0 0.374632 0.752941 0.118382 0.115033
0 0.331985 0.837255 0.130147 0.105882
0 0.028676 0.424837 0.041176 0.075817
0 0.041544 0.353595 0.047794 0.050980
0 0.185662 0.311765 0.074265 0.066667
0 0.236765 0.226144 0.008824 0.039216
0 0.248162 0.223529 0.009559 0.039216
0 0.253309 0.270588 0.072794 0.057516
0 0.273529 0.315686 0.008824 0.037908
0 0.280882 0.385621 0.025000 0.041830
0 0.280882 0.376471 0.013235 0.044444
0 0.183824 0.379739 0.025000 0.037908
0 0.238971 0.368627 0.030882 0.033987
0 0.248162 0.360784 0.008088 0.041830
0 0.238235 0.363399 0.010294 0.049673
