0 0.055515 0.792157 0.046324 0.044444
0 0.078676 0.725490 0.042647 0.039216
0 0.110294 0.534641 0.041176 0.049673
0 0.087132 0.483660 0.040441 0.039216
0 0.061029 0.461438 0.032353 0.026144
0 0.055515 0.425490 0.031618 0.040523
0 0.210294 0.652941 0.017647 0.053595
0 0.213603 0.583660 0.015441 0.040523
0 0.244853 0.520261 0.016176 0.054902
0 0.230147 0.522222 0.014706 0.053595
0 0.091544 0.034641 0.069853 0.056209
0 0.337500 0.205229 0.010294 0.036601
0 0.338603 0.218301 0.030147 0.028758
0 0.327206 0.023529 0.014706 0.028758
0 0.390074 0.722222 0.043382 0.158170
0 0.411029 0.426797 0.039706 0.116340
0 0.464706 0.612418 0.045588 0.152941
0 0.697426 0.956209 0.040441 0.056209
0 0.624265 0.808497 0.017647 0.050980
0 0.714706 0.725490 0.039706 0.041830
0 0.658824 0.672549 0.039706 0.040523
0 0.640074 0.612418 0.031618 0.035294
0 0.695588 0.618301 0.030882 0.044444
0 0.752574 0.634641 0.034559 0.050980
0 0.722059 0.545098 0.036765 0.054902
0 0.663603 0.494118 0.034559 0.039216
0 0.652574 0.479085 0.036029 0.035294
0 0.649632 0.426797 0.030147 0.032680
0 0.773897 0.918301 0.028676 0.027451
0 0.801471 0.915686 0.019118 0.064052
0 0.755882 0.592157 0.032353 0.049673
0 0.755147 0.570588 0.025000 0.050980
0 0.817647 0.549673 0.030882 0.043137
0 0.823897 0.539216 0.030147 0.043137
0 0.790074 0.502614 0.027206 0.040523
0 0.659559 0.560784 0.014706 0.052288
0 0.604779 0.541830 0.016912 0.043137
0 0.606250 0.256209 0.013971 0.044444
0 0.590809 0.115033 0.013971 0.044444
0 0.483456 0.161438 0.012500 0.045752
0 0.569485 0.233987 0.011029 0.044444
0 0.597794 0.475163 0.011765 0.043137
0 0.702206 0.493464 0.017647 0.050980
0 0.738603 0.477124 0.012500 0.044444
0 0.857721 0.400000 0.016912 0.044444
0 0.730515 0.464052 0.018382 0.041830
0 0.689338 0.484314 0.013971 0.048366
0 0.695221 0.479085 0.013971 0.048366
0 0.706985 0.474510 0.013971 0.044444
0 0.837500 0.164706 0.019118 0.044444
0 0.838235 0.279739 0.017647 0.044444
0 0.782721 0.439216 0.013971 0.060131
0 0.794853 0.483007 0.029412 0.032680
0 0.811029 0.463399 0.036765 0.043137
0 0.800368 0.487582 0.031618 0.047059
0 0.834559 0.494771 0.019118 0.045752
0 0.869485 0.488235 0.019853 0.050980
0 0.830515 0.321569 0.018382 0.052288
0 0.865809 0.326144 0.018382 0.050980
0 0.847426 0.324837 0.018382 0.050980
0 0.627941 0.358170 0.011765 0.039216
0 0.662500 0.402614 0.010294 0.041830
0 0.656985 0.391503 0.013971 0.043137
0 0.637868 0.366667 0.011029 0.027451
0 0.631985 0.343137 0.011029 0.037908
0 0.524632 0.200654 0.012500 0.037908
0 0.523897 0.207843 0.011029 0.039216
0 0.556250 0.244444 0.012500 0.044444
0 0.556985 0.260131 0.008088 0.031373
0 0.634926 0.168627 0.015441 0.039216
0 0.635662 0.177778 0.013971 0.036601
0 0.583456 0.214379 0.011029 0.028758
0 0.583088 0.203268 0.011765 0.035294
0 0.581618 0.211765 0.013235 0.039216
0 0.629044 0.092810 0.009559 0.036601
0 0.604044 0.074510 0.009559 0.036601
0 0.613235 0.075817 0.010294 0.036601
0 0.621324 0.064052 0.010294 0.036601
0 0.465809 0.153595 0.011029 0.032680
0 0.463603 0.171242 0.009559 0.033987
0 0.495221 0.033987 0.011029 0.028758
0 0.494118 0.050327 0.008824 0.030065
0 0.639338 0.058824 0.006618 0.031373
0 0.636397 0.043137 0.011029 0.018301
0 0.640074 0.060131 0.021324 0.015686
0 0.636029 0.049673 0.022059 0.018301
0 0.693015 0.016340 0.011029 0.032680
0 0.936029 0.324837 0.061765 0.064052
0 0.941544 0.237255 0.077206 0.058824
0 0.727941 0.347712 0.020588 0.052288
0 0.467279 0.322876 0.027206 0.081046
0 0.466176 0.300000 0.016176 0.024837
