0 0.163281 0.783333 0.048438 0.105556
0 0.089063 0.778241 0.044792 0.082407
0 0.158594 0.590741 0.024479 0.042593
0 0.114323 0.600463 0.029687 0.043519
0 0.119271 0.541204 0.037500 0.087963
0 0.169531 0.534259 0.023438 0.035185
0 0.083333 0.542130 0.019792 0.032407
0 0.298958 0.864352 0.017708 0.073148
0 0.143750 0.520370 0.019792 0.033333
0 0.038542 0.674537 0.017708 0.050926
0 0.675260 0.701852 0.013021 0.057407
0 0.873177 0.862037 0.024479 0.087037
0 0.877604 0.870370 0.037500 0.057407
0 0.776302 0.890741 0.027604 0.081481
0 0.777344 0.900000 0.043229 0.059259
0 0.622135 0.923611 0.016146 0.086111
0 0.621875 0.937500 0.023958 0.075000
0 0.557552 0.854167 0.018229 0.062037
0 0.597135 0.835185 0.019271 0.059259
0 0.533073 0.813426 0.015104 0.054630
0 0.551823 0.778241 0.015104 0.047222
0 0.495312 0.701852 0.008333 0.035185
0 0.526042 0.652778 0.007292 0.031481
0 0.517708 0.622222 0.008333 0.031481
0 0.501302 0.623148 0.009896 0.029630
0 0.485417 0.612963 0.008333 0.029630
0 0.463542 0.589352 0.009375 0.026852
0 0.491667 0.561574 0.008333 0.025000
0 0.513281 0.575463 0.007812 0.025000
0 0.479167 0.519907 0.006250 0.019444
0 0.487240 0.543056 0.006771 0.019444
0 0.474219 0.554630 0.008854 0.024074
0 0.515625 0.671759 0.009375 0.028704
0 0.617969 0.881944 0.021354 0.052778
0 0.619010 0.864352 0.014063 0.058333
0 0.598177 0.819444 0.015104 0.061111
0 0.559375 0.834722 0.015625 0.069444
0 0.533854 0.793981 0.012500 0.049074
0 0.552344 0.759722 0.010937 0.045370
0 0.583073 0.759722 0.010937 0.054630
0 0.601562 0.748148 0.012500 0.057407
0 0.520573 0.687963 0.011979 0.037037
0 0.525260 0.643519 0.006771 0.037037
0 0.515625 0.664352 0.010417 0.037963
0 0.496354 0.688889 0.010417 0.046296
0 0.517708 0.612037 0.009375 0.035185
0 0.501823 0.612500 0.009896 0.032407
0 0.485156 0.603704 0.007812 0.037037
0 0.513281 0.567130 0.006771 0.025000
0 0.463021 0.580093 0.007292 0.028704
0 0.474740 0.548148 0.007812 0.025926
0 0.492448 0.552315 0.006771 0.028704
0 0.487240 0.537500 0.006771 0.026852
0 0.479167 0.516204 0.005208 0.025000
0 0.499740 0.497222 0.003646 0.025926
0 0.465885 0.483796 0.003646 0.023148
0 0.432292 0.607870 0.026042 0.041667
0 0.432552 0.543519 0.021354 0.037037
0 0.423958 0.513889 0.017708 0.027778
0 0.552083 0.688889 0.041667 0.055556
0 0.583333 0.745833 0.055208 0.065741
0 0.659115 0.625000 0.010937 0.031481
0 0.082292 0.561574 0.006250 0.032407
0 0.097135 0.550463 0.006771 0.028704
0 0.096875 0.558796 0.005208 0.021296
0 0.082552 0.569907 0.004687 0.017593
0 0.161719 0.482870 0.005729 0.017593
0 0.161979 0.489352 0.005208 0.015741
0 0.142969 0.490741 0.017188 0.025926
0 0.140625 0.472685 0.015625 0.021296
0 0.122656 0.467593 0.015104 0.024074
0 0.145573 0.449537 0.014063 0.019444
0 0.162760 0.477315 0.016146 0.023148
0 0.704167 0.703704 0.017708 0.040741
0 0.709896 0.698611 0.015625 0.037963
0 0.731250 0.705556 0.020833 0.037037
0 0.732031 0.693519 0.007812 0.038889
0 0.447656 0.488426 0.010937 0.026852
0 0.408073 0.472685 0.004687 0.023148
0 0.402083 0.472685 0.005208 0.021296
0 0.421094 0.441667 0.011979 0.016667
0 0.452344 0.469444 0.004687 0.018519
0 0.453385 0.475926 0.004687 0.012963
0 0.443490 0.452315 0.004687 0.015741
0 0.443490 0.458796 0.003646 0.010185
0 0.466927 0.473148 0.015104 0.022222
0 0.464323 0.463889 0.014063 0.018519
0 0.461979 0.454630 0.014583 0.020370
0 0.458333 0.448148 0.012500 0.016667
0 0.456250 0.442130 0.012500 0.017593
0 0.453385 0.434722 0.013021 0.021296
0 0.449740 0.429167 0.010937 0.017593
0 0.446094 0.422685 0.009896 0.015741
0 0.824479 0.853704 0.039583 0.048148
0 0.834635 0.884259 0.020313 0.055556
0 0.777083 0.851852 0.022917 0.046296
0 0.812240 0.873611 0.018229 0.062037
0 0.798438 0.866204 0.020833 0.062037
0 0.788802 0.858796 0.016146 0.050926
0 0.562500 0.648611 0.010417 0.032407
0 0.199219 0.518981 0.014063 0.017593
0 0.198437 0.513889 0.016667 0.018519
0 0.200000 0.515741 0.005208 0.024074
0 0.198958 0.507870 0.006250 0.026852
0 0.125521 0.446759 0.014583 0.030556
