0 0.326042 0.844444 0.010417 0.059259
0 0.327083 0.831481 0.008333 0.025926
0 0.297396 0.848148 0.017708 0.048148
0 0.302604 0.848148 0.019792 0.059259
0 0.301042 0.865741 0.025000 0.046296
0 0.246875 0.715741 0.037500 0.075926
0 0.201042 0.762037 0.010417 0.035185
0 0.279687 0.752778 0.030208 0.072222
0 0.306771 0.737963 0.011458 0.027778
0 0.318229 0.726852 0.011458 0.035185
0 0.302604 0.717593 0.011458 0.042593
0 0.273438 0.697222 0.013542 0.031481
0 0.300000 0.680556 0.022917 0.027778
0 0.339583 0.675926 0.027083 0.055556
0 0.372396 0.622222 0.048958 0.059259
0 0.360938 0.596296 0.021875 0.033333
0 0.397917 0.688889 0.012500 0.033333
0 0.433333 0.635185 0.008333 0.029630
0 0.418750 0.628704 0.010417 0.024074
0 0.424479 0.589815 0.009375 0.024074
0 0.505208 0.665741 0.014583 0.027778
0 0.507292 0.657407 0.010417 0.025926
0 0.527604 0.662963 0.013542 0.033333
0 0.526563 0.633333 0.009375 0.018519
0 0.528125 0.504630 0.008333 0.016667
0 0.528646 0.502778 0.005208 0.020370
0 0.520312 0.941667 0.021875 0.064815
0 0.522917 0.948148 0.014583 0.044444
0 0.071875 0.827778 0.018750 0.055556
0 0.077604 0.778704 0.011458 0.038889
0 0.151562 0.731481 0.057292 0.074074
0 0.132292 0.784259 0.012500 0.042593
0 0.129688 0.900000 0.017708 0.051852
0 0.131771 0.915741 0.023958 0.046296
0 0.707812 0.930556 0.019792 0.050000
0 0.678646 0.921296 0.015625 0.035185
0 0.633854 0.845370 0.015625 0.024074
0 0.629687 0.887037 0.015625 0.055556
0 0.613542 0.874074 0.018750 0.059259
0 0.594271 0.868519 0.013542 0.059259
0 0.586458 0.850000 0.014583 0.059259
0 0.552604 0.823148 0.011458 0.050000
0 0.573438 0.799074 0.011458 0.050000
0 0.577083 0.802778 0.010417 0.031481
0 0.585938 0.803704 0.011458 0.048148
0 0.571875 0.806481 0.025000 0.035185
0 0.606771 0.829630 0.013542 0.025926
0 0.606771 0.820370 0.013542 0.044444
0 0.631771 0.808333 0.007292 0.035185
0 0.624479 0.784259 0.013542 0.042593
0 0.689583 0.806481 0.043750 0.083333
0 0.666146 0.909259 0.034375 0.077778
0 0.556771 0.723148 0.011458 0.042593
0 0.550000 0.717593 0.010417 0.042593
0 0.560417 0.699074 0.010417 0.042593
0 0.551562 0.693519 0.009375 0.042593
0 0.593750 0.715741 0.010417 0.031481
0 0.650000 0.899074 0.035417 0.064815
0 0.636979 0.877778 0.042708 0.051852
0 0.624479 0.841667 0.065625 0.057407
0 0.613021 0.799074 0.051042 0.046296
0 0.588021 0.726852 0.053125 0.038889
0 0.630729 0.679630 0.019792 0.029630
0 0.594271 0.652778 0.021875 0.053704
0 0.570833 0.657407 0.037500 0.048148
0 0.564063 0.640741 0.032292 0.029630
0 0.541146 0.641667 0.009375 0.038889
0 0.557292 0.629630 0.006250 0.029630
0 0.918750 0.886111 0.027083 0.064815
0 0.402604 0.587037 0.017708 0.018519
0 0.495312 0.481481 0.015625 0.025926
0 0.528125 0.512037 0.008333 0.020370
0 0.471354 0.521296 0.007292 0.020370
0 0.470833 0.518519 0.014583 0.037037
0 0.456250 0.502778 0.006250 0.016667
0 0.456250 0.505556 0.010417 0.029630
0 0.503125 0.459259 0.006250 0.014815
0 0.503646 0.467593 0.005208 0.012963
0 0.516146 0.460185 0.009375 0.027778
0 0.472917 0.486111 0.004167 0.009259
0 0.469271 0.462037 0.005208 0.012963
0 0.468229 0.439815 0.005208 0.012963
0 0.484375 0.428704 0.006250 0.012963
0 0.469271 0.482407 0.007292 0.012963
0 0.473438 0.490741 0.007292 0.014815
0 0.469792 0.488889 0.006250 0.014815
0 0.469792 0.469444 0.006250 0.012963
0 0.468750 0.447222 0.004167 0.012963
0 0.483333 0.434259 0.008333 0.016667
0 0.497396 0.606481 0.023958 0.046296
0 0.526563 0.675000 0.009375 0.020370
0 0.506771 0.675000 0.009375 0.020370
0 0.527604 0.643519 0.009375 0.024074
0 0.398438 0.702778 0.013542 0.031481
0 0.432812 0.650926 0.011458 0.027778
0 0.424479 0.599074 0.009375 0.024074
0 0.419271 0.637037 0.015625 0.037037
0 0.522396 0.956481 0.040625 0.061111
