0 0.214338 0.788889 0.125735 0.166013
0 0.248897 0.814379 0.130147 0.183007
0 0.438235 0.522876 0.086765 0.096732
0 0.471324 0.505229 0.077941 0.087582
0 0.502574 0.483660 0.087500 0.086275
0 0.530515 0.459477 0.090441 0.079739
0 0.572059 0.445752 0.086765 0.081046
0 0.605515 0.430065 0.074265 0.078431
0 0.627574 0.398693 0.077206 0.104575
0 0.651838 0.387582 0.077206 0.103268
0 0.676838 0.374510 0.071324 0.105882
0 0.704412 0.369935 0.069118 0.078431
0 0.728309 0.362092 0.063971 0.075817
0 0.748529 0.355556 0.064706 0.060131
0 0.762132 0.350980 0.066912 0.061438
0 0.773897 0.341830 0.074265 0.048366
0 0.826838 0.326797 0.034559 0.047059
0 0.812500 0.335294 0.032353 0.050980
0 0.834559 0.318301 0.048529 0.050980
0 0.844485 0.315033 0.058088 0.049673
0 0.853309 0.295425 0.065441 0.070588
0 0.865441 0.285621 0.064706 0.074510
0 0.881250 0.276471 0.058088 0.064052
0 0.938971 0.266013 0.055882 0.050980
0 0.951471 0.261438 0.054412 0.047059
0 0.959191 0.245752 0.059559 0.060131
0 0.969853 0.236601 0.058824 0.060131
0 0.509559 0.365359 0.055882 0.048366
0 0.650000 0.592810 0.101471 0.113725
0 0.690074 0.569281 0.100735 0.113725
0 0.720588 0.543137 0.107353 0.103268
0 0.754412 0.527451 0.101471 0.103268
0 0.766912 0.477124 0.067647 0.083660
0 0.808824 0.498693 0.082353 0.105882
0 0.856618 0.537255 0.088235 0.101961
0 0.907721 0.568627 0.094853 0.109804
0 0.930515 0.362745 0.077206 0.079739
0 0.656618 0.300654 0.058824 0.065359
0 0.682721 0.298693 0.049265 0.053595
0 0.707353 0.288235 0.055882 0.056209
0 0.732353 0.281699 0.055882 0.056209
0 0.756250 0.274510 0.063971 0.060131
0 0.778309 0.245098 0.069853 0.092810
0 0.797059 0.249673 0.047059 0.057516
0 0.875368 0.231373 0.050735 0.039216
0 0.888971 0.223529 0.055882 0.041830
