0 0.372794 0.683660 0.045588 0.130719
0 0.056250 0.342484 0.077206 0.049673
0 0.083456 0.301961 0.086029 0.075817
0 0.211765 0.084314 0.048529 0.037908
0 0.154779 0.332680 0.012500 0.050980
0 0.529412 0.829412 0.014706 0.061438
0 0.528676 0.820915 0.013235 0.041830
0 0.631618 0.806536 0.007353 0.031373
0 0.628676 0.783660 0.007353 0.030065
0 0.657721 0.781046 0.012500 0.050980
0 0.461765 0.601961 0.011765 0.045752
0 0.551471 0.482353 0.013235 0.041830
0 0.429779 0.449673 0.011029 0.047059
0 0.426838 0.454248 0.006618 0.040523
0 0.496324 0.490850 0.008824 0.032680
0 0.496324 0.499346 0.011765 0.044444
0 0.570956 0.430719 0.012500 0.037908
0 0.544853 0.369281 0.029412 0.074510
0 0.489706 0.316993 0.027941 0.056209
0 0.422794 0.236601 0.007353 0.033987
0 0.565074 0.243791 0.008088 0.043137
0 0.577941 0.255556 0.007353 0.035294
0 0.523162 0.278431 0.009559 0.028758
0 0.522059 0.283660 0.016176 0.044444
0 0.547426 0.250980 0.011029 0.057516
0 0.579779 0.269281 0.009559 0.036601
0 0.457353 0.125490 0.007353 0.026144
0 0.454412 0.079085 0.007353 0.022222
0 0.454044 0.087582 0.006618 0.020915
0 0.456985 0.134641 0.006618 0.023529
0 0.419853 0.046405 0.025000 0.056209
0 0.525000 0.098039 0.019118 0.047059
0 0.538971 0.113725 0.005882 0.033987
0 0.370221 0.529412 0.053676 0.049673
0 0.724632 0.869935 0.037500 0.040523
0 0.959191 0.545752 0.012500 0.037908
0 0.875735 0.406536 0.010294 0.041830
