0 0.306510 0.679167 0.017188 0.023148
0 0.325781 0.637963 0.011979 0.027778
0 0.330990 0.609722 0.013021 0.019444
0 0.367969 0.978704 0.011979 0.040741
0 0.401302 0.909722 0.032813 0.067593
0 0.481771 0.849074 0.008333 0.050000
0 0.479687 0.861111 0.007292 0.020370
0 0.481250 0.847685 0.008333 0.032407
0 0.453906 0.715741 0.039062 0.053704
0 0.458333 0.676852 0.016667 0.029630
0 0.548438 0.722685 0.007292 0.030556
0 0.548177 0.721296 0.006771 0.022222
0 0.548177 0.719444 0.007812 0.029630
0 0.573698 0.656019 0.006771 0.028704
0 0.556510 0.647685 0.009896 0.028704
0 0.554948 0.644444 0.009896 0.029630
0 0.537760 0.738426 0.014063 0.052778
0 0.536458 0.686574 0.019792 0.039815
0 0.495052 0.525463 0.020313 0.030556
0 0.513542 0.573148 0.019792 0.051852
0 0.513021 0.546759 0.008333 0.015741
0 0.513281 0.538889 0.003646 0.014815
0 0.546875 0.529167 0.017708 0.032407
0 0.567708 0.316667 0.008333 0.016667
0 0.567448 0.332407 0.008854 0.018519
0 0.569531 0.350000 0.010937 0.016667
0 0.561198 0.363889 0.008854 0.022222
0 0.525000 0.481019 0.003125 0.017593
0 0.512500 0.505093 0.005208 0.023148
0 0.517969 0.518519 0.004687 0.020370
0 0.517969 0.512963 0.004687 0.020370
0 0.516667 0.482870 0.003125 0.017593
0 0.517969 0.480093 0.003646 0.021296
0 0.534896 0.437963 0.004167 0.016667
0 0.535417 0.434259 0.005208 0.018519
0 0.543490 0.457870 0.016146 0.032407
0 0.532031 0.487500 0.004687 0.017593
0 0.532552 0.482870 0.004687 0.015741
