0 0.336029 0.847712 0.070588 0.184314
0 0.413971 0.843791 0.086765 0.231373
0 0.485662 0.815686 0.084559 0.169935
0 0.566544 0.643791 0.119853 0.098039
0 0.762500 0.729412 0.133824 0.175163
0 0.837132 0.690196 0.084559 0.159477
0 0.905515 0.669281 0.096324 0.180392
0 0.830147 0.473856 0.014706 0.061438
0 0.911397 0.428758 0.050735 0.083660
0 0.874265 0.381046 0.019118 0.058824
0 0.818750 0.388889 0.093382 0.074510
0 0.751103 0.384314 0.065441 0.070588
0 0.709191 0.390850 0.056618 0.073203
0 0.661397 0.398693 0.068382 0.078431
0 0.605515 0.416340 0.059559 0.077124
0 0.539706 0.424837 0.061765 0.096732
0 0.606618 0.279085 0.010294 0.048366
0 0.616912 0.280392 0.010294 0.048366
0 0.472059 0.449673 0.050000 0.091503
0 0.412500 0.453595 0.058824 0.091503
0 0.377574 0.507843 0.069853 0.098039
0 0.311765 0.503268 0.050000 0.101961
0 0.233824 0.482353 0.050000 0.101961
0 0.223897 0.306536 0.012500 0.045752
0 0.185662 0.350980 0.019853 0.050980
0 0.199265 0.352288 0.019118 0.050980
0 0.124632 0.546405 0.066912 0.081046
0 0.113235 0.551634 0.016176 0.041830
0 0.152206 0.483660 0.055882 0.096732
0 0.006250 0.496078 0.012500 0.053595
0 0.550368 0.275817 0.027206 0.031373
0 0.581618 0.301307 0.014706 0.035294
0 0.582721 0.335948 0.028676 0.039216
0 0.562500 0.303268 0.017647 0.047059
