0 0.242708 0.906481 0.009375 0.055556
0 0.228385 0.889815 0.027604 0.027778
0 0.230729 0.867593 0.034375 0.027778
0 0.247396 0.833333 0.010417 0.037037
0 0.271875 0.845370 0.011458 0.062963
0 0.320573 0.793981 0.052604 0.069444
0 0.248177 0.709722 0.038021 0.063889
0 0.333073 0.741204 0.009896 0.036111
0 0.334115 0.732870 0.008854 0.037963
0 0.388802 0.801852 0.013021 0.044444
0 0.387240 0.818056 0.015104 0.043519
0 0.356771 0.897685 0.058333 0.080556
0 0.444010 0.834722 0.061979 0.071296
0 0.394010 0.769444 0.049479 0.061111
0 0.364063 0.728704 0.050000 0.059259
0 0.477865 0.825926 0.022396 0.044444
0 0.496094 0.775000 0.018229 0.040741
0 0.481250 0.915741 0.027083 0.048148
0 0.488802 0.965278 0.025521 0.062037
0 0.488021 0.950000 0.014583 0.055556
0 0.481771 0.902315 0.016667 0.062037
0 0.573698 0.896759 0.010937 0.071296
0 0.599479 0.859722 0.027083 0.052778
