0 0.101838 0.140523 0.021324 0.027451
0 0.335294 0.076471 0.077941 0.037908
0 0.143750 0.041830 0.044853 0.039216
0 0.292647 0.788889 0.050000 0.121569
0 0.332721 0.594771 0.043382 0.094118
0 0.502206 0.773203 0.038235 0.111111
0 0.480515 0.606536 0.031618 0.081046
0 0.486765 0.450980 0.025000 0.052288
0 0.564706 0.665359 0.033824 0.078431
0 0.569118 0.802614 0.069118 0.282353
0 0.350735 0.338562 0.026471 0.041830
0 0.444853 0.349673 0.022059 0.048366
0 0.412868 0.309150 0.022794 0.043137
0 0.484926 0.299346 0.031618 0.151634
0 0.450735 0.295425 0.020588 0.047059
0 0.446324 0.264052 0.020588 0.039216
0 0.407353 0.233987 0.019118 0.041830
0 0.402206 0.271242 0.008824 0.022222
0 0.402206 0.264706 0.007353 0.024837
0 0.420956 0.259477 0.008088 0.027451
0 0.421324 0.256209 0.007353 0.026144
0 0.436397 0.229412 0.018382 0.035294
0 0.458824 0.233333 0.017647 0.037908
0 0.452941 0.186928 0.016176 0.031373
0 0.450735 0.159477 0.016176 0.031373
0 0.445956 0.124837 0.013971 0.032680
0 0.460294 0.132680 0.011765 0.040523
0 0.488235 0.111111 0.019118 0.052288
0 0.486765 0.018301 0.007353 0.015686
0 0.486397 0.013725 0.009559 0.016993
0 0.504412 0.008497 0.010294 0.014379
0 0.501471 0.036601 0.010294 0.015686
0 0.494853 0.209150 0.016176 0.026144
0 0.508456 0.149020 0.013971 0.028758
0 0.520956 0.055556 0.009559 0.016993
0 0.494118 0.207843 0.016176 0.026144
0 0.522426 0.072549 0.011029 0.016993
0 0.528309 0.121569 0.012500 0.020915
0 0.552574 0.243791 0.016912 0.032680
0 0.539706 0.293464 0.019118 0.043137
0 0.535662 0.265359 0.008088 0.023529
0 0.535662 0.262745 0.008088 0.023529
0 0.562500 0.365359 0.051471 0.040523
0 0.581250 0.324837 0.050735 0.043137
0 0.536397 0.216993 0.021324 0.028758
0 0.546691 0.196732 0.015441 0.027451
0 0.891176 0.220261 0.036765 0.069281
0 0.835662 0.303922 0.036029 0.040523
0 0.860662 0.303922 0.033088 0.035294
0 0.883456 0.303922 0.033088 0.035294
0 0.910294 0.302614 0.036765 0.043137
0 0.932353 0.300654 0.038235 0.033987
0 0.958456 0.297386 0.040441 0.045752
0 0.638603 0.148366 0.034559 0.027451
0 0.597059 0.287582 0.039706 0.026144
0 0.598897 0.271895 0.043382 0.031373
0 0.654779 0.174510 0.012500 0.016993
0 0.644485 0.173856 0.011029 0.018301
0 0.634559 0.183007 0.002941 0.026144
0 0.637132 0.182353 0.002206 0.019608
0 0.597426 0.225490 0.040441 0.030065
0 0.604779 0.213725 0.031618 0.024837
0 0.589338 0.191503 0.031618 0.027451
0 0.585294 0.169281 0.036765 0.027451
0 0.581618 0.154902 0.033824 0.022222
0 0.575368 0.146405 0.024265 0.018301
0 0.575000 0.135948 0.032353 0.023529
0 0.570221 0.120915 0.027206 0.022222
0 0.563235 0.098039 0.026471 0.018301
0 0.562132 0.093464 0.025735 0.016993
0 0.552574 0.075817 0.025735 0.015686
0 0.550000 0.068627 0.023529 0.014379
0 0.549265 0.061438 0.026471 0.020915
0 0.555882 0.054902 0.019118 0.018301
0 0.532353 0.032026 0.019118 0.016993
0 0.574632 0.009804 0.015441 0.011765
0 0.580147 0.034641 0.002941 0.014379
0 0.576103 0.043137 0.002206 0.013072
0 0.593750 0.049020 0.019853 0.019608
0 0.606985 0.075817 0.025735 0.018301
0 0.593382 0.038562 0.004412 0.016993
0 0.565441 0.019608 0.002941 0.007843
0 0.566544 0.016340 0.002206 0.011765
0 0.551471 0.052288 0.023529 0.020915
0 0.544853 0.049020 0.020588 0.016993
0 0.543015 0.046405 0.021324 0.016993
