0 0.189338 0.762092 0.125735 0.099346
0 0.305147 0.809150 0.080882 0.117647
0 0.321691 0.692810 0.053676 0.112418
0 0.331985 0.592810 0.041912 0.092810
0 0.369853 0.521569 0.055882 0.075817
0 0.472794 0.562745 0.036765 0.092810
0 0.540441 0.685621 0.013235 0.058824
0 0.613971 0.807190 0.101471 0.100654
0 0.737868 0.946405 0.118382 0.096732
0 0.751838 0.858170 0.100735 0.082353
0 0.722426 0.791503 0.106618 0.084967
0 0.701838 0.668627 0.011029 0.056209
0 0.717647 0.694771 0.014706 0.030065
0 0.709926 0.549020 0.009559 0.052288
0 0.609191 0.650980 0.066912 0.091503
0 0.590809 0.596078 0.069853 0.075817
0 0.562868 0.554902 0.077206 0.079739
0 0.590074 0.509150 0.063971 0.058824
0 0.611765 0.478431 0.069118 0.049673
0 0.606985 0.449673 0.055147 0.041830
0 0.679779 0.522876 0.027206 0.028758
0 0.679412 0.517647 0.025000 0.023529
0 0.680882 0.515033 0.026471 0.020915
0 0.679044 0.503268 0.025735 0.031373
0 0.651471 0.440523 0.023529 0.028758
0 0.646691 0.432680 0.022794 0.023529
0 0.629779 0.401307 0.066912 0.057516
0 0.383456 0.425490 0.047794 0.061438
0 0.401838 0.390850 0.055147 0.060131
0 0.339706 0.377124 0.008824 0.022222
0 0.382721 0.351634 0.046324 0.060131
0 0.415074 0.335294 0.008088 0.035294
0 0.414338 0.343137 0.013971 0.024837
0 0.388603 0.319608 0.056618 0.040523
0 0.486029 0.319608 0.025000 0.048366
0 0.615074 0.373203 0.055147 0.048366
0 0.569853 0.366667 0.045588 0.053595
0 0.552206 0.342484 0.045588 0.049673
0 0.592647 0.323529 0.008824 0.027451
0 0.607721 0.323529 0.008088 0.027451
0 0.626471 0.284314 0.004412 0.037908
0 0.622794 0.267974 0.005882 0.028758
0 0.416912 0.280392 0.052941 0.045752
0 0.548162 0.292810 0.052206 0.049673
0 0.546324 0.266013 0.041176 0.043137
0 0.552206 0.242484 0.020588 0.045752
0 0.397426 0.254902 0.046324 0.044444
0 0.403676 0.242484 0.050000 0.037908
0 0.406618 0.226144 0.042647 0.031373
0 0.540074 0.198039 0.028676 0.035294
0 0.536397 0.175817 0.040441 0.027451
0 0.547794 0.165359 0.039706 0.027451
0 0.544485 0.154248 0.037500 0.026144
0 0.402206 0.200654 0.020588 0.035294
0 0.430147 0.203922 0.022059 0.041830
0 0.412500 0.174510 0.039706 0.027451
0 0.339338 0.283007 0.005147 0.016993
0 0.348162 0.286928 0.006618 0.019608
0 0.348529 0.275817 0.005882 0.015686
0 0.471691 0.132680 0.016912 0.040523
0 0.437132 0.144444 0.019853 0.032680
0 0.412868 0.152288 0.028676 0.035294
0 0.370956 0.149673 0.038971 0.027451
0 0.359926 0.141830 0.036029 0.027451
0 0.387500 0.130065 0.036765 0.024837
0 0.396691 0.114379 0.037500 0.022222
0 0.400000 0.087582 0.029412 0.031373
0 0.340074 0.121569 0.033088 0.036601
0 0.418382 0.100000 0.019118 0.027451
0 0.337868 0.073856 0.013971 0.022222
0 0.424632 0.050327 0.013971 0.022222
0 0.437132 0.046405 0.013971 0.019608
0 0.475000 0.060784 0.029412 0.019608
0 0.496691 0.051634 0.031618 0.024837
0 0.529779 0.137255 0.016912 0.036601
0 0.515441 0.113725 0.016176 0.020915
0 0.532721 0.123529 0.015441 0.024837
0 0.544118 0.107190 0.030882 0.020915
0 0.528676 0.098693 0.014706 0.024837
0 0.531618 0.084314 0.016176 0.019608
0 0.561397 0.085621 0.021324 0.032680
0 0.579779 0.083007 0.019853 0.030065
0 0.540074 0.060784 0.030147 0.016993
0 0.556985 0.067320 0.025735 0.016993
0 0.530882 0.053595 0.026471 0.018301
0 0.566544 0.057516 0.025735 0.018301
0 0.575368 0.124837 0.003676 0.024837
0 0.588235 0.206536 0.004412 0.015686
0 0.600368 0.209804 0.003676 0.016993
0 0.599265 0.201307 0.005882 0.015686
0 0.448162 0.039869 0.011029 0.014379
0 0.533088 0.024837 0.004412 0.013072
0 0.410662 0.043791 0.008088 0.016993
0 0.584191 0.162092 0.013971 0.018301
0 0.341544 0.266667 0.008088 0.018301
