0 0.987868 0.581046 0.009559 0.040523
0 0.747794 0.693464 0.127941 0.354248
0 0.636765 0.434641 0.008824 0.032680
0 0.637868 0.428758 0.009559 0.026144
0 0.639338 0.271242 0.041912 0.092810
0 0.623529 0.184314 0.017647 0.028758
0 0.601471 0.067974 0.026471 0.020915
0 0.527206 0.249020 0.020588 0.045752
0 0.435662 0.884314 0.037500 0.134641
0 0.444118 0.745098 0.036765 0.112418
0 0.548162 0.735948 0.036029 0.094118
0 0.505882 0.566667 0.029412 0.069281
0 0.556250 0.552941 0.030147 0.073203
0 0.505515 0.345098 0.019853 0.057516
0 0.437500 0.267974 0.019118 0.041830
0 0.452574 0.162092 0.015441 0.033987
0 0.208456 0.578431 0.013971 0.048366
0 0.057353 0.173203 0.010294 0.040523
0 0.011397 0.106536 0.006618 0.030065
0 0.016176 0.156209 0.013235 0.024837
0 0.347059 0.103268 0.004412 0.020915
0 0.352206 0.103268 0.005882 0.020915
0 0.384559 0.050980 0.013235 0.023529
0 0.376838 0.023529 0.003676 0.020915
0 0.430147 0.084967 0.004412 0.018301
0 0.429779 0.079739 0.003676 0.015686
0 0.534926 0.070588 0.003676 0.015686
0 0.534926 0.067974 0.005147 0.018301
0 0.506618 0.035294 0.004412 0.015686
0 0.440809 0.033987 0.003676 0.015686
0 0.507353 0.057516 0.004412 0.015686
0 0.517647 0.044444 0.004412 0.013072
0 0.442279 0.032026 0.003676 0.016993
0 0.506250 0.032680 0.003676 0.015686
0 0.507721 0.054902 0.003676 0.015686
0 0.517647 0.041830 0.004412 0.015686
