0 0.498437 0.385185 0.009375 0.014815
0 0.521354 0.400926 0.005208 0.012963
0 0.521354 0.404630 0.005208 0.009259
0 0.511458 0.403704 0.008333 0.014815
0 0.511458 0.400000 0.004167 0.011111
0 0.463021 0.400926 0.013542 0.020370
0 0.460417 0.420370 0.012500 0.018519
0 0.453646 0.443519 0.013542 0.020370
0 0.472396 0.416667 0.005208 0.011111
0 0.472917 0.419444 0.004167 0.009259
0 0.475000 0.431481 0.004167 0.011111
0 0.475521 0.437963 0.003125 0.005556
0 0.460938 0.463889 0.007292 0.012963
0 0.461458 0.458333 0.004167 0.012963
0 0.541667 0.472222 0.016667 0.029630
0 0.481771 0.480556 0.007292 0.012963
0 0.482292 0.486111 0.006250 0.016667
0 0.548958 0.515741 0.016667 0.031481
0 0.546354 0.499074 0.017708 0.027778
0 0.514062 0.519444 0.007292 0.016667
0 0.514062 0.527778 0.007292 0.018519
0 0.364063 0.634259 0.030208 0.042593
0 0.369271 0.664815 0.007292 0.037037
0 0.176042 0.863889 0.031250 0.053704
0 0.205208 0.800926 0.031250 0.035185
0 0.152604 0.860185 0.026042 0.038889
0 0.341667 0.809259 0.008333 0.051852
0 0.385937 0.671296 0.011458 0.027778
0 0.566146 0.585185 0.036458 0.081481
0 0.541146 0.920370 0.048958 0.100000
0 0.621354 0.892593 0.046875 0.088889
0 0.413021 0.694444 0.009375 0.040741
0 0.414062 0.691667 0.007292 0.031481
0 0.413542 0.704630 0.008333 0.035185
0 0.486458 0.706481 0.010417 0.038889
0 0.486458 0.715741 0.010417 0.038889
0 0.531250 0.686111 0.008333 0.027778
0 0.530208 0.685185 0.010417 0.029630
0 0.530208 0.694444 0.010417 0.033333
0 0.588021 0.783333 0.013542 0.040741
