0 0.666176 0.762745 0.082353 0.181699
0 0.431250 0.681699 0.016912 0.071895
0 0.473162 0.692810 0.018382 0.070588
0 0.471691 0.678431 0.018382 0.065359
0 0.429044 0.690196 0.012500 0.049673
0 0.431250 0.671895 0.018382 0.062745
0 0.392647 0.570588 0.011765 0.071895
0 0.403676 0.409804 0.044118 0.087582
0 0.413235 0.323529 0.033824 0.064052
0 0.476103 0.232026 0.008088 0.032680
0 0.489338 0.230719 0.006618 0.030065
0 0.482721 0.222876 0.008088 0.048366
0 0.256985 0.114379 0.030147 0.043137
0 0.329412 0.076471 0.025000 0.035294
0 0.153309 0.043791 0.031618 0.050980
0 0.263971 0.018301 0.025000 0.031373
0 0.184559 0.109150 0.019118 0.035294
0 0.187132 0.104575 0.009559 0.026144
0 0.055515 0.012418 0.006618 0.019608
0 0.479412 0.052288 0.019118 0.041830
0 0.182721 0.021569 0.025735 0.030065
