0 0.275735 0.696732 0.016176 0.062745
0 0.276838 0.679085 0.016912 0.056209
0 0.390809 0.852288 0.061029 0.211765
0 0.298529 0.475163 0.013235 0.053595
0 0.352941 0.519608 0.014706 0.050980
0 0.351838 0.534641 0.013971 0.052288
0 0.368750 0.271895 0.011029 0.031373
0 0.447426 0.479085 0.041912 0.111111
0 0.390809 0.471895 0.040441 0.104575
0 0.507353 0.329412 0.033824 0.070588
0 0.543382 0.226144 0.030882 0.057516
0 0.437500 0.318301 0.038235 0.098039
0 0.397059 0.317647 0.033824 0.083660
0 0.406985 0.141176 0.027206 0.057516
0 0.451838 0.107843 0.024265 0.050980
0 0.447426 0.226144 0.027206 0.078431
0 0.397059 0.215033 0.029412 0.079739
0 0.363235 0.433333 0.011765 0.045752
0 0.346691 0.429412 0.011029 0.045752
0 0.370588 0.337255 0.008824 0.041830
0 0.551103 0.062092 0.009559 0.024837
0 0.363235 0.413072 0.013235 0.041830
0 0.348897 0.415686 0.013971 0.047059
0 0.370588 0.321569 0.011765 0.044444
0 0.368015 0.260131 0.012500 0.036601
0 0.570956 0.033987 0.006618 0.020915
0 0.551838 0.055556 0.006618 0.030065
0 0.580882 0.034641 0.005882 0.019608
0 0.586765 0.026797 0.008824 0.022222
0 0.573162 0.029412 0.006618 0.019608
0 0.576471 0.018301 0.004412 0.028758
0 0.568015 0.023529 0.006618 0.020915
0 0.446691 0.065359 0.022794 0.047059
0 0.452206 0.023529 0.022059 0.047059
0 0.417647 0.069281 0.023529 0.049673
