0 0.845588 0.645098 0.073529 0.095425
0 0.755515 0.610458 0.047794 0.073203
0 0.710662 0.547712 0.011029 0.060131
0 0.708088 0.603268 0.014706 0.048366
0 0.708824 0.594771 0.013235 0.049673
0 0.710294 0.605882 0.010294 0.032680
0 0.704779 0.507190 0.040441 0.060131
0 0.710662 0.466667 0.043382 0.047059
0 0.658824 0.422222 0.035294 0.047059
0 0.643015 0.350980 0.037500 0.037908
0 0.686029 0.405882 0.011765 0.043137
0 0.829779 0.369935 0.005147 0.020915
0 0.795588 0.344444 0.005882 0.019608
0 0.799265 0.362092 0.004412 0.020915
0 0.805147 0.356209 0.005882 0.035294
0 0.815441 0.360784 0.017647 0.026144
0 0.810294 0.378431 0.008824 0.024837
0 0.811397 0.373203 0.005147 0.024837
0 0.619118 0.185621 0.016176 0.015686
0 0.634559 0.188235 0.016176 0.013072
0 0.647426 0.190196 0.013971 0.011765
0 0.646691 0.207843 0.022794 0.015686
0 0.687132 0.199346 0.005147 0.011765
0 0.632721 0.316340 0.008088 0.020915
0 0.614338 0.320261 0.019853 0.026144
0 0.606618 0.303922 0.004412 0.024837
0 0.606618 0.300000 0.016176 0.022222
0 0.599265 0.284967 0.017647 0.020915
0 0.615074 0.267974 0.005147 0.026144
0 0.611765 0.266013 0.004412 0.019608
0 0.603309 0.272549 0.006618 0.022222
0 0.587500 0.270588 0.013235 0.023529
0 0.585662 0.260784 0.015441 0.022222
0 0.596324 0.247712 0.016176 0.022222
0 0.597794 0.239216 0.002941 0.020915
0 0.590441 0.236601 0.002941 0.018301
0 0.611765 0.241830 0.017647 0.023529
0 0.478309 0.153595 0.008088 0.011765
0 0.375735 0.829412 0.060294 0.150327
0 0.512132 0.629412 0.043382 0.084967
0 0.309559 0.574510 0.050000 0.092810
0 0.234926 0.704575 0.013971 0.062745
0 0.549632 0.430719 0.027206 0.040523
0 0.439338 0.377124 0.022794 0.040523
0 0.420956 0.343791 0.019853 0.031373
0 0.454412 0.320261 0.019118 0.031373
0 0.417647 0.281046 0.017647 0.028758
0 0.497059 0.264052 0.014706 0.023529
0 0.521691 0.300654 0.016912 0.026144
0 0.532353 0.283660 0.013235 0.026144
0 0.528309 0.279739 0.005147 0.013072
0 0.535662 0.281699 0.005147 0.011765
0 0.532721 0.277124 0.005147 0.013072
0 0.508088 0.202614 0.011765 0.018301
0 0.515809 0.210458 0.011029 0.018301
0 0.494485 0.243791 0.013971 0.022222
0 0.484926 0.229412 0.016912 0.016993
0 0.528309 0.217647 0.005147 0.011765
0 0.528309 0.214379 0.003676 0.010458
0 0.523529 0.203268 0.002941 0.009150
0 0.523897 0.201961 0.003676 0.011765
0 0.469485 0.211765 0.012500 0.018301
0 0.457721 0.192810 0.009559 0.014379
0 0.454044 0.215033 0.021324 0.019608
0 0.419485 0.206536 0.021324 0.018301
0 0.428309 0.247059 0.024265 0.049673
0 0.379412 0.165359 0.013235 0.014379
0 0.154044 0.362092 0.006618 0.039216
0 0.148529 0.358824 0.004412 0.030065
0 0.096324 0.800000 0.025000 0.091503
0 0.028676 0.622876 0.035294 0.040523
0 0.079412 0.688889 0.083824 0.107190
0 0.109559 0.630065 0.032353 0.039216
0 0.097426 0.597386 0.027206 0.057516
0 0.155515 0.572549 0.063971 0.067974
0 0.195588 0.510458 0.050000 0.069281
0 0.130515 0.501307 0.077206 0.053595
0 0.178676 0.471895 0.055882 0.052288
0 0.125000 0.462745 0.067647 0.049673
0 0.181985 0.420261 0.072794 0.043137
0 0.244485 0.411765 0.058088 0.041830
0 0.261029 0.386275 0.055882 0.035294
0 0.306618 0.435294 0.005882 0.047059
0 0.211397 0.366013 0.011029 0.047059
0 0.220221 0.394771 0.008088 0.039216
0 0.194485 0.398039 0.028676 0.032680
0 0.211397 0.398039 0.008088 0.040523
