0 0.526838 0.905229 0.094853 0.121569
0 0.598897 0.830065 0.119853 0.112418
0 0.629412 0.762745 0.098529 0.092810
0 0.673529 0.671895 0.098529 0.081046
0 0.705147 0.557516 0.082353 0.082353
0 0.744118 0.480392 0.075000 0.064052
0 0.753676 0.458824 0.070588 0.060131
0 0.773897 0.400000 0.155147 0.141176
0 0.805882 0.350980 0.105882 0.090196
0 0.828676 0.292157 0.138235 0.092810
0 0.847059 0.275817 0.113235 0.104575
0 0.855515 0.256863 0.125735 0.103268
0 0.898162 0.237908 0.106618 0.091503
0 0.905147 0.226144 0.113235 0.099346
0 0.920588 0.177778 0.072059 0.065359
0 0.948897 0.157516 0.088971 0.077124
0 0.931618 0.131373 0.095588 0.069281
0 0.893750 0.101307 0.031618 0.024837
0 0.906250 0.107843 0.036029 0.027451
0 0.799632 0.021569 0.021324 0.030065
0 0.900368 0.077124 0.084559 0.049673
0 0.862868 0.072549 0.027206 0.024837
0 0.869118 0.083007 0.029412 0.022222
0 0.860662 0.035294 0.050735 0.060131
0 0.886765 0.035948 0.050000 0.066667
0 0.912500 0.035294 0.044118 0.067974
0 0.959926 0.040523 0.043382 0.060131
0 0.719118 0.045098 0.029412 0.022222
0 0.605515 0.147059 0.038971 0.032680
0 0.596324 0.162745 0.038235 0.032680
0 0.571691 0.176471 0.040441 0.036601
0 0.523529 0.178431 0.063235 0.045752
0 0.392647 0.371895 0.070588 0.066667
0 0.431985 0.337255 0.019853 0.028758
0 0.453676 0.349020 0.020588 0.028758
0 0.269485 0.473203 0.068382 0.067974
0 0.383456 0.641176 0.244853 0.419608
0 0.127206 0.439216 0.054412 0.070588
0 0.166544 0.535948 0.062500 0.081046
0 0.042647 0.446405 0.072059 0.079739
0 0.040809 0.103268 0.005147 0.033987
0 0.078676 0.107190 0.036765 0.028758
0 0.469118 0.009804 0.027941 0.019608
