0 0.051471 0.497386 0.072059 0.092810
0 0.558456 0.847059 0.075735 0.146405
0 0.397059 0.277778 0.033824 0.064052
0 0.439338 0.289542 0.044853 0.053595
0 0.673162 0.815033 0.063971 0.116340
0 0.041176 0.143791 0.026471 0.020915
0 0.016176 0.120915 0.022059 0.040523
0 0.108456 0.068627 0.068382 0.035294
0 0.043382 0.051634 0.017647 0.011765
0 0.029412 0.055556 0.014706 0.014379
0 0.095588 0.049673 0.022059 0.015686
0 0.141544 0.056209 0.016912 0.018301
0 0.321691 0.053595 0.019853 0.018301
0 0.546324 0.106536 0.026471 0.030065
0 0.594853 0.109804 0.011765 0.018301
0 0.636397 0.133333 0.013971 0.020915
0 0.618750 0.098693 0.016912 0.024837
0 0.738971 0.118954 0.014706 0.041830
0 0.668750 0.382353 0.011029 0.037908
0 0.676838 0.374510 0.011029 0.043137
