0 0.036397 0.629412 0.021324 0.043137
0 0.075368 0.645752 0.033088 0.044444
0 0.036765 0.841830 0.022059 0.065359
0 0.327941 0.901961 0.070588 0.078431
0 0.720956 0.833987 0.016912 0.044444
0 0.636397 0.567320 0.068382 0.172549
0 0.590074 0.470588 0.009559 0.033987
0 0.590074 0.463399 0.008088 0.035294
0 0.318750 0.447712 0.009559 0.040523
0 0.313971 0.445752 0.020588 0.028758
0 0.291912 0.479085 0.007353 0.019608
0 0.390441 0.496078 0.030882 0.056209
0 0.384191 0.441830 0.058088 0.052288
0 0.378676 0.348366 0.029412 0.048366
0 0.419853 0.392810 0.027941 0.048366
0 0.419485 0.362092 0.024265 0.044444
0 0.426838 0.331373 0.030147 0.040523
0 0.434191 0.315033 0.016912 0.031373
0 0.443382 0.292157 0.038235 0.043137
0 0.406985 0.322876 0.005147 0.033987
0 0.393750 0.307843 0.006618 0.032680
0 0.404412 0.298039 0.014706 0.018301
0 0.440809 0.275817 0.022794 0.031373
0 0.444485 0.254248 0.030147 0.027451
0 0.447794 0.243791 0.029412 0.027451
0 0.453676 0.233987 0.029412 0.026144
0 0.445956 0.217647 0.015441 0.024837
0 0.448897 0.205229 0.013971 0.023529
0 0.440441 0.170588 0.014706 0.022222
0 0.437868 0.150980 0.021324 0.019608
0 0.626838 0.343137 0.063971 0.061438
0 0.631985 0.305882 0.006618 0.023529
0 0.624632 0.311111 0.018382 0.018301
0 0.566176 0.329412 0.004412 0.031373
0 0.578676 0.340523 0.026471 0.032680
0 0.575735 0.314379 0.020588 0.035294
0 0.609191 0.266667 0.013971 0.018301
0 0.610662 0.273856 0.013971 0.016993
0 0.583824 0.275163 0.004412 0.014379
0 0.603309 0.236601 0.009559 0.010458
0 0.602574 0.233333 0.009559 0.014379
0 0.563235 0.290850 0.027941 0.035294
0 0.567279 0.266013 0.025735 0.035294
0 0.565809 0.248366 0.015441 0.023529
0 0.583824 0.214379 0.022059 0.023529
0 0.583824 0.181046 0.010294 0.011765
0 0.550368 0.175163 0.012500 0.020915
0 0.570588 0.159477 0.013235 0.015686
0 0.556985 0.144444 0.025735 0.019608
0 0.542647 0.140523 0.002941 0.014379
0 0.482353 0.175163 0.004412 0.015686
0 0.482353 0.180392 0.004412 0.015686
0 0.492279 0.190850 0.005147 0.018301
0 0.490074 0.196078 0.015441 0.015686
0 0.461765 0.169935 0.013235 0.020915
0 0.460294 0.152941 0.014706 0.018301
0 0.555882 0.096078 0.002941 0.011765
0 0.514338 0.113072 0.002206 0.014379
0 0.519853 0.113725 0.002941 0.013072
0 0.534191 0.103922 0.008088 0.014379
0 0.468015 0.140523 0.024265 0.016993
0 0.458456 0.135294 0.019853 0.014379
0 0.469853 0.132680 0.019118 0.016993
0 0.470588 0.124837 0.020588 0.014379
0 0.481985 0.120261 0.009559 0.018301
0 0.472059 0.115033 0.017647 0.018301
0 0.473529 0.107190 0.029412 0.028758
0 0.512500 0.079739 0.001471 0.010458
0 0.497794 0.101307 0.008824 0.014379
0 0.496324 0.083007 0.007353 0.011765
0 0.484191 0.090196 0.008088 0.013072
0 0.473162 0.092810 0.011029 0.010458
0 0.475735 0.086928 0.010294 0.011765
0 0.478309 0.085621 0.011029 0.011765
0 0.497059 0.056209 0.001471 0.007843
0 0.497059 0.058170 0.001471 0.006536
0 0.513971 0.059477 0.001471 0.009150
0 0.512500 0.058824 0.001471 0.010458
0 0.511397 0.054248 0.005147 0.011765
0 0.528676 0.084314 0.007353 0.009150
0 0.529412 0.081046 0.005882 0.010458
0 0.526471 0.075817 0.005882 0.010458
0 0.525735 0.073203 0.005882 0.010458
0 0.522059 0.069281 0.008824 0.010458
0 0.510662 0.290850 0.003676 0.024837
0 0.513971 0.289542 0.004412 0.027451
