0 0.440104 0.535185 0.036458 0.077778
0 0.504687 0.541667 0.042708 0.075926
0 0.272917 0.953704 0.027083 0.077778
0 0.300521 0.840741 0.026042 0.055556
0 0.280208 0.944444 0.018750 0.062963
0 0.303125 0.864815 0.025000 0.055556
0 0.270313 0.975000 0.028125 0.050000
0 0.428646 0.710185 0.046875 0.135185
0 0.475000 0.793519 0.033333 0.079630
0 0.330729 0.652778 0.015625 0.035185
0 0.331250 0.654630 0.025000 0.053704
0 0.522917 0.612037 0.014583 0.035185
0 0.523958 0.632407 0.025000 0.061111
0 0.700000 0.912037 0.020833 0.072222
0 0.639583 0.736111 0.066667 0.142593
0 0.496354 0.430556 0.032292 0.053704
0 0.449479 0.447222 0.030208 0.068519
0 0.379688 0.496296 0.013542 0.029630
0 0.379688 0.512963 0.015625 0.037037
0 0.362500 0.470370 0.014583 0.029630
0 0.363542 0.486111 0.012500 0.035185
0 0.265625 0.501852 0.095833 0.066667
0 0.394271 0.451852 0.009375 0.037037
0 0.393750 0.462963 0.029167 0.055556
0 0.449479 0.398148 0.030208 0.055556
0 0.453125 0.368519 0.027083 0.048148
0 0.480208 0.351852 0.022917 0.037037
0 0.478125 0.284259 0.016667 0.027778
0 0.477604 0.247222 0.015625 0.024074
0 0.450000 0.311111 0.018750 0.048148
