0 0.204779 0.973856 0.018382 0.052288
0 0.827941 0.830719 0.073529 0.084967
0 0.821324 0.685621 0.041176 0.084967
0 0.785294 0.548366 0.044118 0.045752
0 0.732353 0.455556 0.035294 0.035294
0 0.969485 0.355556 0.005147 0.018301
0 0.979779 0.353595 0.019853 0.022222
0 0.826838 0.393464 0.015441 0.015686
0 0.825368 0.388889 0.005147 0.019608
0 0.827941 0.388235 0.005882 0.018301
0 0.045588 0.375163 0.055882 0.067974
0 0.036029 0.333333 0.002941 0.020915
0 0.010662 0.273856 0.015441 0.019608
0 0.366176 0.450327 0.051471 0.043137
0 0.513971 0.379085 0.004412 0.020915
0 0.516912 0.383007 0.016176 0.018301
0 0.657353 0.318301 0.025000 0.022222
0 0.588235 0.279085 0.002941 0.011765
0 0.588235 0.281699 0.002941 0.011765
0 0.563603 0.284967 0.002206 0.010458
0 0.499265 0.226797 0.007353 0.014379
0 0.490809 0.211111 0.011029 0.027451
0 0.477941 0.209150 0.005882 0.010458
0 0.482721 0.201961 0.008088 0.014379
0 0.470956 0.194118 0.005147 0.006536
0 0.470956 0.185621 0.003676 0.005229
0 0.481618 0.176471 0.005882 0.013072
0 0.576471 0.264052 0.010294 0.013072
0 0.319485 0.262745 0.025735 0.015686
