0 0.225521 0.752778 0.011458 0.027778
0 0.291667 0.661111 0.012500 0.025926
0 0.296354 0.658333 0.011458 0.027778
0 0.271875 0.776852 0.012500 0.031481
0 0.430729 0.548148 0.007292 0.022222
0 0.433854 0.544444 0.007292 0.022222
0 0.755729 0.387963 0.005208 0.016667
0 0.786458 0.370370 0.006250 0.018519
0 0.810417 0.264815 0.004167 0.011111
0 0.121875 0.925000 0.014583 0.050000
0 0.149479 0.805556 0.011458 0.040741
0 0.590625 0.332407 0.006250 0.016667
0 0.651563 0.321296 0.005208 0.016667
0 0.594792 0.241667 0.004167 0.016667
0 0.322396 0.311111 0.003125 0.022222
0 0.323958 0.313889 0.004167 0.020370
0 0.309896 0.315741 0.005208 0.024074
0 0.307812 0.313889 0.005208 0.024074
0 0.128125 0.569444 0.058333 0.050000
0 0.396875 0.459259 0.143750 0.107407
0 0.662500 0.362037 0.091667 0.083333
0 0.757292 0.350000 0.037500 0.044444
0 0.855208 0.308333 0.022917 0.020370
0 0.911979 0.287037 0.021875 0.018519
0 0.925000 0.264815 0.022917 0.014815
0 0.941146 0.288889 0.005208 0.014815
0 0.986979 0.212037 0.017708 0.012963
0 0.332292 0.687963 0.062500 0.053704
0 0.384375 0.702778 0.060417 0.072222
0 0.297396 0.665741 0.017708 0.027778
0 0.268229 0.786111 0.021875 0.031481
0 0.125000 0.935185 0.035417 0.044444
0 0.205208 0.764815 0.029167 0.048148
0 0.590625 0.337037 0.008333 0.011111
0 0.650521 0.325926 0.009375 0.014815
0 0.755208 0.392593 0.008333 0.014815
0 0.785937 0.375926 0.007292 0.014815
0 0.809896 0.266667 0.007292 0.011111
0 0.940104 0.292593 0.007292 0.011111
