0 0.659191 0.901307 0.190441 0.181699
0 0.942647 0.863399 0.114706 0.231373
0 0.084191 0.018954 0.047794 0.037908
0 0.218750 0.015686 0.012500 0.031373
0 0.455147 0.112418 0.010294 0.033987
0 0.455515 0.118954 0.033088 0.033987
0 0.623529 0.153595 0.069118 0.056209
0 0.770221 0.263399 0.066912 0.077124
0 0.872794 0.439216 0.055882 0.130719
0 0.980147 0.534641 0.039706 0.094118
0 0.983088 0.508497 0.020588 0.031373
0 0.985294 0.369281 0.016176 0.032680
0 0.969118 0.354902 0.016176 0.037908
0 0.975735 0.383007 0.048529 0.078431
0 0.784926 0.101307 0.052206 0.045752
0 0.745956 0.062745 0.031618 0.049673
0 0.754044 0.064052 0.013971 0.028758
