0 0.047396 0.731019 0.026042 0.076852
0 0.365885 0.857407 0.033854 0.146296
0 0.327344 0.778241 0.027604 0.119444
0 0.355729 0.775463 0.028125 0.117593
0 0.327865 0.811574 0.026562 0.104630
0 0.363542 0.892130 0.034375 0.130556
0 0.355208 0.808333 0.027083 0.100000
0 0.447135 0.805556 0.085938 0.146296
0 0.434375 0.718056 0.065625 0.100926
0 0.429688 0.668519 0.050000 0.077778
0 0.418750 0.637963 0.042708 0.068519
0 0.339062 0.562500 0.028125 0.043519
0 0.419010 0.604167 0.034896 0.047222
0 0.198437 0.614815 0.054167 0.070370
0 0.361979 0.660185 0.020833 0.070370
0 0.361719 0.681481 0.013021 0.053704
0 0.288281 0.582870 0.007812 0.052778
0 0.290885 0.568056 0.013021 0.028704
0 0.266927 0.588426 0.013021 0.036111
0 0.259896 0.599074 0.007292 0.029630
0 0.267448 0.598148 0.022396 0.025926
0 0.298958 0.541667 0.020833 0.031481
0 0.322135 0.537037 0.023438 0.025926
0 0.333333 0.525463 0.018750 0.023148
0 0.347135 0.508333 0.013021 0.016667
0 0.352865 0.503704 0.013021 0.016667
0 0.377344 0.592593 0.009896 0.044444
0 0.377865 0.604630 0.007812 0.035185
0 0.385677 0.584722 0.008854 0.032407
0 0.384896 0.574537 0.008333 0.037963
0 0.376823 0.557870 0.008854 0.036111
0 0.376302 0.566204 0.007812 0.030556
0 0.376302 0.537963 0.011979 0.031481
0 0.393750 0.514815 0.004167 0.018519
0 0.393750 0.518981 0.004167 0.017593
0 0.384115 0.522222 0.004687 0.022222
0 0.384115 0.527778 0.003646 0.018519
0 0.380729 0.512037 0.004167 0.012963
0 0.380729 0.516204 0.004167 0.012037
0 0.390885 0.506944 0.003646 0.012037
0 0.390365 0.504167 0.004687 0.015741
0 0.396094 0.509722 0.003646 0.021296
0 0.419792 0.580093 0.034375 0.045370
0 0.416927 0.557870 0.025521 0.041667
0 0.412500 0.556019 0.029167 0.030556
0 0.410677 0.550926 0.024479 0.035185
0 0.408073 0.539815 0.021354 0.025926
0 0.406510 0.530556 0.020313 0.024074
0 0.405729 0.524537 0.017708 0.028704
