0 0.031771 0.021759 0.006250 0.019444
0 0.095833 0.123148 0.036458 0.098148
0 0.021875 0.310185 0.015625 0.027778
0 0.006250 0.245370 0.011458 0.029630
0 0.047396 0.218056 0.012500 0.026852
0 0.039583 0.208333 0.012500 0.020370
0 0.081510 0.231019 0.045312 0.102778
0 0.069792 0.371759 0.044792 0.115741
0 0.041927 0.586111 0.017188 0.044444
0 0.039062 0.583333 0.012500 0.029630
0 0.085156 0.625463 0.049479 0.119444
0 0.042708 0.893519 0.052083 0.131481
0 0.143229 0.686574 0.047917 0.130556
0 0.105469 0.868981 0.050521 0.132407
0 0.231771 0.768981 0.044792 0.130556
0 0.259635 0.595833 0.043229 0.117593
0 0.175260 0.536111 0.044271 0.118519
0 0.202865 0.380093 0.041146 0.115741
0 0.116406 0.343981 0.014063 0.047222
0 0.114844 0.343981 0.011979 0.032407
0 0.226042 0.258796 0.038542 0.112037
0 0.141146 0.158333 0.011458 0.038889
0 0.140104 0.149074 0.012500 0.027778
0 0.156510 0.131944 0.010937 0.037963
0 0.155990 0.124074 0.010937 0.027778
0 0.255208 0.108796 0.038542 0.102778
0 0.286719 0.450463 0.040104 0.108333
0 0.310677 0.308333 0.036979 0.100000
0 0.341146 0.162500 0.036458 0.102778
0 0.378385 0.156019 0.033854 0.089815
0 0.363802 0.406481 0.036979 0.105556
0 0.417187 0.271759 0.011458 0.041667
0 0.417448 0.268519 0.009896 0.027778
0 0.452865 0.477778 0.033854 0.107407
0 0.470833 0.348148 0.029167 0.085185
0 0.478646 0.220833 0.032292 0.104630
0 0.504427 0.098148 0.032813 0.103704
0 0.541927 0.066667 0.020313 0.022222
0 0.437500 0.618981 0.034375 0.115741
0 0.412500 0.768056 0.042708 0.130556
0 0.470573 0.754167 0.007812 0.019444
0 0.462240 0.793056 0.010937 0.017593
0 0.348698 0.951389 0.018229 0.039815
0 0.344531 0.957407 0.010937 0.020370
0 0.210156 0.921759 0.011979 0.019444
0 0.874740 0.031944 0.059896 0.060185
0 0.870573 0.134259 0.059896 0.062963
0 0.871615 0.183333 0.068229 0.061111
0 0.868229 0.293056 0.058333 0.054630
0 0.868750 0.349537 0.058333 0.060185
0 0.866667 0.407407 0.060417 0.059259
0 0.861719 0.594907 0.067187 0.058333
0 0.859115 0.728704 0.077604 0.064815
0 0.858594 0.869444 0.067187 0.066667
0 0.858854 0.945370 0.081250 0.075926
0 0.984896 0.491667 0.018750 0.020370
0 0.920833 0.281944 0.013542 0.026852
0 0.973958 0.302778 0.034375 0.103704
0 0.973177 0.113426 0.033854 0.095370
