0 0.978676 0.725490 0.025000 0.049673
0 0.961765 0.709804 0.022059 0.054902
0 0.968750 0.690196 0.011029 0.026144
0 0.973897 0.836601 0.030147 0.054902
0 0.928676 0.759477 0.038235 0.033987
0 0.920588 0.735948 0.035294 0.039216
0 0.711029 0.796078 0.011765 0.060131
0 0.688603 0.791503 0.011029 0.058824
0 0.697794 0.792810 0.014706 0.056209
0 0.782353 0.573856 0.086765 0.073203
0 0.752206 0.469935 0.083824 0.061438
0 0.611029 0.479739 0.035294 0.096732
0 0.173897 0.478431 0.030147 0.033987
0 0.189338 0.561438 0.022794 0.048366
0 0.164706 0.582353 0.032353 0.037908
0 0.162132 0.566013 0.033088 0.036601
0 0.174265 0.319608 0.011765 0.035294
0 0.228309 0.360784 0.046324 0.078431
0 0.276838 0.556209 0.040441 0.113725
0 0.256250 0.115033 0.012500 0.031373
0 0.266544 0.158824 0.046324 0.061438
0 0.289706 0.049020 0.041176 0.050980
0 0.433456 0.387582 0.012500 0.040523
0 0.430882 0.371895 0.011765 0.035294
0 0.433088 0.375163 0.008824 0.039216
0 0.544485 0.296078 0.009559 0.048366
0 0.624632 0.269935 0.011029 0.045752
0 0.449632 0.166013 0.008088 0.033987
0 0.449632 0.154248 0.008088 0.031373
0 0.525000 0.184967 0.029412 0.056209
0 0.502206 0.047712 0.025000 0.053595
0 0.628676 0.135294 0.055882 0.043137
0 0.625735 0.093464 0.058824 0.037908
0 0.550735 0.100000 0.010294 0.030065
0 0.550735 0.101961 0.008824 0.028758
0 0.550735 0.092810 0.007353 0.028758
0 0.528676 0.026144 0.007353 0.028758
0 0.528676 0.023529 0.004412 0.018301
0 0.528676 0.020915 0.005882 0.026144
0 0.563971 0.065359 0.019118 0.049673
0 0.536029 0.052941 0.008824 0.027451
0 0.535294 0.054248 0.005882 0.019608
0 0.535662 0.049020 0.006618 0.030065
