0 0.609375 0.928704 0.018750 0.090741
0 0.645833 0.925000 0.018750 0.090741
0 0.575000 0.911111 0.022917 0.085185
0 0.615104 0.865741 0.059375 0.064815
0 0.648438 0.829630 0.032292 0.096296
0 0.535937 0.853704 0.019792 0.081481
0 0.536458 0.861111 0.018750 0.055556
0 0.535417 0.835185 0.020833 0.062963
0 0.401562 0.892593 0.067708 0.203704
0 0.479167 0.766667 0.058333 0.148148
0 0.322396 0.944444 0.028125 0.100000
0 0.320833 0.935185 0.027083 0.085185
0 0.592187 0.770370 0.019792 0.081481
0 0.528646 0.653704 0.021875 0.066667
0 0.532813 0.650000 0.015625 0.044444
0 0.528125 0.641667 0.018750 0.053704
0 0.578646 0.628704 0.051042 0.101852
0 0.623958 0.490741 0.064583 0.062963
0 0.548438 0.538889 0.015625 0.059259
0 0.288542 0.877778 0.020833 0.092593
0 0.300000 0.873148 0.020833 0.079630
0 0.354167 0.746296 0.020833 0.077778
0 0.354687 0.734259 0.019792 0.061111
0 0.251563 0.792593 0.080208 0.162963
0 0.282813 0.662037 0.053125 0.064815
0 0.282292 0.639815 0.054167 0.064815
0 0.323437 0.634259 0.011458 0.042593
0 0.323958 0.623148 0.014583 0.053704
0 0.334375 0.615741 0.014583 0.061111
0 0.339062 0.594444 0.013542 0.048148
0 0.351042 0.601852 0.016667 0.070370
0 0.368229 0.507407 0.013542 0.051852
0 0.381771 0.501852 0.013542 0.059259
0 0.389062 0.499074 0.011458 0.057407
0 0.318750 0.571296 0.052083 0.094444
0 0.269792 0.531481 0.016667 0.044444
0 0.421354 0.489815 0.015625 0.050000
0 0.420312 0.481481 0.013542 0.037037
0 0.421354 0.474074 0.013542 0.044444
0 0.337500 0.456481 0.037500 0.079630
0 0.365625 0.439815 0.012500 0.038889
0 0.365104 0.438889 0.013542 0.029630
0 0.365104 0.429630 0.013542 0.037037
0 0.380208 0.440741 0.012500 0.051852
0 0.399479 0.462963 0.009375 0.040741
0 0.400000 0.448148 0.008333 0.029630
0 0.396875 0.417593 0.010417 0.038889
0 0.380729 0.409259 0.013542 0.029630
0 0.378646 0.396296 0.009375 0.025926
0 0.397396 0.405556 0.009375 0.029630
0 0.427083 0.392593 0.029167 0.062963
0 0.448958 0.383333 0.008333 0.033333
0 0.455208 0.387963 0.020833 0.027778
0 0.456250 0.374074 0.012500 0.037037
0 0.484896 0.395370 0.023958 0.027778
0 0.484375 0.387963 0.010417 0.042593
0 0.524479 0.380556 0.011458 0.042593
0 0.368750 0.314815 0.029167 0.051852
0 0.393229 0.313889 0.009375 0.031481
0 0.399479 0.277778 0.009375 0.037037
0 0.868750 0.645370 0.020833 0.068519
0 0.809896 0.515741 0.017708 0.046296
0 0.831771 0.517593 0.015625 0.057407
0 0.829167 0.472222 0.018750 0.044444
