0 0.244853 0.834641 0.122059 0.121569
0 0.432353 0.774510 0.117647 0.137255
0 0.563971 0.756863 0.054412 0.054902
0 0.562132 0.721569 0.018382 0.044444
0 0.420956 0.681699 0.021324 0.064052
0 0.429044 0.645752 0.016912 0.060131
0 0.148162 0.821569 0.022794 0.084967
0 0.227574 0.760131 0.016912 0.050980
0 0.181250 0.758170 0.016912 0.065359
0 0.191544 0.727451 0.013971 0.058824
0 0.154412 0.696078 0.016176 0.050980
0 0.263235 0.694118 0.014706 0.052288
0 0.305515 0.746405 0.015441 0.070588
0 0.299265 0.694118 0.011765 0.033987
0 0.286397 0.688889 0.012500 0.049673
0 0.304044 0.671242 0.012500 0.053595
0 0.339706 0.608497 0.011765 0.035294
0 0.362132 0.607190 0.011029 0.027451
0 0.068015 0.684314 0.040441 0.048366
0 0.125368 0.589542 0.013971 0.067974
0 0.128676 0.573203 0.008824 0.037908
0 0.184926 0.569281 0.077206 0.181699
0 0.423529 0.464052 0.017647 0.044444
0 0.438971 0.535948 0.092647 0.091503
0 0.482353 0.462745 0.010294 0.057516
0 0.490441 0.475163 0.007353 0.035294
0 0.632721 0.528105 0.058088 0.083660
0 0.620221 0.526797 0.015441 0.033987
0 0.669853 0.636601 0.022059 0.039216
0 0.674265 0.656209 0.029412 0.039216
0 0.621691 0.434641 0.058088 0.082353
0 0.628676 0.460131 0.011765 0.049673
0 0.878309 0.555556 0.019853 0.062745
0 0.773529 0.652941 0.019118 0.048366
0 0.766912 0.632026 0.017647 0.037908
0 0.686765 0.432026 0.008824 0.024837
0 0.718382 0.473203 0.011765 0.020915
0 0.738603 0.473203 0.011029 0.060131
0 0.790074 0.578431 0.008088 0.035294
0 0.794853 0.567974 0.007353 0.056209
0 0.877574 0.627451 0.018382 0.041830
0 0.883824 0.612418 0.019118 0.032680
0 0.815074 0.431373 0.013971 0.052288
0 0.559191 0.226144 0.006618 0.018301
0 0.563603 0.230719 0.009559 0.024837
0 0.573162 0.235948 0.009559 0.032680
0 0.868015 0.290196 0.009559 0.036601
0 0.864706 0.300000 0.011765 0.035294
0 0.717279 0.132026 0.005147 0.028758
0 0.730882 0.128105 0.008824 0.031373
0 0.738971 0.133333 0.016176 0.020915
0 0.945221 0.119608 0.006618 0.016993
0 0.943015 0.111111 0.006618 0.026144
0 0.936397 0.112418 0.008088 0.015686
0 0.938235 0.124183 0.020588 0.028758
0 0.810294 0.111765 0.035294 0.048366
