0 0.914583 0.645833 0.060417 0.034259
0 0.330208 0.768981 0.046875 0.067593
0 0.389583 0.770833 0.044792 0.075000
0 0.444531 0.782407 0.043229 0.075926
0 0.504687 0.753241 0.038542 0.067593
0 0.337500 0.678704 0.011458 0.031481
0 0.350260 0.664815 0.019271 0.022222
0 0.365365 0.704630 0.040104 0.046296
0 0.433594 0.700463 0.032813 0.049074
0 0.378385 0.680093 0.031771 0.043519
0 0.473177 0.744444 0.010937 0.044444
0 0.473438 0.733333 0.014583 0.053704
0 0.480990 0.712963 0.010937 0.037037
0 0.480729 0.703241 0.010417 0.036111
0 0.451042 0.659722 0.025000 0.037963
0 0.430208 0.637500 0.022917 0.036111
0 0.439063 0.615741 0.019792 0.027778
0 0.372396 0.631019 0.015625 0.019444
0 0.379688 0.620833 0.009375 0.023148
0 0.394010 0.643519 0.008854 0.035185
0 0.452865 0.587963 0.016146 0.020370
0 0.444531 0.575000 0.013021 0.016667
0 0.419010 0.593056 0.017188 0.021296
0 0.401302 0.685648 0.007812 0.030556
0 0.402083 0.675926 0.008333 0.037037
0 0.402604 0.650463 0.008333 0.025000
0 0.403125 0.641667 0.007292 0.027778
0 0.481250 0.683796 0.008333 0.032407
0 0.477083 0.671759 0.010417 0.021296
0 0.477604 0.663889 0.008333 0.035185
0 0.486979 0.665741 0.006250 0.027778
0 0.490104 0.657407 0.007292 0.031481
0 0.407031 0.629167 0.006771 0.028704
0 0.406250 0.621296 0.023958 0.033333
0 0.409115 0.612963 0.020313 0.024074
