0 0.233088 0.705229 0.036765 0.111111
0 0.412868 0.705882 0.034559 0.094118
0 0.405147 0.523529 0.008824 0.030065
0 0.405515 0.532026 0.009559 0.036601
0 0.061765 0.722222 0.013235 0.035294
0 0.063603 0.734641 0.015441 0.052288
0 0.054779 0.535948 0.041912 0.081046
0 0.106618 0.341176 0.030882 0.065359
0 0.138603 0.246405 0.027206 0.043137
0 0.319485 0.292157 0.022794 0.048366
0 0.511397 0.586928 0.011029 0.036601
0 0.472059 0.445098 0.042647 0.061438
0 0.548162 0.892157 0.012500 0.043137
0 0.546691 0.913072 0.009559 0.050980
0 0.576103 0.948366 0.013971 0.043137
0 0.576838 0.966013 0.015441 0.052288
0 0.698897 0.877778 0.093382 0.084967
0 0.725368 0.754902 0.022794 0.053595
0 0.900368 0.896732 0.008088 0.020915
0 0.929412 0.905882 0.011765 0.028758
0 0.917279 0.935294 0.016912 0.037908
0 0.937132 0.935294 0.013971 0.045752
0 0.794118 0.657516 0.025000 0.036601
0 0.627574 0.483007 0.034559 0.053595
0 0.642279 0.515686 0.008088 0.027451
0 0.650735 0.513072 0.005882 0.035294
0 0.649265 0.542484 0.052941 0.049673
0 0.680515 0.407843 0.008088 0.023529
0 0.679044 0.415033 0.018382 0.024837
0 0.682721 0.339869 0.009559 0.015686
0 0.609926 0.293464 0.050735 0.040523
0 0.547794 0.237908 0.051471 0.033987
0 0.562500 0.194771 0.072059 0.057516
0 0.554779 0.089542 0.003676 0.019608
0 0.553309 0.075163 0.003676 0.022222
0 0.527206 0.052288 0.030882 0.023529
0 0.533088 0.064052 0.029412 0.023529
0 0.486765 0.054248 0.027941 0.027451
0 0.474265 0.024837 0.033824 0.018301
0 0.425735 0.038562 0.004412 0.019608
0 0.430882 0.039216 0.002941 0.023529
0 0.435294 0.038562 0.002941 0.022222
0 0.340441 0.055556 0.019118 0.043137
0 0.015441 0.052288 0.002941 0.015686
0 0.019118 0.054902 0.004412 0.018301
0 0.022794 0.055556 0.004412 0.019608
0 0.029779 0.056209 0.005147 0.018301
0 0.037500 0.049020 0.005882 0.019608
0 0.025000 0.039216 0.007353 0.020915
0 0.834191 0.270588 0.038971 0.049673
0 0.835662 0.238562 0.009559 0.022222
0 0.843015 0.239869 0.006618 0.022222
0 0.836765 0.250327 0.004412 0.019608
0 0.840441 0.252288 0.004412 0.020915
0 0.859926 0.233987 0.003676 0.018301
0 0.868382 0.234641 0.007353 0.024837
0 0.877574 0.231373 0.006618 0.020915
0 0.880882 0.237255 0.005882 0.024837
0 0.930882 0.230719 0.008824 0.030065
0 0.936029 0.226797 0.008824 0.030065
0 0.935662 0.213725 0.005147 0.030065
0 0.937132 0.195425 0.043382 0.032680
0 0.813603 0.167974 0.031618 0.030065
0 0.792279 0.158170 0.009559 0.018301
0 0.855882 0.166667 0.041176 0.030065
0 0.875368 0.197386 0.041912 0.036601
0 0.921324 0.162745 0.039706 0.027451
0 0.946691 0.162092 0.006618 0.023529
