0 0.417708 0.771759 0.036458 0.089815
0 0.255469 0.799074 0.045312 0.120370
0 0.200521 0.804167 0.045833 0.110185
0 0.144792 0.806019 0.050000 0.112037
0 0.276823 0.680556 0.040104 0.101852
0 0.432292 0.508796 0.025000 0.054630
0 0.275000 0.444444 0.025000 0.051852
0 0.250260 0.416204 0.028646 0.056481
0 0.261719 0.366204 0.024479 0.043519
0 0.293750 0.370370 0.025000 0.050000
0 0.274219 0.322685 0.025521 0.045370
0 0.288542 0.273148 0.019792 0.038889
0 0.299219 0.231019 0.017188 0.032407
0 0.314323 0.287963 0.020313 0.037037
0 0.343229 0.287500 0.018750 0.037963
0 0.405729 0.045370 0.009375 0.014815
0 0.422135 0.290278 0.017188 0.030556
0 0.440104 0.333796 0.018750 0.036111
0 0.179167 0.671296 0.040625 0.087037
0 0.296875 0.579167 0.031250 0.075000
0 0.203125 0.576852 0.035417 0.070370
0 0.224479 0.492130 0.034375 0.065741
0 0.321875 0.410648 0.025000 0.054630
0 0.329427 0.363889 0.022396 0.046296
0 0.334635 0.325463 0.019271 0.037963
0 0.304427 0.331944 0.022396 0.043519
0 0.320052 0.255093 0.018229 0.032407
0 0.347396 0.254630 0.017708 0.033333
0 0.356771 0.199537 0.015625 0.028704
0 0.359635 0.177315 0.015104 0.026852
0 0.320312 0.157870 0.016667 0.026852
0 0.438542 0.183796 0.013542 0.026852
0 0.439063 0.073148 0.010417 0.016667
0 0.365104 0.151389 0.013542 0.032407
0 0.352604 0.224074 0.017708 0.038889
0 0.313802 0.466667 0.026562 0.066667
0 0.261979 0.507407 0.028125 0.061111
0 0.228906 0.597685 0.071354 0.219444
0 0.491667 0.347685 0.005208 0.023148
0 0.498437 0.278704 0.005208 0.022222
0 0.485677 0.277315 0.006771 0.013889
0 0.486198 0.286574 0.008854 0.023148
0 0.498437 0.286111 0.005208 0.018519
0 0.492188 0.352778 0.005208 0.024074
