0 0.971615 0.948148 0.020313 0.092593
0 0.963542 0.898148 0.022917 0.072222
0 0.946094 0.751389 0.016146 0.065741
0 0.878906 0.766204 0.014063 0.067593
0 0.866667 0.767130 0.010417 0.063889
0 0.854948 0.763889 0.013021 0.070370
0 0.811979 0.759722 0.015625 0.065741
0 0.882552 0.679630 0.017188 0.059259
0 0.811198 0.677778 0.013021 0.062963
0 0.904687 0.547222 0.010417 0.048148
0 0.828646 0.630093 0.012500 0.039815
0 0.826562 0.644444 0.014583 0.040741
0 0.757552 0.617130 0.044271 0.065741
0 0.768750 0.587500 0.008333 0.039815
0 0.779427 0.589815 0.010937 0.053704
0 0.825781 0.515741 0.010937 0.046296
0 0.804688 0.520833 0.006250 0.039815
0 0.791406 0.534259 0.009896 0.044444
0 0.786719 0.514352 0.008854 0.032407
0 0.763281 0.555093 0.005729 0.043519
0 0.773438 0.547685 0.008333 0.045370
0 0.776042 0.522222 0.008333 0.035185
0 0.854948 0.506019 0.013021 0.025000
0 0.860417 0.500926 0.015625 0.027778
0 0.836719 0.496759 0.020313 0.019444
0 0.841146 0.487037 0.017708 0.016667
0 0.816927 0.499074 0.016146 0.014815
0 0.814583 0.482870 0.006250 0.028704
0 0.821094 0.481481 0.008854 0.022222
0 0.811198 0.476389 0.007812 0.028704
0 0.788802 0.475463 0.030729 0.041667
0 0.760417 0.483333 0.010417 0.016667
0 0.767448 0.460648 0.017188 0.023148
0 0.762760 0.437500 0.010937 0.023148
0 0.745573 0.487500 0.004687 0.025000
0 0.738021 0.479630 0.007292 0.037037
0 0.725000 0.503704 0.010417 0.031481
0 0.722917 0.471296 0.008333 0.040741
0 0.680990 0.609259 0.063021 0.103704
0 0.670833 0.531481 0.011458 0.035185
0 0.669792 0.547222 0.011458 0.029630
0 0.667188 0.513889 0.007292 0.022222
0 0.650260 0.484722 0.008854 0.026852
0 0.649479 0.500000 0.007292 0.025926
0 0.639844 0.457870 0.006771 0.025000
0 0.638802 0.471759 0.004687 0.023148
0 0.630729 0.463426 0.009375 0.028704
0 0.629427 0.478241 0.007812 0.026852
0 0.607552 0.485648 0.013021 0.032407
0 0.612240 0.459259 0.008854 0.033333
0 0.598958 0.463426 0.015625 0.017593
0 0.591146 0.449537 0.017708 0.021296
0 0.574740 0.426389 0.007812 0.021296
0 0.478385 0.806944 0.048438 0.102778
0 0.552344 0.717593 0.097396 0.275926
0 0.606771 0.602778 0.037500 0.062963
0 0.581510 0.538426 0.032813 0.050926
0 0.564063 0.492593 0.029167 0.038889
0 0.552604 0.451852 0.029167 0.038889
0 0.536979 0.389352 0.020833 0.034259
0 0.524479 0.366204 0.016667 0.023148
0 0.554427 0.579630 0.033854 0.059259
0 0.543490 0.530556 0.028646 0.044444
0 0.532552 0.490278 0.022396 0.039815
0 0.524740 0.456944 0.026562 0.034259
0 0.513021 0.342130 0.018750 0.025000
0 0.510938 0.420833 0.020833 0.034259
0 0.507292 0.391667 0.021875 0.038889
0 0.498177 0.368981 0.016146 0.028704
0 0.516667 0.597685 0.033333 0.041667
0 0.504948 0.504167 0.051562 0.128704
0 0.484375 0.438426 0.020833 0.036111
0 0.480990 0.412500 0.020313 0.028704
0 0.475521 0.387500 0.019792 0.030556
0 0.472396 0.366204 0.017708 0.026852
0 0.445833 0.367593 0.016667 0.024074
0 0.450000 0.387500 0.017708 0.030556
0 0.451042 0.414815 0.017708 0.029630
0 0.451042 0.441204 0.021875 0.034259
0 0.456510 0.473611 0.024479 0.043519
0 0.454167 0.506481 0.026042 0.042593
0 0.460156 0.556019 0.031771 0.056481
0 0.463021 0.625000 0.036458 0.059259
0 0.469271 0.697222 0.039583 0.077778
0 0.401042 0.662500 0.036458 0.073148
0 0.413021 0.494907 0.027083 0.045370
0 0.419531 0.388426 0.019271 0.043519
0 0.416667 0.364815 0.015625 0.029630
0 0.714844 0.462500 0.006771 0.037963
0 0.717708 0.438889 0.006250 0.031481
0 0.711979 0.442593 0.005208 0.031481
0 0.707031 0.444907 0.005729 0.032407
0 0.690885 0.433333 0.006771 0.031481
0 0.682031 0.442130 0.005729 0.030556
0 0.686198 0.472685 0.045312 0.089815
0 0.651563 0.417130 0.017708 0.023148
0 0.647135 0.416204 0.017188 0.028704
0 0.744531 0.415741 0.006771 0.035185
0 0.741146 0.393981 0.005208 0.028704
0 0.716927 0.400463 0.007812 0.030556
0 0.737760 0.415741 0.004687 0.027778
0 0.734635 0.422685 0.006771 0.032407
0 0.730990 0.416667 0.006771 0.031481
0 0.728385 0.400926 0.005729 0.020370
0 0.724219 0.397685 0.007812 0.025000
0 0.682292 0.372685 0.006250 0.026852
0 0.695833 0.393056 0.006250 0.032407
0 0.719531 0.351852 0.005729 0.025926
0 0.700000 0.344444 0.005208 0.025926
0 0.716927 0.351852 0.009896 0.016667
0 0.709375 0.349074 0.005208 0.014815
0 0.704948 0.349074 0.004687 0.014815
0 0.692708 0.350926 0.004167 0.027778
0 0.689844 0.351389 0.005729 0.026852
0 0.676562 0.407870 0.005208 0.021296
0 0.674740 0.418981 0.005729 0.023148
0 0.676302 0.395370 0.003646 0.025926
0 0.671615 0.396296 0.006771 0.029630
0 0.614844 0.415741 0.006771 0.024074
0 0.615365 0.427778 0.004687 0.016667
0 0.609115 0.426389 0.005729 0.017593
0 0.606771 0.420833 0.006250 0.021296
0 0.606771 0.429630 0.009375 0.022222
0 0.703646 0.343056 0.031250 0.026852
0 0.675000 0.345833 0.004167 0.023148
0 0.677083 0.342593 0.006250 0.025926
0 0.660156 0.362500 0.005729 0.025000
0 0.655729 0.366204 0.004167 0.026852
0 0.652865 0.394444 0.004687 0.018519
0 0.647917 0.377315 0.006250 0.017593
0 0.647396 0.389352 0.012500 0.013889
0 0.649479 0.363889 0.006250 0.025926
0 0.644010 0.364815 0.004687 0.024074
0 0.638542 0.358796 0.004167 0.025000
0 0.649740 0.353241 0.004687 0.019444
0 0.653385 0.344907 0.005729 0.023148
0 0.653125 0.338889 0.005208 0.022222
0 0.646875 0.343519 0.007292 0.020370
0 0.646615 0.331481 0.005729 0.012963
0 0.661719 0.341204 0.014063 0.015741
0 0.641146 0.339815 0.004167 0.012963
0 0.638542 0.335185 0.004167 0.022222
0 0.633073 0.335185 0.004687 0.024074
0 0.628125 0.336574 0.005208 0.023148
0 0.623437 0.343981 0.003125 0.019444
0 0.618229 0.346296 0.004167 0.024074
0 0.641406 0.342593 0.003646 0.012963
0 0.598177 0.384722 0.004687 0.019444
0 0.626823 0.390741 0.016146 0.014815
0 0.597656 0.397685 0.005729 0.015741
0 0.587240 0.368056 0.004687 0.013889
0 0.586719 0.381019 0.004687 0.012037
0 0.612240 0.366204 0.004687 0.026852
0 0.612240 0.372222 0.014063 0.011111
0 0.610677 0.369444 0.014063 0.011111
0 0.575521 0.365741 0.005208 0.020370
0 0.575781 0.375000 0.002604 0.014815
0 0.581771 0.359722 0.005208 0.017593
0 0.580990 0.369444 0.009896 0.014815
0 0.610156 0.346296 0.003646 0.020370
0 0.603646 0.345833 0.003125 0.021296
0 0.597656 0.337037 0.004687 0.024074
0 0.591927 0.353241 0.003646 0.021296
0 0.591146 0.362037 0.004167 0.011111
0 0.590365 0.345370 0.006771 0.012963
0 0.584896 0.350000 0.005208 0.014815
0 0.579427 0.347222 0.004687 0.012963
0 0.574219 0.351389 0.005729 0.021296
0 0.563021 0.353241 0.005208 0.026852
0 0.615104 0.293981 0.029167 0.017593
0 0.656250 0.302315 0.027083 0.019444
0 0.700000 0.309722 0.032292 0.017593
0 0.649479 0.316204 0.030208 0.019444
0 0.629427 0.306481 0.029687 0.014815
0 0.594792 0.307407 0.029167 0.018519
0 0.671354 0.324537 0.005208 0.013889
0 0.673698 0.323148 0.004687 0.012963
0 0.677865 0.320833 0.006771 0.013889
0 0.678385 0.327778 0.009896 0.012963
0 0.675000 0.329630 0.008333 0.009259
0 0.672135 0.332870 0.011979 0.008333
0 0.711458 0.263889 0.003125 0.014815
0 0.713281 0.263426 0.003646 0.015741
0 0.701562 0.265741 0.005208 0.018519
0 0.697135 0.265741 0.005729 0.018519
0 0.677865 0.261111 0.004687 0.018519
0 0.668750 0.273148 0.004167 0.020370
0 0.637760 0.255093 0.003646 0.013889
0 0.632292 0.250463 0.003125 0.013889
0 0.612240 0.245833 0.002604 0.015741
0 0.648698 0.274537 0.004687 0.017593
0 0.644792 0.283796 0.004167 0.021296
0 0.656771 0.280093 0.005208 0.013889
0 0.657292 0.286574 0.006250 0.006481
0 0.694271 0.293056 0.004167 0.013889
0 0.689583 0.294907 0.005208 0.010185
0 0.681771 0.292593 0.004167 0.012963
0 0.679688 0.293056 0.005208 0.015741
0 0.675000 0.293519 0.004167 0.011111
0 0.676302 0.285648 0.004687 0.017593
0 0.614583 0.272222 0.004167 0.016667
0 0.608854 0.276389 0.005208 0.019444
0 0.519792 0.265741 0.003125 0.016667
0 0.517448 0.255556 0.004687 0.014815
0 0.513802 0.260648 0.004687 0.019444
0 0.475521 0.261111 0.011458 0.016667
0 0.475781 0.253241 0.009896 0.012037
0 0.558594 0.291204 0.021354 0.015741
0 0.559115 0.306944 0.024479 0.017593
0 0.526302 0.309722 0.047396 0.058333
0 0.511719 0.294444 0.019271 0.016667
0 0.593750 0.318056 0.005208 0.019444
0 0.588021 0.322222 0.005208 0.016667
0 0.588542 0.331944 0.004167 0.012037
0 0.580208 0.324537 0.004167 0.013889
0 0.580208 0.334722 0.004167 0.013889
0 0.570573 0.326852 0.005729 0.016667
0 0.571354 0.335185 0.005208 0.011111
0 0.561979 0.326389 0.004167 0.023148
0 0.551042 0.335648 0.004167 0.019444
0 0.546615 0.335648 0.003646 0.021296
0 0.526302 0.337037 0.003646 0.022222
0 0.532813 0.342130 0.004167 0.021296
0 0.530208 0.337037 0.005208 0.022222
0 0.529948 0.332407 0.003646 0.020370
0 0.541667 0.344444 0.004167 0.022222
0 0.538802 0.342130 0.004687 0.019444
0 0.537240 0.337037 0.004687 0.022222
0 0.536979 0.333796 0.004167 0.021296
0 0.538802 0.333333 0.004687 0.025926
0 0.550260 0.253704 0.004687 0.016667
0 0.490885 0.292130 0.025521 0.019444
0 0.477604 0.298611 0.030208 0.019444
0 0.455208 0.285648 0.026042 0.017593
0 0.426302 0.285648 0.027604 0.019444
0 0.420312 0.274537 0.018750 0.012037
0 0.466406 0.250463 0.003646 0.010185
0 0.467187 0.257870 0.003125 0.008333
0 0.458333 0.263426 0.016667 0.017593
0 0.520833 0.195370 0.003125 0.011111
0 0.518490 0.195370 0.003646 0.011111
0 0.508073 0.198611 0.002604 0.010185
0 0.522396 0.212963 0.002083 0.011111
0 0.519792 0.213426 0.002083 0.010185
0 0.490625 0.220833 0.003125 0.012037
0 0.482552 0.216667 0.002604 0.011111
0 0.506510 0.232407 0.019271 0.012963
0 0.492708 0.235185 0.015625 0.011111
0 0.475000 0.216204 0.002083 0.012037
0 0.472917 0.216204 0.003125 0.010185
0 0.474740 0.212037 0.002604 0.011111
0 0.472656 0.212037 0.002604 0.011111
0 0.467708 0.232407 0.003125 0.014815
0 0.452865 0.243981 0.015104 0.017593
0 0.460156 0.241204 0.007812 0.013889
0 0.454167 0.227315 0.007292 0.015741
0 0.446875 0.223611 0.009375 0.010185
0 0.439063 0.225463 0.007292 0.012037
0 0.435156 0.233333 0.009896 0.014815
0 0.432292 0.243981 0.011458 0.015741
0 0.419792 0.230093 0.008333 0.015741
0 0.406250 0.216204 0.007292 0.012037
0 0.422135 0.218056 0.008854 0.012037
0 0.435417 0.212037 0.007292 0.011111
0 0.432292 0.207407 0.008333 0.011111
0 0.426302 0.204630 0.006771 0.007407
0 0.416667 0.206944 0.006250 0.010185
0 0.409375 0.197685 0.007292 0.010185
0 0.390885 0.185185 0.004687 0.007407
0 0.449740 0.344444 0.005729 0.024074
0 0.438021 0.329167 0.005208 0.021296
0 0.436979 0.335185 0.005208 0.024074
0 0.436719 0.343519 0.004687 0.022222
0 0.399740 0.344907 0.002604 0.023148
0 0.398177 0.310648 0.005729 0.017593
0 0.401823 0.318519 0.004687 0.012963
0 0.401302 0.327315 0.010937 0.015741
0 0.401302 0.321759 0.013021 0.012037
0 0.390104 0.320833 0.004167 0.017593
0 0.390885 0.329630 0.005729 0.020370
0 0.378906 0.325000 0.004687 0.016667
0 0.380990 0.336574 0.014063 0.012037
0 0.377344 0.320370 0.004687 0.018519
0 0.376302 0.326389 0.009896 0.013889
0 0.375000 0.306019 0.004167 0.013889
0 0.375781 0.314815 0.007812 0.009259
0 0.405469 0.269907 0.004687 0.017593
0 0.405469 0.273611 0.008854 0.012037
0 0.408333 0.259259 0.005208 0.012963
0 0.408333 0.265741 0.007292 0.009259
0 0.402865 0.254167 0.004687 0.015741
0 0.394271 0.258796 0.003125 0.010185
0 0.394271 0.264815 0.007292 0.009259
0 0.353646 0.316667 0.004167 0.012963
0 0.353646 0.326852 0.010417 0.012963
0 0.351042 0.314352 0.004167 0.015741
0 0.352865 0.321759 0.011979 0.012037
0 0.336719 0.294907 0.005729 0.013889
0 0.337760 0.302778 0.010937 0.012963
0 0.330469 0.317130 0.005729 0.017593
0 0.332292 0.327778 0.013542 0.014815
0 0.323958 0.309259 0.005208 0.018519
0 0.324740 0.318519 0.009896 0.011111
0 0.317188 0.319907 0.005208 0.019444
0 0.320833 0.330093 0.012500 0.010185
0 0.314063 0.332407 0.005208 0.024074
0 0.311198 0.344907 0.007812 0.023148
0 0.304167 0.343981 0.005208 0.023148
0 0.307031 0.341204 0.005729 0.026852
0 0.307292 0.339815 0.007292 0.027778
0 0.308333 0.336111 0.006250 0.027778
0 0.309635 0.314815 0.004687 0.016667
0 0.310937 0.323611 0.012500 0.010185
0 0.298438 0.335185 0.006250 0.025926
0 0.295573 0.346296 0.008854 0.025926
0 0.279948 0.349074 0.004687 0.027778
0 0.285156 0.338426 0.002604 0.021296
0 0.287500 0.343519 0.005208 0.018519
0 0.288021 0.338426 0.003125 0.026852
0 0.285938 0.338426 0.005208 0.030556
0 0.283854 0.336111 0.006250 0.033333
0 0.290625 0.371759 0.019792 0.030556
0 0.268229 0.340278 0.005208 0.023148
0 0.261979 0.352778 0.009375 0.020370
0 0.308854 0.277778 0.020833 0.016667
0 0.282292 0.283796 0.005208 0.010185
0 0.283073 0.288426 0.007812 0.012037
0 0.269792 0.295370 0.003125 0.012963
0 0.270833 0.304630 0.003125 0.011111
0 0.260937 0.293981 0.004167 0.010185
0 0.260677 0.303241 0.005729 0.008333
0 0.255729 0.479167 0.030208 0.050926
0 0.038021 0.472222 0.067708 0.029630
0 0.051562 0.458796 0.066667 0.036111
0 0.066667 0.435185 0.061458 0.033333
0 0.134115 0.432407 0.007812 0.024074
0 0.135417 0.451852 0.008333 0.018519
0 0.053906 0.404167 0.007812 0.034259
0 0.047917 0.406481 0.007292 0.035185
0 0.028125 0.379630 0.008333 0.031481
0 0.110417 0.399537 0.058333 0.030556
0 0.151562 0.413426 0.005208 0.023148
0 0.200260 0.385185 0.008854 0.029630
0 0.199479 0.393519 0.005208 0.016667
0 0.205729 0.368981 0.006250 0.017593
0 0.204948 0.379630 0.006771 0.018519
0 0.210417 0.359722 0.007292 0.017593
0 0.211458 0.368981 0.005208 0.017593
0 0.260417 0.327315 0.007292 0.017593
0 0.260937 0.336574 0.008333 0.008333
0 0.251563 0.336111 0.004167 0.022222
0 0.240104 0.330093 0.006250 0.025000
0 0.232031 0.331019 0.005729 0.012037
0 0.234375 0.342593 0.005208 0.016667
0 0.221354 0.368981 0.008333 0.013889
0 0.223698 0.353704 0.005729 0.018519
0 0.223698 0.349074 0.005729 0.018519
0 0.228385 0.345370 0.005729 0.018519
0 0.222656 0.327778 0.005729 0.018519
0 0.214323 0.335185 0.005729 0.018519
0 0.208073 0.331481 0.005729 0.018519
0 0.200260 0.334259 0.005729 0.018519
0 0.194531 0.331019 0.006771 0.025000
0 0.123438 0.390278 0.038542 0.026852
0 0.138281 0.382870 0.040104 0.023148
0 0.141667 0.372222 0.041667 0.027778
0 0.152344 0.367130 0.036979 0.030556
0 0.156250 0.352315 0.030208 0.021296
0 0.148438 0.343981 0.006250 0.021296
0 0.102083 0.346759 0.006250 0.025000
0 0.095052 0.347222 0.007812 0.029630
0 0.140104 0.316204 0.007292 0.023148
0 0.114062 0.297222 0.005208 0.024074
0 0.125521 0.297222 0.005208 0.020370
0 0.123438 0.293056 0.004167 0.019444
0 0.145313 0.296759 0.005208 0.021296
0 0.144271 0.280556 0.005208 0.022222
0 0.087240 0.294907 0.017188 0.021296
0 0.095312 0.281019 0.014583 0.015741
0 0.093750 0.264815 0.017708 0.016667
0 0.110417 0.264815 0.017708 0.014815
0 0.114583 0.279630 0.017708 0.018519
0 0.129688 0.282407 0.018750 0.022222
0 0.140365 0.267593 0.029687 0.018519
0 0.159375 0.264352 0.027083 0.017593
0 0.110937 0.243519 0.018750 0.016667
0 0.186198 0.267130 0.025521 0.017593
0 0.213021 0.266667 0.023958 0.018519
0 0.232552 0.264352 0.024479 0.015741
0 0.205469 0.284722 0.028646 0.017593
0 0.193490 0.320833 0.038021 0.025000
0 0.200260 0.315741 0.033854 0.024074
0 0.206510 0.311574 0.033854 0.023148
0 0.211719 0.307407 0.033854 0.024074
0 0.216406 0.305093 0.033854 0.023148
0 0.215885 0.296759 0.033854 0.023148
0 0.333073 0.251852 0.002604 0.012963
0 0.343750 0.254167 0.005208 0.012037
0 0.343750 0.259722 0.009375 0.010185
0 0.328385 0.254167 0.002604 0.015741
0 0.391667 0.250463 0.009375 0.015741
0 0.394531 0.243981 0.006771 0.013889
0 0.390365 0.240278 0.008854 0.012037
0 0.389323 0.232870 0.007812 0.012037
0 0.387240 0.228241 0.007812 0.013889
0 0.383854 0.223611 0.007292 0.012037
0 0.381510 0.217593 0.007812 0.009259
0 0.377865 0.212037 0.006771 0.012963
0 0.370833 0.200463 0.005208 0.008333
0 0.369010 0.195370 0.005729 0.009259
0 0.377083 0.250000 0.010417 0.014815
0 0.377083 0.243519 0.009375 0.012963
0 0.374740 0.238426 0.008854 0.012037
0 0.373177 0.231944 0.008854 0.012037
0 0.372135 0.227315 0.008854 0.012037
0 0.370052 0.220833 0.008854 0.012037
0 0.366927 0.210648 0.006771 0.010185
0 0.361198 0.203704 0.006771 0.011111
0 0.362760 0.200463 0.006771 0.008333
0 0.361719 0.194444 0.005729 0.007407
0 0.357552 0.191204 0.005729 0.006481
0 0.320312 0.237500 0.010417 0.013889
0 0.361458 0.248148 0.011458 0.014815
0 0.360417 0.239352 0.007292 0.010185
0 0.359896 0.235185 0.007292 0.011111
0 0.357292 0.231481 0.007292 0.011111
0 0.359375 0.225926 0.007292 0.011111
0 0.357292 0.223148 0.007292 0.011111
0 0.355208 0.218519 0.007292 0.011111
0 0.356250 0.212963 0.007292 0.011111
0 0.353646 0.210185 0.007292 0.011111
0 0.352604 0.206481 0.007292 0.011111
0 0.351042 0.201852 0.007292 0.011111
0 0.349479 0.197222 0.007292 0.011111
0 0.348698 0.191667 0.004687 0.009259
0 0.346094 0.188426 0.004687 0.008333
0 0.345833 0.248611 0.008333 0.015741
0 0.344531 0.242130 0.007812 0.010185
0 0.346094 0.239352 0.007812 0.010185
0 0.344531 0.233796 0.007812 0.010185
0 0.346094 0.230093 0.007812 0.010185
0 0.344531 0.225463 0.007812 0.010185
0 0.344010 0.223611 0.007812 0.010185
0 0.345573 0.218056 0.007812 0.010185
0 0.342969 0.213426 0.007812 0.010185
0 0.344531 0.209722 0.007812 0.010185
0 0.341927 0.206019 0.007812 0.010185
0 0.334115 0.187037 0.004687 0.007407
0 0.339844 0.193056 0.007812 0.010185
0 0.339323 0.192130 0.007812 0.010185
0 0.327865 0.246296 0.010937 0.018519
0 0.329427 0.231944 0.011979 0.032407
0 0.329167 0.197222 0.007292 0.016667
0 0.330990 0.204167 0.004687 0.008333
0 0.332031 0.206481 0.005729 0.009259
0 0.332552 0.209722 0.005729 0.010185
