0 0.148438 0.855556 0.101042 0.229630
0 0.229167 0.902778 0.039583 0.090741
0 0.250000 0.815741 0.035417 0.075926
0 0.201042 0.731481 0.033333 0.059259
0 0.291146 0.688889 0.015625 0.040741
0 0.288542 0.687037 0.008333 0.022222
0 0.288021 0.575926 0.021875 0.037037
0 0.282292 0.520370 0.020833 0.037037
0 0.357812 0.400926 0.011458 0.020370
0 0.353646 0.375926 0.011458 0.018519
0 0.316146 0.423148 0.013542 0.027778
0 0.437500 0.657407 0.018750 0.040741
0 0.434896 0.702778 0.005208 0.020370
0 0.443750 0.709259 0.006250 0.022222
0 0.444271 0.715741 0.009375 0.024074
0 0.435417 0.711111 0.008333 0.022222
0 0.426563 0.654630 0.005208 0.024074
0 0.434375 0.609259 0.016667 0.033333
0 0.406771 0.585185 0.005208 0.018519
0 0.406250 0.590741 0.006250 0.022222
0 0.477083 0.490741 0.004167 0.018519
0 0.396354 0.457407 0.011458 0.022222
0 0.414062 0.411111 0.011458 0.018519
0 0.413021 0.300926 0.007292 0.009259
0 0.416146 0.280556 0.007292 0.009259
0 0.424479 0.285185 0.007292 0.011111
0 0.210938 0.597222 0.005208 0.024074
0 0.210938 0.624074 0.026042 0.022222
0 0.210938 0.632407 0.023958 0.020370
0 0.208333 0.639815 0.027083 0.024074
0 0.971354 0.871296 0.011458 0.035185
0 0.974479 0.867593 0.007292 0.035185
0 0.486979 0.537037 0.009375 0.025926
0 0.434896 0.529630 0.011458 0.025926
0 0.440104 0.567593 0.005208 0.020370
0 0.454167 0.331481 0.002083 0.011111
