0 0.443015 0.575163 0.078676 0.070588
0 0.090441 0.457516 0.070588 0.065359
0 0.251471 0.344444 0.039706 0.058824
0 0.429779 0.362092 0.041912 0.041830
0 0.496691 0.375163 0.050735 0.044444
0 0.452941 0.352941 0.008824 0.036601
0 0.440809 0.338562 0.030147 0.039216
0 0.414706 0.318954 0.035294 0.039216
0 0.427206 0.313725 0.008824 0.031373
0 0.450000 0.322876 0.007353 0.036601
0 0.467647 0.331373 0.005882 0.037908
0 0.433456 0.255556 0.019853 0.030065
0 0.748162 0.363399 0.063971 0.047059
0 0.878676 0.300654 0.033824 0.033987
0 0.906250 0.301307 0.036029 0.032680
0 0.916176 0.164706 0.026471 0.026144
0 0.951103 0.160784 0.024265 0.020915
0 0.158088 0.351634 0.029412 0.031373
0 0.031250 0.239869 0.024265 0.037908
0 0.062132 0.216993 0.041912 0.054902
0 0.137868 0.243791 0.041912 0.027451
0 0.150000 0.228758 0.038235 0.028758
0 0.164338 0.214379 0.033088 0.028758
0 0.152941 0.176471 0.029412 0.026144
0 0.167279 0.188889 0.006618 0.016993
0 0.161765 0.184314 0.008824 0.015686
0 0.167647 0.184314 0.005882 0.020915
0 0.342647 0.249673 0.029412 0.060131
0 0.285294 0.259477 0.042647 0.069281
0 0.308456 0.258170 0.005147 0.030065
0 0.309926 0.225490 0.036029 0.061438
0 0.329779 0.196078 0.030147 0.057516
0 0.340074 0.216340 0.008088 0.014379
0 0.386397 0.140523 0.005147 0.019608
0 0.447794 0.234641 0.004412 0.024837
0 0.526471 0.201961 0.148529 0.071895
0 0.522059 0.201961 0.132353 0.061438
0 0.571324 0.152941 0.042647 0.036601
0 0.593750 0.155556 0.005147 0.023529
0 0.471324 0.140523 0.011765 0.019608
0 0.347059 0.118301 0.011765 0.019608
0 0.322059 0.115686 0.016176 0.016993
0 0.304412 0.109150 0.022059 0.016993
0 0.288603 0.096732 0.011029 0.015686
0 0.299632 0.097386 0.012500 0.014379
0 0.323162 0.096078 0.012500 0.011765
0 0.328676 0.084967 0.019118 0.010458
0 0.351471 0.071242 0.064706 0.027451
0 0.373529 0.067974 0.054412 0.033987
0 0.414706 0.069281 0.016176 0.010458
0 0.476838 0.054248 0.005147 0.011765
0 0.466544 0.055556 0.006618 0.014379
0 0.461397 0.045752 0.008088 0.020915
0 0.452206 0.044444 0.010294 0.020915
0 0.467647 0.025490 0.007353 0.016993
0 0.513235 0.051634 0.013235 0.011765
0 0.522794 0.050327 0.010294 0.011765
0 0.494118 0.037255 0.008824 0.019608
0 0.486029 0.021569 0.004412 0.006536
0 0.421691 0.099346 0.003676 0.010458
0 0.421691 0.095425 0.003676 0.010458
0 0.689338 0.340523 0.021324 0.043137
