0 0.333088 0.668627 0.091176 0.084967
0 0.425735 0.550327 0.035294 0.075817
0 0.767647 0.721569 0.054412 0.073203
0 0.740074 0.574510 0.078676 0.064052
0 0.816544 0.633333 0.025735 0.030065
0 0.795221 0.615033 0.008088 0.027451
0 0.786765 0.618954 0.011765 0.040523
0 0.791176 0.661438 0.029412 0.041830
0 0.806618 0.680392 0.011765 0.048366
0 0.820221 0.675817 0.012500 0.049673
0 0.780515 0.636601 0.041912 0.039216
0 0.723529 0.422222 0.022059 0.028758
0 0.724265 0.432680 0.020588 0.039216
0 0.705515 0.373856 0.034559 0.031373
0 0.679412 0.347712 0.052941 0.041830
0 0.679044 0.331373 0.033088 0.030065
0 0.644485 0.354902 0.008088 0.035294
0 0.630882 0.337908 0.007353 0.032680
0 0.636029 0.386928 0.007353 0.036601
0 0.641544 0.222876 0.034559 0.024837
0 0.609926 0.224837 0.024265 0.026144
0 0.622794 0.261438 0.020588 0.039216
0 0.539338 0.304575 0.021324 0.039216
0 0.163971 0.635948 0.013235 0.066667
0 0.128309 0.613072 0.012500 0.057516
0 0.104412 0.624837 0.011765 0.060131
0 0.110662 0.616993 0.013971 0.052288
0 0.098529 0.768627 0.020588 0.054902
0 0.071324 0.792810 0.025000 0.071895
0 0.062868 0.754902 0.021324 0.053595
0 0.162132 0.475163 0.027206 0.032680
0 0.158088 0.463399 0.026471 0.030065
0 0.150735 0.452941 0.025000 0.024837
0 0.470956 0.353595 0.013971 0.030065
0 0.385294 0.477124 0.051471 0.044444
0 0.326838 0.311111 0.050735 0.033987
0 0.341912 0.339216 0.055882 0.037908
0 0.370956 0.432680 0.065441 0.052288
0 0.384191 0.406536 0.058088 0.047059
0 0.374265 0.233333 0.013235 0.014379
0 0.370221 0.230719 0.013971 0.016993
0 0.386397 0.223529 0.013971 0.018301
0 0.415809 0.162092 0.027206 0.018301
0 0.423897 0.286928 0.044853 0.030065
0 0.429412 0.270588 0.039706 0.031373
0 0.430882 0.254902 0.035294 0.026144
0 0.451103 0.162092 0.038971 0.026144
0 0.489706 0.177778 0.004412 0.018301
0 0.505882 0.210458 0.004412 0.023529
0 0.491544 0.217647 0.016912 0.032680
0 0.505882 0.332026 0.005882 0.023529
0 0.505882 0.324183 0.005882 0.026144
0 0.513971 0.105882 0.008824 0.013072
0 0.507353 0.155556 0.004412 0.018301
0 0.511397 0.156209 0.003676 0.016993
0 0.531250 0.138562 0.009559 0.015686
0 0.579044 0.149673 0.003676 0.016993
0 0.582353 0.150327 0.002941 0.015686
0 0.601471 0.176471 0.014706 0.031373
0 0.613971 0.155556 0.020588 0.018301
0 0.573162 0.133333 0.006618 0.015686
0 0.573529 0.131373 0.002941 0.009150
0 0.585662 0.179085 0.003676 0.013072
0 0.586397 0.175817 0.003676 0.014379
