0 0.017279 0.422876 0.034559 0.066667
0 0.110662 0.235948 0.119853 0.090196
0 0.229044 0.498039 0.018382 0.052288
0 0.385294 0.484967 0.014706 0.060131
0 0.367647 0.514379 0.022059 0.040523
0 0.365074 0.614379 0.016912 0.054902
0 0.381250 0.694118 0.018382 0.060131
0 0.386397 0.788889 0.019853 0.053595
0 0.505515 0.639869 0.141912 0.118954
0 0.816912 0.445098 0.129412 0.116340
0 0.334559 0.235294 0.088235 0.120261
0 0.425368 0.136601 0.100735 0.100654
0 0.425735 0.023529 0.010294 0.047059
0 0.393750 0.074510 0.099265 0.083660
0 0.776471 0.141830 0.013235 0.050980
0 0.784926 0.143137 0.061029 0.071895
0 0.221324 0.501961 0.060294 0.198693
