0 0.061765 0.766013 0.079412 0.180392
0 0.301838 0.575163 0.024265 0.081046
0 0.302206 0.585621 0.057353 0.062745
0 0.298162 0.549673 0.021324 0.082353
0 0.290809 0.528105 0.021324 0.075817
0 0.528309 0.544444 0.112500 0.118954
0 0.578676 0.422222 0.016176 0.054902
0 0.592279 0.430065 0.063971 0.062745
0 0.810294 0.425490 0.088235 0.084967
0 0.223162 0.444444 0.018382 0.067974
0 0.261765 0.320261 0.100000 0.062745
0 0.126838 0.403268 0.013971 0.066667
0 0.161765 0.391503 0.014706 0.066667
0 0.144485 0.386275 0.033088 0.090196
0 0.079412 0.198039 0.011765 0.045752
0 0.081250 0.114379 0.021324 0.043137
0 0.158088 0.248366 0.027941 0.031373
0 0.257353 0.206536 0.010294 0.047059
0 0.243382 0.202614 0.013235 0.047059
0 0.233088 0.169281 0.057353 0.069281
0 0.227206 0.152941 0.050000 0.057516
0 0.219118 0.144444 0.052941 0.061438
0 0.653676 0.317647 0.082353 0.062745
0 0.394853 0.261438 0.070588 0.070588
0 0.733456 0.216340 0.043382 0.053595
0 0.772794 0.221569 0.042647 0.050980
0 0.689706 0.211111 0.050000 0.056209
0 0.847059 0.222876 0.010294 0.043137
0 0.867279 0.205229 0.061029 0.052288
0 0.734191 0.154902 0.038971 0.045752
0 0.754044 0.167320 0.006618 0.036601
0 0.761029 0.171242 0.008824 0.041830
0 0.763235 0.156863 0.008824 0.031373
0 0.773162 0.169935 0.006618 0.039216
0 0.773162 0.150980 0.008088 0.032680
0 0.757721 0.125490 0.008088 0.036601
0 0.776471 0.136601 0.007353 0.035294
0 0.764706 0.143791 0.011765 0.028758
0 0.829412 0.132026 0.016176 0.028758
0 0.810662 0.109150 0.011029 0.022222
0 0.849632 0.097386 0.011029 0.027451
0 0.874632 0.124183 0.021324 0.031373
0 0.907353 0.147059 0.038235 0.040523
