0 0.948162 0.915686 0.080147 0.079739
0 0.950735 0.908497 0.030882 0.067974
0 0.877206 0.745098 0.025000 0.073203
0 0.886029 0.628758 0.069118 0.128105
0 0.642647 0.654902 0.098529 0.122876
0 0.606985 0.535948 0.011029 0.052288
0 0.539706 0.552288 0.083824 0.103268
0 0.176103 0.731373 0.093382 0.129412
0 0.102941 0.611111 0.075000 0.121569
0 0.074265 0.507190 0.070588 0.094118
0 0.237868 0.547712 0.088971 0.141176
0 0.427206 0.400000 0.070588 0.086275
0 0.297794 0.349020 0.054412 0.060131
0 0.187500 0.348366 0.055882 0.061438
0 0.230882 0.299346 0.052941 0.054902
0 0.247794 0.228105 0.064706 0.053595
0 0.228309 0.217647 0.061029 0.043137
0 0.062868 0.094118 0.018382 0.020915
0 0.048162 0.099346 0.008088 0.031373
0 0.050000 0.077778 0.016176 0.019608
0 0.046324 0.075163 0.014706 0.022222
0 0.093015 0.122876 0.018382 0.023529
0 0.085662 0.132026 0.024265 0.036601
0 0.126838 0.115686 0.006618 0.030065
0 0.121324 0.137255 0.025000 0.031373
