0 0.288971 0.666013 0.197059 0.278431
0 0.699265 0.501307 0.111765 0.134641
0 0.822059 0.439869 0.094118 0.126797
0 0.877206 0.315686 0.073529 0.095425
0 0.896324 0.186275 0.058824 0.074510
0 0.951103 0.078431 0.063971 0.054902
0 0.760662 0.135948 0.069853 0.065359
0 0.797059 0.118301 0.060294 0.064052
0 0.867647 0.066667 0.060294 0.057516
0 0.520956 0.264052 0.086029 0.067974
0 0.648897 0.203268 0.075735 0.084967
0 0.441544 0.308497 0.093382 0.112418
0 0.048529 0.116993 0.067647 0.061438
0 0.080147 0.121569 0.069118 0.054902
0 0.131250 0.135294 0.081618 0.043137
0 0.128676 0.162745 0.080882 0.069281
0 0.146691 0.210458 0.062500 0.081046
0 0.175000 0.261438 0.019118 0.073203
0 0.295956 0.322222 0.018382 0.074510
0 0.304044 0.328105 0.016912 0.065359
0 0.377206 0.428758 0.019118 0.078431
0 0.862132 0.124183 0.031618 0.041830
0 0.788603 0.169935 0.022794 0.033987
0 0.875735 0.759477 0.033824 0.083660
0 0.912132 0.130719 0.011029 0.036601
0 0.910662 0.143791 0.021324 0.031373
0 0.905882 0.088889 0.016176 0.033987
0 0.901471 0.039869 0.048529 0.037908
0 0.931985 0.034641 0.040441 0.037908
0 0.962132 0.022876 0.024265 0.024837
0 0.679412 0.153595 0.026471 0.043137
0 0.780515 0.088889 0.009559 0.033987
0 0.762500 0.093464 0.010294 0.050980
0 0.456985 0.243137 0.009559 0.041830
0 0.058824 0.054902 0.010294 0.039216
