0 0.020573 0.643519 0.018229 0.064815
0 0.020052 0.663426 0.018229 0.049074
0 0.121094 0.958796 0.068229 0.067593
0 0.040365 0.841667 0.064062 0.068519
0 0.067448 0.843519 0.053646 0.079630
0 0.053125 0.856019 0.053125 0.065741
0 0.109896 0.863426 0.052083 0.082407
0 0.115885 0.893981 0.043229 0.071296
0 0.124219 0.922685 0.051562 0.073148
0 0.314323 0.843056 0.111979 0.191667
0 0.122917 0.620370 0.091667 0.070370
0 0.004167 0.472685 0.008333 0.026852
0 0.032031 0.474537 0.032813 0.036111
0 0.042708 0.495833 0.010417 0.041667
0 0.062500 0.478704 0.010417 0.027778
0 0.061979 0.513889 0.011458 0.042593
0 0.113542 0.502315 0.020833 0.030556
0 0.126302 0.537037 0.009896 0.048148
0 0.135417 0.534722 0.012500 0.041667
0 0.132292 0.542593 0.015625 0.037037
0 0.189583 0.547222 0.027083 0.037037
0 0.200000 0.570370 0.015625 0.046296
0 0.200000 0.583333 0.030208 0.035185
0 0.216146 0.579167 0.014583 0.047222
0 0.214844 0.592130 0.032813 0.037963
0 0.218750 0.627315 0.011458 0.071296
0 0.254167 0.616667 0.014583 0.048148
0 0.259635 0.622685 0.016146 0.045370
0 0.256510 0.631481 0.024479 0.042593
0 0.305208 0.575926 0.018750 0.046296
0 0.304948 0.587500 0.024479 0.036111
0 0.365885 0.556019 0.086979 0.071296
0 0.408073 0.472685 0.050521 0.041667
0 0.417969 0.459722 0.045312 0.039815
0 0.447917 0.658333 0.091667 0.072222
0 0.515625 0.836574 0.146875 0.154630
0 0.509115 0.740278 0.133854 0.121296
0 0.503385 0.670833 0.019271 0.050926
0 0.502604 0.687963 0.028125 0.035185
0 0.500521 0.617130 0.011458 0.060185
0 0.565365 0.611574 0.032813 0.078704
0 0.551562 0.556944 0.012500 0.041667
0 0.551562 0.569444 0.014583 0.035185
0 0.568490 0.538889 0.010937 0.044444
0 0.567969 0.550000 0.009896 0.031481
0 0.590885 0.512037 0.006771 0.038889
0 0.619792 0.557870 0.012500 0.043519
0 0.619010 0.569907 0.011979 0.036111
0 0.454948 0.481481 0.046354 0.040741
0 0.521615 0.474537 0.050521 0.036111
0 0.521615 0.468519 0.053646 0.033333
0 0.526563 0.460648 0.054167 0.030556
0 0.527083 0.456019 0.042708 0.030556
0 0.657813 0.649537 0.084375 0.075000
0 0.629167 0.535185 0.011458 0.042593
0 0.628906 0.539352 0.014063 0.030556
0 0.650000 0.474074 0.007292 0.031481
0 0.649479 0.482407 0.007292 0.022222
0 0.658594 0.432870 0.004687 0.025000
0 0.653646 0.433796 0.004167 0.023148
0 0.609375 0.507407 0.007292 0.024074
0 0.815365 0.900463 0.028646 0.099074
0 0.814844 0.927778 0.069271 0.101852
0 0.892708 0.786111 0.020833 0.087037
0 0.967708 0.587500 0.062500 0.056481
0 0.858073 0.471759 0.029687 0.036111
0 0.836719 0.512500 0.011979 0.026852
0 0.835938 0.520833 0.011458 0.028704
0 0.832552 0.482870 0.009896 0.025000
0 0.832552 0.490741 0.009896 0.027778
0 0.787760 0.468981 0.008854 0.021296
0 0.788021 0.475000 0.008333 0.027778
0 0.807552 0.468056 0.008854 0.023148
0 0.807813 0.474074 0.009375 0.027778
0 0.799740 0.444907 0.006771 0.021296
0 0.799219 0.450000 0.006771 0.020370
0 0.852604 0.441667 0.005208 0.027778
0 0.859896 0.443981 0.006250 0.030556
0 0.836458 0.426852 0.004167 0.025926
0 0.827083 0.426852 0.005208 0.025926
0 0.816927 0.427778 0.004687 0.024074
0 0.814583 0.413889 0.005208 0.022222
0 0.809635 0.412963 0.004687 0.022222
0 0.795833 0.406019 0.006250 0.021296
0 0.724219 0.502778 0.027604 0.044444
0 0.730990 0.483796 0.024479 0.039815
0 0.723437 0.469444 0.022917 0.033333
0 0.724479 0.455556 0.020833 0.031481
0 0.685677 0.476389 0.023438 0.034259
0 0.701823 0.446759 0.006771 0.021296
0 0.701823 0.453241 0.007812 0.019444
0 0.688802 0.434722 0.044271 0.025000
0 0.720052 0.429630 0.005729 0.022222
0 0.720052 0.435185 0.005729 0.014815
0 0.706771 0.422222 0.005208 0.014815
0 0.705469 0.421296 0.004687 0.014815
0 0.689844 0.414352 0.004687 0.017593
0 0.694531 0.384722 0.003646 0.013889
0 0.700000 0.370833 0.003125 0.010185
0 0.691667 0.365278 0.002083 0.010185
0 0.705990 0.428241 0.004687 0.012037
0 0.689583 0.418981 0.005208 0.013889
0 0.693750 0.387963 0.003125 0.011111
0 0.699740 0.373611 0.003646 0.008333
0 0.691406 0.368519 0.002604 0.007407
0 0.673698 0.393056 0.003646 0.021296
0 0.734115 0.378241 0.010937 0.015741
0 0.715885 0.386574 0.020313 0.041667
0 0.725521 0.359259 0.008333 0.009259
0 0.710417 0.360648 0.015625 0.026852
0 0.735417 0.359722 0.002083 0.008333
0 0.731771 0.358796 0.003125 0.010185
0 0.735417 0.362037 0.002083 0.007407
0 0.731510 0.360185 0.002604 0.009259
0 0.718750 0.354630 0.005208 0.009259
0 0.723698 0.339815 0.004687 0.007407
0 0.748177 0.374537 0.004687 0.012037
0 0.747396 0.376389 0.004167 0.010185
0 0.641667 0.350000 0.012500 0.009259
0 0.633073 0.370370 0.016146 0.012963
