0 0.425000 0.599074 0.029167 0.068519
0 0.303646 0.715741 0.017708 0.072222
0 0.347917 0.605556 0.010417 0.025926
0 0.401042 0.564815 0.008333 0.029630
0 0.533854 0.855556 0.013542 0.033333
0 0.606250 0.761111 0.012500 0.066667
0 0.620313 0.893519 0.009375 0.024074
0 0.419271 0.406481 0.007292 0.016667
0 0.430208 0.326852 0.012500 0.035185
0 0.459375 0.285185 0.010417 0.022222
0 0.489583 0.292593 0.008333 0.022222
0 0.379167 0.617593 0.010417 0.020370
0 0.348438 0.587037 0.011458 0.025926
0 0.377604 0.598148 0.009375 0.029630
0 0.532813 0.826852 0.015625 0.046296
0 0.620833 0.862963 0.014583 0.040741
0 0.676042 0.763889 0.047917 0.098148
0 0.315625 0.924074 0.047917 0.122222
0 0.522917 0.343519 0.008333 0.024074
0 0.520312 0.381481 0.007292 0.014815
0 0.526042 0.435185 0.006250 0.025926
0 0.518229 0.451852 0.007292 0.022222
0 0.390104 0.400000 0.007292 0.022222
0 0.403125 0.380556 0.004167 0.020370
0 0.414062 0.389815 0.003125 0.027778
0 0.428125 0.359259 0.006250 0.018519
0 0.159896 0.198148 0.030208 0.025926
0 0.389062 0.403704 0.007292 0.014815
0 0.403646 0.382407 0.007292 0.005556
0 0.427604 0.360185 0.005208 0.012963
0 0.522917 0.350926 0.010417 0.012963
0 0.517708 0.462963 0.010417 0.022222
0 0.521354 0.387037 0.007292 0.011111
0 0.400521 0.546296 0.011458 0.022222
0 0.538542 0.375000 0.006250 0.020370
0 0.538542 0.381481 0.006250 0.018519
0 0.604167 0.755556 0.014583 0.029630
0 0.604688 0.771296 0.009375 0.024074
