0 0.305147 0.266013 0.100000 0.079739
0 0.543382 0.485621 0.014706 0.074510
0 0.647059 0.647712 0.138235 0.118954
0 0.590074 0.249673 0.093382 0.088889
0 0.501103 0.488235 0.011029 0.066667
0 0.514338 0.514379 0.018382 0.056209
0 0.516176 0.730065 0.023529 0.071895
0 0.518750 0.655556 0.016912 0.069281
0 0.514706 0.594118 0.013235 0.069281
0 0.740441 0.094118 0.097059 0.081046
0 0.490074 0.171242 0.053676 0.086275
0 0.367647 0.172549 0.086765 0.078431
0 0.481250 0.116993 0.078676 0.061438
0 0.561397 0.203922 0.088971 0.067974
0 0.577574 0.147712 0.086029 0.065359
0 0.547426 0.030065 0.059559 0.054902
0 0.378676 0.213725 0.008824 0.053595
0 0.397426 0.245098 0.013971 0.043137
0 0.372059 0.228105 0.010294 0.040523
0 0.558088 0.160131 0.008824 0.048366
0 0.575368 0.167974 0.009559 0.040523
0 0.593750 0.170588 0.008088 0.045752
0 0.630515 0.024837 0.019853 0.033987
0 0.635662 0.015686 0.011029 0.031373
0 0.915074 0.596078 0.031618 0.083660
0 0.969118 0.721569 0.030882 0.091503
0 0.986765 0.658170 0.022059 0.090196
