0 0.579044 0.601961 0.037500 0.079739
0 0.621691 0.472549 0.034559 0.050980
0 0.712500 0.458824 0.033824 0.049673
0 0.747794 0.538562 0.035294 0.060131
0 0.776103 0.610458 0.050735 0.070588
0 0.808088 0.694771 0.055882 0.087582
0 0.942647 0.777124 0.098529 0.084967
0 0.928309 0.731373 0.088971 0.061438
0 0.954044 0.466667 0.068382 0.052288
0 0.412868 0.512418 0.009559 0.033987
0 0.412500 0.522876 0.010294 0.039216
0 0.273529 0.518954 0.010294 0.044444
0 0.205147 0.440523 0.008824 0.041830
0 0.328309 0.258170 0.040441 0.032680
0 0.372794 0.183007 0.033824 0.026144
0 0.375368 0.167974 0.027206 0.024837
0 0.530882 0.137908 0.011765 0.019608
0 0.493750 0.301307 0.019853 0.037908
0 0.499632 0.185621 0.005147 0.020915
0 0.408456 0.111111 0.022794 0.015686
0 0.425000 0.131373 0.011765 0.019608
0 0.427206 0.121569 0.010294 0.020915
0 0.436765 0.103268 0.010294 0.015686
0 0.811765 0.292810 0.036765 0.031373
0 0.799265 0.275163 0.042647 0.035294
0 0.754044 0.210458 0.031618 0.020915
0 0.759191 0.217647 0.031618 0.022222
0 0.760662 0.226797 0.034559 0.024837
0 0.788603 0.259477 0.036029 0.024837
0 0.642279 0.236601 0.024265 0.052288
0 0.319118 0.233333 0.010294 0.019608
0 0.327206 0.224183 0.013235 0.016993
0 0.323529 0.205229 0.004412 0.026144
0 0.331618 0.192810 0.004412 0.014379
0 0.338603 0.205229 0.003676 0.018301
0 0.381985 0.224837 0.003676 0.018301
0 0.292279 0.245098 0.008088 0.022222
0 0.480882 0.120915 0.004412 0.011765
0 0.480882 0.124183 0.002941 0.013072
0 0.523529 0.088889 0.008824 0.013072
0 0.531985 0.081699 0.008088 0.014379
0 0.527206 0.071895 0.007353 0.010458
0 0.554412 0.115686 0.010294 0.014379
0 0.553309 0.107190 0.011029 0.015686
0 0.552941 0.095425 0.008824 0.013072
0 0.548897 0.084967 0.008088 0.015686
0 0.550368 0.126797 0.003676 0.010458
0 0.550368 0.130719 0.003676 0.013072
