0 0.204779 0.775817 0.100735 0.228758
0 0.126838 0.752941 0.109559 0.230065
0 0.351103 0.730719 0.065441 0.224837
0 0.461029 0.767320 0.094118 0.227451
0 0.536397 0.364052 0.049265 0.095425
0 0.317279 0.352941 0.077206 0.107190
0 0.393750 0.371895 0.047794 0.116340
0 0.455882 0.367974 0.050000 0.092810
0 0.599265 0.365359 0.051471 0.087582
0 0.663603 0.370588 0.050735 0.084967
0 0.712500 0.362092 0.058824 0.091503
0 0.756618 0.362092 0.058824 0.091503
0 0.817647 0.375163 0.054412 0.096732
0 0.873162 0.372549 0.071324 0.091503
0 0.929412 0.364706 0.079412 0.101961
0 0.224265 0.325490 0.082353 0.081046
0 0.224632 0.389542 0.040441 0.109804
0 0.091176 0.441176 0.019118 0.071895
0 0.381618 0.439869 0.025000 0.077124
0 0.480515 0.614379 0.052206 0.052288
0 0.432721 0.452941 0.021324 0.074510
0 0.040441 0.232026 0.033824 0.035294
0 0.090809 0.258170 0.025735 0.043137
0 0.070588 0.410458 0.107353 0.120261
0 0.079044 0.328105 0.011029 0.041830
0 0.106250 0.348366 0.021324 0.050980
0 0.107353 0.324837 0.016176 0.043137
0 0.134559 0.327451 0.017647 0.058824
0 0.215074 0.275163 0.019853 0.030065
0 0.062132 0.276471 0.030147 0.030065
0 0.060662 0.266013 0.030147 0.030065
0 0.059926 0.249020 0.030147 0.030065
0 0.163603 0.362745 0.062500 0.137255
0 0.707353 0.252941 0.027941 0.032680
0 0.698529 0.241830 0.029412 0.026144
0 0.698529 0.228105 0.029412 0.032680
0 0.967279 0.372549 0.019853 0.054902
0 0.968382 0.352941 0.014706 0.033987
0 0.329412 0.216993 0.011765 0.052288
0 0.576471 0.621569 0.017647 0.040523
0 0.589338 0.622876 0.018382 0.045752
0 0.708824 0.626144 0.017647 0.039216
