0 0.555882 0.049020 0.017647 0.014379
0 0.561397 0.092810 0.008088 0.018301
0 0.555147 0.080392 0.010294 0.016993
0 0.506250 0.018954 0.003676 0.011765
0 0.499265 0.011111 0.007353 0.011765
0 0.478676 0.012418 0.005882 0.006536
0 0.479412 0.005882 0.005882 0.009150
0 0.452574 0.060131 0.008088 0.018301
0 0.491544 0.090850 0.009559 0.016993
0 0.491912 0.125490 0.011765 0.026144
0 0.492647 0.190196 0.014706 0.024837
0 0.458824 0.137908 0.011765 0.022222
0 0.315441 0.664052 0.042647 0.101961
0 0.150368 0.695425 0.063971 0.109804
0 0.144485 0.462092 0.043382 0.064052
0 0.206250 0.465359 0.009559 0.041830
0 0.186765 0.449020 0.036765 0.061438
0 0.209191 0.663399 0.013971 0.045752
0 0.209559 0.650327 0.008824 0.045752
0 0.288971 0.319608 0.007353 0.030065
0 0.265809 0.412418 0.033088 0.064052
0 0.286029 0.371895 0.030882 0.048366
0 0.304779 0.335294 0.028676 0.043137
0 0.343015 0.209804 0.006618 0.024837
0 0.332721 0.215033 0.006618 0.022222
0 0.280147 0.091503 0.013235 0.018301
0 0.329779 0.091503 0.012500 0.015686
0 0.293015 0.118954 0.028676 0.018301
0 0.317279 0.127451 0.012500 0.014379
0 0.299632 0.126797 0.015441 0.015686
0 0.278309 0.145752 0.005147 0.019608
0 0.271691 0.147059 0.005147 0.019608
0 0.265074 0.165359 0.016912 0.024837
0 0.260294 0.128758 0.016176 0.024837
0 0.360294 0.154248 0.005882 0.023529
0 0.412868 0.213725 0.005147 0.022222
0 0.361029 0.190196 0.014706 0.024837
0 0.412868 0.293464 0.006618 0.024837
0 0.412868 0.287582 0.006618 0.023529
0 0.887868 0.803268 0.068382 0.108497
0 0.815809 0.924837 0.074265 0.150327
0 0.868750 0.483007 0.022794 0.030065
0 0.892279 0.552288 0.034559 0.064052
0 0.928676 0.515686 0.023529 0.030065
0 0.933824 0.554248 0.039706 0.067974
0 0.656618 0.596078 0.052941 0.073203
0 0.637868 0.560784 0.011029 0.039216
0 0.638603 0.550327 0.009559 0.041830
0 0.682353 0.503268 0.039706 0.073203
0 0.729044 0.326144 0.011029 0.016993
0 0.730147 0.321569 0.005882 0.018301
0 0.720588 0.268627 0.027941 0.030065
0 0.746691 0.269281 0.024265 0.028758
0 0.575368 0.142484 0.012500 0.018301
0 0.573529 0.169281 0.004412 0.024837
0 0.591544 0.204575 0.016912 0.024837
0 0.604044 0.243791 0.019853 0.027451
0 0.614706 0.275817 0.022059 0.031373
0 0.614706 0.364052 0.007353 0.027451
0 0.615074 0.359477 0.006618 0.028758
0 0.633824 0.404575 0.007353 0.024837
0 0.634191 0.401961 0.006618 0.022222
0 0.633456 0.398039 0.008088 0.030065
0 0.477941 0.133333 0.002941 0.015686
0 0.477574 0.128758 0.003676 0.014379
0 0.509191 0.098693 0.006618 0.016993
0 0.508456 0.094771 0.003676 0.011765
0 0.066912 0.635948 0.080882 0.098039
