0 0.271324 0.215033 0.104412 0.098039
0 0.345588 0.290196 0.108824 0.109804
0 0.416912 0.394118 0.110294 0.108497
0 0.563235 0.469935 0.038235 0.066667
0 0.519118 0.424837 0.032353 0.062745
0 0.506985 0.392810 0.041912 0.043137
0 0.489706 0.405229 0.035294 0.054902
0 0.770588 0.666667 0.060294 0.075817
0 0.270588 0.111765 0.014706 0.048366
0 0.141912 0.631373 0.151471 0.169935
0 0.226471 0.790196 0.160294 0.202614
0 0.045221 0.132680 0.012500 0.045752
0 0.056250 0.127451 0.012500 0.045752
0 0.071324 0.110458 0.027941 0.056209
