0 0.518382 0.806536 0.052941 0.196078
0 0.450000 0.783007 0.058824 0.209150
0 0.418382 0.625490 0.069118 0.155556
0 0.546691 0.397386 0.041912 0.083660
0 0.619485 0.315033 0.043382 0.083660
0 0.595588 0.222222 0.032353 0.054902
0 0.534559 0.135948 0.029412 0.052288
0 0.447794 0.162745 0.027941 0.064052
0 0.417647 0.060784 0.030882 0.079739
0 0.664338 0.511765 0.013971 0.050980
0 0.664338 0.524183 0.016912 0.049673
0 0.701838 0.402614 0.074265 0.109804
0 0.827206 0.157516 0.054412 0.056209
0 0.855147 0.203922 0.060294 0.049673
0 0.763971 0.059477 0.045588 0.040523
0 0.760662 0.031373 0.047794 0.039216
0 0.669118 0.110458 0.044118 0.043137
0 0.668382 0.090850 0.042647 0.032680
0 0.661397 0.062745 0.046324 0.047059
0 0.584926 0.022876 0.022794 0.040523
0 0.813603 0.666667 0.030147 0.094118
0 0.949632 0.298039 0.044853 0.052288
