0 0.473958 0.641667 0.022917 0.064815
0 0.609375 0.658333 0.068750 0.057407
0 0.589583 0.789815 0.081250 0.072222
0 0.614062 0.943519 0.098958 0.087037
0 0.949479 0.603704 0.061458 0.044444
0 0.516667 0.535185 0.020833 0.055556
0 0.577083 0.355556 0.029167 0.037037
0 0.526563 0.250926 0.009375 0.020370
0 0.523438 0.215741 0.009375 0.024074
0 0.533333 0.107407 0.012500 0.040741
0 0.579167 0.070370 0.016667 0.011111
0 0.508333 0.240741 0.006250 0.022222
0 0.508333 0.247222 0.008333 0.016667
0 0.183333 0.550000 0.010417 0.040741
