0 0.103676 0.686275 0.075000 0.162092
0 0.148162 0.498039 0.059559 0.141176
0 0.183456 0.400000 0.047794 0.096732
0 0.210294 0.298039 0.041176 0.073203
0 0.244118 0.110458 0.027941 0.048366
0 0.316912 0.032026 0.020588 0.037908
0 0.182721 0.122222 0.011029 0.022222
0 0.182353 0.139216 0.010294 0.030065
0 0.456250 0.034641 0.015441 0.024837
0 0.454044 0.061438 0.018382 0.031373
0 0.455147 0.090850 0.044118 0.045752
0 0.488603 0.112418 0.043382 0.044444
0 0.480515 0.151634 0.022794 0.054902
0 0.497059 0.229412 0.026471 0.056209
0 0.516544 0.054248 0.106618 0.092810
0 0.579044 0.064706 0.009559 0.032680
0 0.589338 0.067320 0.008088 0.032680
0 0.604044 0.035294 0.006618 0.033987
0 0.611029 0.037255 0.007353 0.035294
0 0.651838 0.030719 0.005147 0.030065
0 0.522059 0.327451 0.039706 0.069281
0 0.543015 0.437255 0.052206 0.095425
0 0.567279 0.547059 0.056618 0.113725
0 0.593015 0.671895 0.065441 0.143791
0 0.637132 0.826797 0.056618 0.118954
0 0.633088 0.413072 0.079412 0.078431
0 0.650368 0.557516 0.025735 0.058824
0 0.654779 0.064052 0.043382 0.028758
0 0.681618 0.076471 0.076471 0.069281
0 0.672426 0.124837 0.056618 0.043137
0 0.716912 0.171895 0.072059 0.048366
0 0.768015 0.190850 0.024265 0.031373
0 0.786029 0.219608 0.026471 0.033987
0 0.800368 0.242484 0.011029 0.040523
0 0.724632 0.279739 0.011029 0.047059
0 0.755515 0.265359 0.080147 0.060131
0 0.825368 0.293464 0.028676 0.037908
0 0.865441 0.316993 0.038235 0.050980
0 0.884559 0.330065 0.039706 0.037908
0 0.782721 0.387582 0.059559 0.098039
0 0.845956 0.405882 0.072794 0.113725
0 0.870956 0.366013 0.030147 0.039216
0 0.842647 0.464706 0.032353 0.048366
0 0.811397 0.454248 0.031618 0.045752
0 0.781250 0.433987 0.028676 0.039216
0 0.776103 0.460784 0.033088 0.043137
0 0.772426 0.504575 0.036029 0.052288
0 0.795956 0.522222 0.038971 0.043137
0 0.766176 0.547059 0.038235 0.043137
0 0.822426 0.503922 0.018382 0.048366
0 0.838603 0.501307 0.024265 0.056209
0 0.820956 0.550980 0.037500 0.043137
0 0.824265 0.559477 0.030882 0.039216
0 0.829044 0.566013 0.033088 0.049673
0 0.778309 0.608497 0.062500 0.058824
0 0.794485 0.650327 0.050735 0.050980
0 0.850000 0.598039 0.038235 0.048366
0 0.864706 0.628758 0.036765 0.049673
0 0.919118 0.606536 0.032353 0.052288
0 0.906985 0.577778 0.036029 0.041830
0 0.895588 0.568627 0.035294 0.049673
0 0.875000 0.547059 0.029412 0.045752
0 0.870956 0.536601 0.040441 0.024837
0 0.868015 0.528758 0.040441 0.035294
0 0.871691 0.500000 0.037500 0.048366
0 0.925368 0.468627 0.034559 0.040523
0 0.944118 0.491503 0.032353 0.033987
0 0.912868 0.501961 0.033088 0.036601
0 0.918382 0.517647 0.026471 0.047059
0 0.930147 0.536601 0.026471 0.043137
0 0.946324 0.543137 0.026471 0.040523
0 0.951838 0.560131 0.037500 0.043137
0 0.961397 0.516340 0.018382 0.044444
0 0.976471 0.586275 0.029412 0.045752
0 0.984926 0.597386 0.025735 0.052288
0 0.975735 0.530065 0.025000 0.040523
0 0.984926 0.549020 0.030147 0.039216
0 0.932721 0.666013 0.015441 0.056209
0 0.941176 0.722876 0.036765 0.054902
0 0.947426 0.739216 0.033088 0.048366
0 0.962868 0.756209 0.037500 0.056209
0 0.978309 0.774510 0.027206 0.061438
0 0.989338 0.792157 0.021324 0.060131
0 0.927206 0.926797 0.025000 0.031373
