0 0.712132 0.883007 0.074265 0.176471
0 0.545956 0.583007 0.046324 0.107190
0 0.455882 0.767974 0.051471 0.163399
0 0.426103 0.545752 0.047794 0.129412
0 0.558456 0.179085 0.025735 0.047059
0 0.506618 0.067974 0.023529 0.041830
0 0.752574 0.379739 0.044853 0.087582
0 0.780882 0.337908 0.010294 0.050980
0 0.661397 0.370588 0.009559 0.053595
0 0.505515 0.262745 0.008088 0.044444
0 0.580147 0.064052 0.025000 0.054902
0 0.600000 0.088235 0.007353 0.016993
0 0.640441 0.017647 0.007353 0.032680
0 0.706250 0.177124 0.049265 0.040523
0 0.686397 0.079085 0.043382 0.071895
0 0.953676 0.248366 0.011765 0.041830
0 0.964706 0.254248 0.014706 0.045752
0 0.813235 0.074510 0.005882 0.031373
0 0.805515 0.073203 0.006618 0.033987
0 0.814706 0.128105 0.008824 0.028758
0 0.749632 0.121569 0.005147 0.033987
0 0.735294 0.115686 0.005882 0.024837
0 0.770956 0.103268 0.056618 0.057516
0 0.798529 0.257516 0.058824 0.049673
0 0.778676 0.187582 0.050000 0.045752
0 0.391544 0.156209 0.030147 0.045752
0 0.331618 0.024837 0.020588 0.039216
0 0.391176 0.222876 0.033824 0.077124
0 0.220956 0.057516 0.046324 0.039216
0 0.207721 0.083660 0.043382 0.036601
0 0.132721 0.073203 0.022794 0.026144
0 0.115809 0.077778 0.008088 0.030065
0 0.104412 0.096732 0.023529 0.026144
0 0.047426 0.124837 0.012500 0.027451
0 0.079412 0.113072 0.035294 0.035294
0 0.076471 0.149673 0.055882 0.056209
0 0.085662 0.162092 0.011029 0.044444
0 0.234926 0.237255 0.034559 0.079739
0 0.309926 0.237908 0.027206 0.062745
0 0.315809 0.313725 0.049265 0.044444
0 0.330515 0.307190 0.008088 0.031373
0 0.070221 0.383007 0.038971 0.057516
0 0.095956 0.398693 0.036029 0.065359
0 0.175735 0.335948 0.008824 0.041830
0 0.268382 0.386275 0.026471 0.066667
0 0.205882 0.441830 0.016176 0.062745
0 0.233456 0.454248 0.009559 0.048366
0 0.238235 0.470588 0.055882 0.060131
0 0.097426 0.558824 0.019853 0.066667
0 0.110294 0.574510 0.014706 0.066667
0 0.118382 0.573203 0.017647 0.064052
0 0.136029 0.574510 0.017647 0.064052
0 0.144118 0.589542 0.016176 0.070588
0 0.185294 0.569281 0.075000 0.066667
0 0.208824 0.884967 0.020588 0.096732
0 0.229779 0.849673 0.018382 0.049673
0 0.189338 0.813725 0.093382 0.079739
0 0.240809 0.894771 0.086029 0.082353
0 0.311029 0.835294 0.051471 0.138562
0 0.301471 0.830719 0.023529 0.061438
0 0.365809 0.703922 0.019853 0.082353
0 0.365074 0.700000 0.016912 0.074510
0 0.415074 0.436601 0.021324 0.075817
0 0.415809 0.432680 0.013971 0.049673
0 0.346324 0.559477 0.027941 0.088889
0 0.348529 0.542484 0.013235 0.039216
0 0.249265 0.562745 0.026471 0.074510
0 0.272059 0.588235 0.011765 0.070588
0 0.299632 0.569935 0.012500 0.065359
0 0.321691 0.516993 0.019853 0.056209
0 0.303309 0.508497 0.063971 0.143791
0 0.371324 0.450327 0.025000 0.074510
0 0.361765 0.451634 0.013235 0.058824
0 0.336029 0.406536 0.010294 0.054902
0 0.320221 0.416340 0.038971 0.090196
