0 0.806771 0.815278 0.032292 0.060185
0 0.644531 0.916667 0.042188 0.087037
0 0.894010 0.676852 0.008854 0.044444
0 0.925781 0.710648 0.010937 0.043519
0 0.912240 0.732407 0.010937 0.038889
0 0.915625 0.711574 0.009375 0.047222
0 0.818490 0.664815 0.047396 0.040741
0 0.813281 0.631944 0.008854 0.037963
0 0.827083 0.621296 0.021875 0.053704
0 0.867448 0.581944 0.015104 0.019444
0 0.909375 0.602315 0.007292 0.037963
0 0.929688 0.630093 0.009375 0.028704
0 0.932552 0.626852 0.006771 0.035185
0 0.926562 0.614815 0.012500 0.027778
0 0.943750 0.612963 0.007292 0.027778
0 0.935937 0.603704 0.009375 0.031481
0 0.944010 0.606019 0.008854 0.025000
0 0.947396 0.604167 0.005208 0.023148
0 0.945312 0.600000 0.007292 0.029630
0 0.959375 0.606481 0.012500 0.029630
0 0.958333 0.604167 0.011458 0.028704
0 0.885156 0.602315 0.005729 0.019444
0 0.879167 0.602778 0.004167 0.016667
0 0.587760 0.927778 0.010937 0.055556
0 0.586719 0.915741 0.014063 0.042593
0 0.579427 0.801389 0.011979 0.039815
0 0.579167 0.796296 0.007292 0.031481
0 0.579688 0.789352 0.010417 0.045370
0 0.579427 0.790278 0.014063 0.041667
0 0.540625 0.742593 0.032292 0.083333
0 0.502083 0.649537 0.026042 0.060185
0 0.462500 0.570833 0.020833 0.045370
0 0.473698 0.616204 0.010937 0.026852
0 0.472656 0.610185 0.007812 0.029630
0 0.482552 0.426852 0.004687 0.024074
0 0.466667 0.532870 0.011458 0.021296
0 0.467187 0.528704 0.007292 0.029630
0 0.559896 0.656481 0.008333 0.031481
0 0.560937 0.646759 0.008333 0.032407
0 0.487240 0.435648 0.003646 0.017593
0 0.487500 0.430556 0.004167 0.020370
0 0.567969 0.528704 0.018229 0.033333
0 0.550000 0.422685 0.015625 0.028704
0 0.541927 0.410185 0.019271 0.024074
0 0.498177 0.417593 0.007812 0.018519
0 0.497917 0.411574 0.006250 0.019444
0 0.524740 0.407407 0.004687 0.016667
0 0.524740 0.412500 0.004687 0.017593
0 0.515104 0.415278 0.006250 0.015741
0 0.515104 0.411111 0.006250 0.016667
0 0.493750 0.473148 0.005208 0.020370
0 0.494010 0.466667 0.004687 0.018519
0 0.501563 0.434722 0.006250 0.019444
0 0.502083 0.439815 0.005208 0.018519
0 0.509635 0.424074 0.006771 0.014815
0 0.510156 0.419444 0.005729 0.018519
0 0.526823 0.443519 0.005729 0.018519
0 0.527344 0.437500 0.004687 0.017593
0 0.532031 0.506019 0.005729 0.023148
0 0.532552 0.498611 0.005729 0.023148
0 0.544792 0.505093 0.005208 0.023148
0 0.545052 0.499537 0.005729 0.021296
0 0.538281 0.490278 0.007812 0.021296
0 0.539062 0.483796 0.005208 0.021296
0 0.490885 0.517130 0.010937 0.028704
0 0.491927 0.513426 0.007812 0.023148
0 0.490365 0.510185 0.007812 0.022222
0 0.480469 0.529167 0.004687 0.021296
0 0.480469 0.537037 0.003646 0.018519
0 0.542969 0.567593 0.014063 0.027778
0 0.544531 0.561574 0.007812 0.023148
0 0.495052 0.590741 0.007812 0.025926
0 0.497396 0.585185 0.010417 0.031481
0 0.493490 0.583333 0.008854 0.033333
0 0.496094 0.568981 0.008854 0.023148
0 0.497135 0.561574 0.006771 0.025000
0 0.484375 0.553241 0.007292 0.026852
0 0.484375 0.548148 0.005208 0.025926
0 0.550000 0.617130 0.011458 0.034259
0 0.551302 0.619907 0.004687 0.017593
0 0.550521 0.612963 0.007292 0.027778
0 0.550260 0.611574 0.009896 0.030556
