0 0.792647 0.216993 0.044118 0.078431
0 0.733824 0.090850 0.007353 0.045752
0 0.726103 0.083660 0.009559 0.052288
0 0.608456 0.313072 0.046324 0.100654
0 0.552574 0.432026 0.061029 0.124183
0 0.510294 0.135294 0.035294 0.071895
0 0.445956 0.116993 0.024265 0.079739
0 0.426103 0.259477 0.037500 0.121569
0 0.459559 0.662745 0.061765 0.209150
0 0.357353 0.567974 0.027941 0.100654
0 0.354044 0.556863 0.016912 0.054902
0 0.284191 0.567974 0.056618 0.168627
0 0.316544 0.300000 0.050735 0.121569
0 0.215441 0.049673 0.042647 0.070588
0 0.194853 0.167974 0.050000 0.095425
0 0.196324 0.283007 0.011765 0.053595
0 0.166912 0.324837 0.016176 0.037908
0 0.171691 0.333333 0.031618 0.075817
0 0.132721 0.538562 0.021324 0.049673
0 0.136397 0.528105 0.016912 0.052288
0 0.135294 0.566667 0.016176 0.064052
0 0.066176 0.554902 0.083824 0.179085
0 0.107353 0.418954 0.069118 0.147712
0 0.075368 0.298693 0.102206 0.108497
0 0.066912 0.256863 0.100000 0.077124
0 0.083824 0.211111 0.098529 0.071895
0 0.044118 0.124183 0.083824 0.057516
0 0.040441 0.093464 0.079412 0.045752
