0 0.444271 0.682407 0.046875 0.146296
0 0.514583 0.437037 0.037500 0.103704
0 0.472396 0.434259 0.030208 0.075926
0 0.478646 0.289815 0.042708 0.183333
0 0.408333 0.278704 0.058333 0.057407
0 0.377083 0.187037 0.027083 0.051852
0 0.512500 0.040741 0.025000 0.059259
0 0.631250 0.084259 0.045833 0.042593
0 0.706250 0.374074 0.012500 0.040741
0 0.604688 0.141667 0.057292 0.057407
0 0.605729 0.168519 0.063542 0.055556
0 0.327604 0.237963 0.021875 0.046296
0 0.350521 0.194444 0.023958 0.051852
0 0.455208 0.150926 0.010417 0.035185
0 0.453125 0.537963 0.016667 0.042593
0 0.453125 0.544444 0.012500 0.066667
0 0.504687 0.213889 0.007292 0.031481
0 0.504167 0.221296 0.008333 0.031481
0 0.540625 0.083333 0.012500 0.040741
