0 0.551562 0.530556 0.055208 0.138889
0 0.668229 0.630556 0.076042 0.157407
0 0.752604 0.546296 0.073958 0.118519
0 0.802083 0.527778 0.047917 0.088889
0 0.660937 0.234259 0.038542 0.057407
0 0.730208 0.200926 0.047917 0.061111
0 0.754687 0.123148 0.044792 0.061111
0 0.785417 0.105556 0.037500 0.040741
0 0.205729 0.277778 0.038542 0.074074
0 0.197396 0.212037 0.023958 0.061111
0 0.186458 0.132407 0.014583 0.031481
0 0.180729 0.142593 0.017708 0.029630
0 0.251042 0.164815 0.025000 0.059259
0 0.298958 0.189815 0.014583 0.038889
0 0.208333 0.086111 0.014583 0.038889
0 0.410417 0.464815 0.014583 0.037037
0 0.741667 0.125000 0.014583 0.046296
0 0.410938 0.481481 0.013542 0.044444
