0 0.358333 0.549074 0.043750 0.061111
0 0.403646 0.531481 0.030208 0.044444
0 0.378646 0.478704 0.019792 0.038889
0 0.343750 0.441667 0.010417 0.027778
0 0.439063 0.452778 0.015625 0.035185
0 0.456771 0.498148 0.015625 0.037037
0 0.472917 0.485185 0.027083 0.037037
0 0.406771 0.400000 0.017708 0.033333
0 0.389062 0.332407 0.036458 0.031481
0 0.323958 0.385185 0.043750 0.037037
0 0.225521 0.383333 0.048958 0.044444
0 0.188542 0.394444 0.018750 0.029630
0 0.184375 0.417593 0.010417 0.027778
0 0.189583 0.422222 0.029167 0.029630
0 0.128125 0.413889 0.060417 0.053704
0 0.160938 0.132407 0.015625 0.012963
0 0.138021 0.161111 0.011458 0.014815
0 0.171875 0.219444 0.016667 0.020370
0 0.036979 0.633333 0.026042 0.062963
0 0.584896 0.832407 0.013542 0.053704
0 0.900000 0.931481 0.083333 0.111111
