0 0.039338 0.111111 0.055147 0.065359
0 0.020221 0.249673 0.027206 0.073203
0 0.393015 0.210458 0.094853 0.214379
0 0.276103 0.690196 0.091912 0.303268
0 0.345588 0.641176 0.023529 0.079739
0 0.221324 0.115033 0.027941 0.091503
0 0.218015 0.095425 0.022794 0.078431
0 0.170588 0.279739 0.039706 0.099346
0 0.167647 0.266667 0.030882 0.081046
0 0.874632 0.249673 0.058088 0.067974
0 0.862500 0.332680 0.058824 0.058824
0 0.833824 0.705882 0.033824 0.075817
0 0.879779 0.639216 0.068382 0.073203
0 0.807353 0.904575 0.041176 0.057516
0 0.813971 0.875163 0.044118 0.074510
