0 0.764844 0.921759 0.074479 0.062037
0 0.673958 0.798148 0.060417 0.031481
0 0.673438 0.960648 0.057292 0.073148
0 0.577604 0.765741 0.026042 0.033333
0 0.563542 0.815741 0.029167 0.046296
0 0.544792 0.779167 0.020833 0.034259
0 0.534375 0.749074 0.019792 0.031481
0 0.492448 0.760185 0.022396 0.033333
0 0.488281 0.835185 0.033854 0.053704
0 0.476302 0.693056 0.017188 0.025000
0 0.522135 0.706944 0.017188 0.025000
0 0.531771 0.727315 0.018750 0.025000
0 0.508333 0.687500 0.028125 0.021296
0 0.459635 0.597685 0.006771 0.012037
0 0.419792 0.639352 0.010417 0.015741
0 0.450000 0.683796 0.025000 0.026852
0 0.459896 0.716204 0.014583 0.034259
0 0.521354 0.660648 0.009375 0.021296
0 0.513281 0.823148 0.008854 0.031481
0 0.638021 0.845370 0.013542 0.031481
0 0.548698 0.838889 0.014063 0.040741
0 0.503906 0.710185 0.004687 0.018519
0 0.491927 0.706944 0.004687 0.017593
0 0.481250 0.654167 0.003125 0.013889
0 0.513281 0.811111 0.006771 0.029630
0 0.503646 0.702315 0.004167 0.013889
0 0.491146 0.698611 0.004167 0.013889
0 0.481250 0.648611 0.003125 0.012037
0 0.503646 0.662500 0.012500 0.015741
0 0.499740 0.670833 0.014063 0.019444
0 0.359635 0.719907 0.022396 0.032407
0 0.367448 0.702315 0.017188 0.023148
0 0.379688 0.668981 0.009375 0.021296
0 0.386458 0.657870 0.009375 0.021296
0 0.423698 0.610648 0.004687 0.012037
0 0.421875 0.600000 0.006250 0.011111
0 0.303125 0.918519 0.011458 0.038889
0 0.379948 0.735185 0.006771 0.018519
0 0.388802 0.722685 0.006771 0.019444
0 0.396875 0.670370 0.004167 0.012963
0 0.424740 0.650000 0.003646 0.011111
0 0.440625 0.661111 0.004167 0.012963
0 0.454167 0.612500 0.003125 0.008333
0 0.427865 0.608796 0.002604 0.006481
0 0.304688 0.902315 0.010417 0.037963
0 0.380469 0.725000 0.005729 0.016667
0 0.389323 0.712963 0.005729 0.016667
0 0.397135 0.666204 0.005729 0.013889
0 0.440365 0.653704 0.003646 0.011111
0 0.425000 0.643519 0.002083 0.007407
0 0.406771 0.640278 0.003125 0.013889
0 0.382552 0.690741 0.003646 0.012963
0 0.382552 0.698148 0.004687 0.014815
0 0.423698 0.623611 0.003646 0.010185
0 0.419271 0.623148 0.003125 0.009259
0 0.416406 0.629167 0.003646 0.010185
0 0.503385 0.643981 0.005729 0.015741
0 0.483594 0.601389 0.007812 0.021296
0 0.465104 0.606481 0.003125 0.011111
0 0.363021 0.666667 0.013542 0.018519
0 0.352865 0.684259 0.013021 0.018519
0 0.310156 0.743981 0.014063 0.037963
0 0.214844 0.901852 0.008854 0.033333
0 0.211719 0.916204 0.016146 0.032407
0 0.129167 0.921759 0.033333 0.062037
0 0.552083 0.713889 0.011458 0.037037
0 0.700000 0.825926 0.017708 0.018519
0 0.719792 0.879630 0.025000 0.024074
