0 0.402574 0.504575 0.231618 0.277124
0 0.378676 0.286275 0.080882 0.091503
0 0.920221 0.077778 0.043382 0.092810
0 0.440074 0.079739 0.087500 0.070588
0 0.528676 0.122222 0.086765 0.079739
0 0.794118 0.082353 0.033824 0.036601
0 0.358824 0.196078 0.085294 0.091503
0 0.343750 0.203922 0.013971 0.062745
0 0.690074 0.296078 0.024265 0.066667
0 0.748162 0.320261 0.018382 0.057516
0 0.888603 0.394771 0.038971 0.062745
0 0.939706 0.212418 0.020588 0.053595
0 0.689706 0.288889 0.016176 0.057516
0 0.747794 0.309804 0.019118 0.070588
0 0.894853 0.383007 0.022059 0.049673
0 0.938603 0.196732 0.021324 0.064052
