0 0.442647 0.138562 0.020588 0.018301
0 0.421324 0.152288 0.026471 0.019608
0 0.444118 0.155556 0.025000 0.020915
0 0.459191 0.139216 0.011029 0.016993
0 0.472794 0.140523 0.010294 0.019608
0 0.479044 0.128758 0.009559 0.014379
0 0.448897 0.162745 0.012500 0.016993
0 0.438235 0.183007 0.016176 0.020915
0 0.391912 0.203922 0.008824 0.015686
0 0.441544 0.200000 0.003676 0.023529
0 0.438235 0.200000 0.005882 0.018301
0 0.420956 0.211765 0.011029 0.023529
0 0.422426 0.224837 0.005147 0.023529
0 0.427574 0.226797 0.005147 0.024837
0 0.491176 0.111111 0.016176 0.036601
0 0.507353 0.083007 0.007353 0.011765
0 0.510662 0.075163 0.006618 0.011765
0 0.511397 0.100000 0.006618 0.016993
0 0.550735 0.070588 0.005882 0.010458
0 0.502574 0.145752 0.009559 0.022222
0 0.484559 0.165359 0.013235 0.022222
0 0.533088 0.152288 0.022059 0.016993
0 0.415809 0.258170 0.021324 0.035294
0 0.454412 0.260131 0.019118 0.031373
0 0.462868 0.224837 0.016912 0.031373
0 0.491176 0.209150 0.016176 0.026144
0 0.484926 0.238562 0.016912 0.030065
0 0.485294 0.260784 0.019118 0.030065
0 0.519118 0.250980 0.017647 0.031373
0 0.520588 0.188889 0.013235 0.022222
0 0.372059 0.247712 0.004412 0.024837
0 0.587500 0.101307 0.008824 0.011765
0 0.580515 0.093464 0.002206 0.011765
0 0.578309 0.108497 0.003676 0.010458
0 0.576838 0.133333 0.006618 0.013072
0 0.576838 0.129412 0.003676 0.013072
0 0.568015 0.152288 0.003676 0.011765
0 0.568382 0.149673 0.002941 0.014379
0 0.619485 0.156209 0.013971 0.019608
0 0.625735 0.171242 0.008824 0.023529
0 0.615441 0.222876 0.004412 0.027451
0 0.600000 0.169281 0.004412 0.019608
0 0.600368 0.171242 0.003676 0.015686
0 0.674265 0.200654 0.030882 0.030065
0 0.669853 0.223529 0.004412 0.023529
0 0.673162 0.233987 0.005147 0.026144
0 0.675368 0.243137 0.005147 0.028758
0 0.608824 0.269935 0.011765 0.027451
0 0.624632 0.294118 0.009559 0.031373
0 0.643382 0.292157 0.007353 0.027451
0 0.641912 0.297386 0.010294 0.027451
0 0.981250 0.944444 0.021324 0.074510
0 0.820221 0.341176 0.016912 0.023529
0 0.823897 0.335948 0.008088 0.031373
0 0.944118 0.355556 0.045588 0.031373
0 0.880147 0.355556 0.055882 0.036601
0 0.881985 0.380392 0.049265 0.039216
0 0.723162 0.421569 0.050735 0.048366
0 0.528676 0.323529 0.029412 0.050980
0 0.591544 0.369935 0.058088 0.065359
0 0.534559 0.456209 0.045588 0.060131
0 0.638603 0.496078 0.018382 0.032680
0 0.639338 0.485621 0.011029 0.032680
0 0.624265 0.594771 0.014706 0.044444
0 0.623529 0.579085 0.014706 0.036601
0 0.578309 0.553595 0.018382 0.043137
0 0.580515 0.547059 0.009559 0.037908
0 0.578676 0.542484 0.011765 0.041830
0 0.586029 0.649020 0.042647 0.077124
0 0.603309 0.801961 0.055147 0.129412
0 0.444118 0.449020 0.022059 0.027451
0 0.444853 0.440523 0.011765 0.039216
0 0.447059 0.428105 0.025000 0.035294
0 0.442279 0.418954 0.009559 0.037908
0 0.329044 0.264706 0.024265 0.037908
0 0.306250 0.254248 0.030147 0.056209
0 0.316176 0.361438 0.060294 0.050980
0 0.314706 0.533987 0.051471 0.071895
0 0.337132 0.726797 0.052206 0.125490
0 0.200368 0.537908 0.009559 0.045752
0 0.246324 0.726797 0.070588 0.122876
0 0.256250 0.592810 0.037500 0.082353
0 0.241912 0.464052 0.067647 0.065359
0 0.105515 0.644444 0.086029 0.091503
0 0.027941 0.314379 0.055882 0.035294
0 0.131618 0.396732 0.067647 0.045752
0 0.126838 0.419608 0.036029 0.028758
0 0.134926 0.410458 0.011029 0.031373
0 0.122794 0.400654 0.008824 0.030065
0 0.111765 0.313072 0.063235 0.040523
0 0.061765 0.266013 0.010294 0.022222
0 0.050000 0.264052 0.019118 0.028758
0 0.153676 0.283660 0.023529 0.033987
0 0.186029 0.318301 0.055882 0.037908
0 0.195588 0.287582 0.039706 0.033987
0 0.191176 0.332680 0.022059 0.019608
0 0.190441 0.323529 0.008824 0.030065
0 0.271691 0.275817 0.031618 0.033987
0 0.262868 0.288889 0.009559 0.033987
0 0.266912 0.289542 0.007353 0.027451
0 0.247794 0.284314 0.005882 0.030065
0 0.242647 0.284314 0.005882 0.030065
0 0.240809 0.279739 0.009559 0.031373
0 0.250368 0.303922 0.031618 0.022222
0 0.256250 0.297386 0.009559 0.022222
