0 0.640809 0.837255 0.065441 0.142484
0 0.619485 0.672549 0.047794 0.087582
0 0.590441 0.505882 0.045588 0.101961
0 0.787132 0.862745 0.087500 0.117647
0 0.855882 0.711111 0.085294 0.135948
0 0.767279 0.566013 0.052206 0.078431
0 0.169485 0.769281 0.019853 0.058824
0 0.168750 0.750327 0.018382 0.049673
0 0.158088 0.629412 0.057353 0.084967
0 0.237868 0.482353 0.043382 0.060131
0 0.183824 0.450980 0.069118 0.044444
0 0.154044 0.402614 0.038971 0.047059
0 0.309926 0.362092 0.027206 0.036601
0 0.202941 0.347712 0.029412 0.044444
0 0.269118 0.319608 0.045588 0.040523
0 0.284559 0.414379 0.007353 0.039216
0 0.286029 0.403922 0.004412 0.018301
0 0.006618 0.408497 0.011765 0.040523
0 0.063235 0.366013 0.017647 0.028758
0 0.159559 0.348366 0.007353 0.032680
0 0.168382 0.348366 0.008824 0.032680
0 0.126838 0.305229 0.008088 0.030065
0 0.155147 0.310458 0.007353 0.022222
0 0.162868 0.306536 0.008088 0.030065
0 0.185294 0.286928 0.007353 0.019608
0 0.310294 0.335294 0.007353 0.024837
0 0.316912 0.333987 0.005882 0.030065
0 0.321691 0.328105 0.005147 0.026144
0 0.317647 0.324837 0.005882 0.024837
0 0.334559 0.301961 0.020588 0.039216
0 0.262132 0.261438 0.021324 0.026144
0 0.225368 0.248366 0.009559 0.015686
0 0.243382 0.233333 0.019118 0.030065
0 0.264338 0.216340 0.008088 0.014379
0 0.571691 0.403268 0.024265 0.040523
0 0.562500 0.351634 0.011765 0.028758
0 0.563603 0.345098 0.006618 0.015686
0 0.681618 0.428758 0.007353 0.031373
0 0.749265 0.437908 0.052941 0.052288
0 0.699632 0.433333 0.018382 0.024837
0 0.700735 0.426144 0.010294 0.028758
0 0.702206 0.390196 0.035294 0.071895
0 0.665809 0.398693 0.024265 0.044444
0 0.728676 0.320915 0.023529 0.035294
0 0.645221 0.345098 0.022794 0.039216
0 0.624265 0.337908 0.007353 0.027451
0 0.630882 0.339216 0.005882 0.027451
0 0.630882 0.332680 0.005882 0.024837
0 0.630882 0.311765 0.017647 0.035294
0 0.629044 0.290196 0.021324 0.026144
0 0.611029 0.268627 0.019118 0.030065
0 0.552206 0.291503 0.017647 0.026144
0 0.532721 0.288889 0.011029 0.031373
0 0.532353 0.279739 0.005882 0.018301
0 0.436029 0.287582 0.005882 0.018301
0 0.459926 0.237255 0.005147 0.016993
0 0.435662 0.281699 0.005147 0.019608
0 0.459191 0.231373 0.005147 0.015686
0 0.478309 0.194118 0.011029 0.019608
0 0.430515 0.203922 0.024265 0.018301
0 0.480882 0.156863 0.008824 0.015686
0 0.340441 0.184967 0.023529 0.019608
0 0.344118 0.182353 0.022059 0.016993
0 0.345588 0.178431 0.022059 0.014379
0 0.350000 0.175163 0.023529 0.013072
0 0.352206 0.168627 0.023529 0.018301
0 0.354779 0.167320 0.021324 0.018301
0 0.343015 0.150980 0.018382 0.016993
0 0.460662 0.137255 0.008088 0.013072
0 0.499265 0.137908 0.007353 0.016993
0 0.485294 0.126144 0.007353 0.016993
0 0.606618 0.202614 0.002941 0.015686
0 0.609191 0.135294 0.019853 0.019608
0 0.600000 0.119608 0.008824 0.016993
0 0.611397 0.118301 0.009559 0.016993
0 0.592279 0.115686 0.015441 0.014379
0 0.383456 0.137908 0.015441 0.011765
0 0.427206 0.137255 0.008824 0.013072
0 0.386765 0.133987 0.017647 0.011765
0 0.436029 0.120915 0.005882 0.009150
0 0.388971 0.122876 0.007353 0.013072
0 0.393750 0.127451 0.008088 0.011765
0 0.532721 0.188235 0.003676 0.013072
0 0.532721 0.184967 0.003676 0.011765
0 0.515074 0.130719 0.006618 0.010458
0 0.442647 0.107843 0.007353 0.016993
