0 0.540625 0.828704 0.018750 0.064815
0 0.304688 0.954630 0.013542 0.068519
0 0.316667 0.830556 0.047917 0.112963
0 0.339583 0.581481 0.033333 0.029630
0 0.395313 0.548148 0.007292 0.029630
0 0.395833 0.542593 0.006250 0.029630
0 0.405729 0.550000 0.007292 0.029630
0 0.404687 0.542593 0.009375 0.033333
0 0.420833 0.521296 0.008333 0.035185
0 0.477083 0.370370 0.014583 0.025926
0 0.523958 0.325926 0.004167 0.018519
0 0.436979 0.369444 0.005208 0.016667
0 0.427604 0.326852 0.021875 0.027778
0 0.505208 0.281481 0.010417 0.018519
0 0.504167 0.576852 0.029167 0.053704
0 0.506250 0.531481 0.025000 0.040741
0 0.508333 0.480556 0.018750 0.035185
0 0.501563 0.348148 0.007292 0.022222
0 0.479687 0.402778 0.017708 0.016667
0 0.479167 0.396296 0.008333 0.018519
0 0.478125 0.396296 0.006250 0.014815
0 0.458854 0.426852 0.009375 0.027778
0 0.452604 0.408333 0.007292 0.024074
0 0.452083 0.412963 0.006250 0.022222
0 0.436979 0.362963 0.005208 0.018519
0 0.511979 0.456481 0.007292 0.031481
0 0.517708 0.450926 0.006250 0.027778
0 0.533333 0.526852 0.014583 0.027778
0 0.535937 0.531481 0.009375 0.029630
0 0.535937 0.524074 0.009375 0.029630
0 0.317708 0.387963 0.010417 0.031481
0 0.301042 0.390741 0.018750 0.029630
