0 0.081250 0.350327 0.038971 0.047059
0 0.220221 0.256209 0.030147 0.078431
0 0.352941 0.319608 0.011765 0.035294
0 0.328309 0.780392 0.071324 0.235294
0 0.430147 0.685621 0.035294 0.092810
0 0.512132 0.862745 0.040441 0.125490
0 0.548897 0.687582 0.037500 0.086275
0 0.534559 0.558824 0.032353 0.079739
0 0.539706 0.469281 0.029412 0.057516
0 0.578676 0.583660 0.032353 0.071895
0 0.588971 0.937908 0.051471 0.124183
0 0.405147 0.860131 0.047059 0.149020
0 0.454779 0.445098 0.025735 0.066667
0 0.536397 0.346405 0.022794 0.041830
0 0.461765 0.298039 0.022059 0.041830
0 0.499632 0.208497 0.016912 0.024837
0 0.518750 0.187582 0.012500 0.024837
0 0.501471 0.169281 0.014706 0.022222
0 0.538971 0.180392 0.014706 0.023529
0 0.547794 0.211765 0.014706 0.023529
0 0.532353 0.152941 0.013235 0.020915
0 0.514706 0.143791 0.013235 0.020915
0 0.498529 0.141176 0.013235 0.020915
0 0.498529 0.118954 0.013235 0.020915
0 0.484559 0.104575 0.013235 0.020915
0 0.469118 0.100654 0.013235 0.020915
0 0.452941 0.101961 0.014706 0.020915
0 0.508088 0.086928 0.011765 0.014379
0 0.506250 0.069935 0.011029 0.014379
0 0.522059 0.069935 0.019118 0.019608
0 0.447426 0.127451 0.015441 0.022222
0 0.467647 0.129412 0.013235 0.026144
0 0.471324 0.209804 0.019118 0.030065
0 0.502574 0.250327 0.019853 0.030065
0 0.501838 0.249020 0.019853 0.030065
0 0.501103 0.247712 0.019853 0.030065
0 0.500368 0.246405 0.019853 0.030065
0 0.508824 0.294118 0.019118 0.031373
0 0.487132 0.582353 0.052206 0.307190
0 0.404412 0.424837 0.069118 0.188235
0 0.405147 0.300654 0.007353 0.018301
0 0.520588 0.079739 0.005882 0.007843
0 0.404412 0.316340 0.007353 0.015686
0 0.519853 0.086275 0.007353 0.015686
0 0.528676 0.198039 0.007353 0.016993
0 0.528676 0.205882 0.007353 0.014379
0 0.386765 0.311111 0.017647 0.020915
0 0.387868 0.303268 0.016912 0.020915
0 0.451838 0.191503 0.016912 0.035294
0 0.401103 0.141176 0.016912 0.036601
0 0.543750 0.067320 0.021324 0.016993
0 0.854779 0.322876 0.009559 0.031373
0 0.856618 0.335294 0.008824 0.022222
0 0.752206 0.228758 0.020588 0.041830
0 0.769118 0.221569 0.022059 0.032680
0 0.691544 0.116993 0.016912 0.022222
0 0.677574 0.093464 0.016912 0.022222
