0 0.983456 0.614379 0.016912 0.078431
0 0.972426 0.677778 0.015441 0.069281
0 0.990441 0.662745 0.014706 0.075817
0 0.870588 0.625490 0.016176 0.074510
0 0.856985 0.626144 0.016912 0.075817
0 0.848529 0.756863 0.023529 0.086275
0 0.721324 0.721569 0.023529 0.081046
0 0.296691 0.814379 0.024265 0.107190
0 0.396691 0.264706 0.008088 0.037908
0 0.417279 0.147712 0.003676 0.023529
0 0.272794 0.686928 0.076471 0.152941
0 0.219118 0.878431 0.104412 0.219608
0 0.443015 0.213725 0.019853 0.035294
0 0.485294 0.182353 0.017647 0.027451
0 0.454412 0.121569 0.013235 0.020915
0 0.433824 0.115033 0.014706 0.023529
0 0.484559 0.158824 0.017647 0.027451
0 0.475000 0.145098 0.017647 0.023529
0 0.480147 0.079739 0.008824 0.015686
0 0.784926 0.683007 0.118382 0.103268
0 0.550735 0.650327 0.057353 0.121569
0 0.451838 0.636601 0.050735 0.138562
0 0.545221 0.465359 0.037500 0.073203
0 0.334559 0.479085 0.045588 0.084967
0 0.452941 0.243137 0.022059 0.044444
0 0.497426 0.239869 0.022794 0.037908
0 0.491912 0.207190 0.019118 0.030065
0 0.444853 0.158824 0.016176 0.027451
0 0.454044 0.185621 0.016912 0.028758
0 0.504412 0.139869 0.014706 0.026144
0 0.538603 0.328758 0.028676 0.048366
0 0.681985 0.735294 0.078676 0.145098
0 0.441544 0.132026 0.028676 0.020915
0 0.458088 0.110458 0.010294 0.019608
0 0.458456 0.100000 0.009559 0.014379
0 0.506618 0.109804 0.010294 0.015686
0 0.498897 0.120915 0.012500 0.024837
0 0.481618 0.090196 0.010294 0.018301
0 0.478309 0.065359 0.008088 0.013072
0 0.466176 0.054248 0.007353 0.009150
0 0.479044 0.051634 0.006618 0.009150
0 0.452941 0.052941 0.007353 0.009150
0 0.493382 0.059477 0.005882 0.009150
0 0.509559 0.060784 0.013235 0.009150
0 0.524265 0.104575 0.017647 0.018301
0 0.406618 0.122222 0.023529 0.024837
0 0.399632 0.133987 0.027206 0.027451
0 0.420956 0.143791 0.003676 0.013072
0 0.422059 0.165359 0.004412 0.019608
0 0.415809 0.205229 0.005147 0.023529
0 0.405515 0.229412 0.006618 0.027451
0 0.427206 0.275163 0.010294 0.030065
0 0.413603 0.295425 0.008088 0.026144
0 0.413603 0.292810 0.008088 0.026144
0 0.345588 0.834641 0.022059 0.074510
0 0.347426 0.825490 0.025735 0.079739
0 0.346324 0.869935 0.030882 0.095425
0 0.934926 0.658170 0.030147 0.069281
0 0.958456 0.709804 0.030147 0.062745
0 0.981985 0.718301 0.028676 0.066667
0 0.949632 0.653595 0.034559 0.070588
0 0.585662 0.368627 0.015441 0.039216
0 0.455147 0.322876 0.026471 0.067974
0 0.427574 0.284314 0.009559 0.030065
0 0.413603 0.304575 0.008088 0.033987
0 0.415809 0.212418 0.008088 0.022222
0 0.422426 0.171895 0.005147 0.016993
0 0.419853 0.149020 0.005882 0.013072
0 0.405882 0.237255 0.007353 0.024837
0 0.447059 0.109150 0.002941 0.011765
0 0.348529 0.107843 0.010294 0.011765
0 0.379044 0.124183 0.005147 0.018301
0 0.326471 0.117647 0.026471 0.018301
0 0.559559 0.277778 0.014706 0.043137
0 0.527941 0.225490 0.033824 0.103268
