0 0.417708 0.932407 0.106250 0.105556
0 0.352604 0.884259 0.073958 0.120370
0 0.410938 0.767593 0.053125 0.094444
0 0.445312 0.670370 0.042708 0.074074
0 0.475521 0.589815 0.042708 0.064815
0 0.558854 0.377778 0.026042 0.040741
0 0.544271 0.420370 0.026042 0.037037
0 0.533854 0.453704 0.030208 0.040741
0 0.516146 0.492593 0.030208 0.055556
0 0.419792 0.546296 0.039583 0.051852
0 0.130729 0.622222 0.059375 0.077778
0 0.234896 0.512037 0.044792 0.057407
0 0.268229 0.412963 0.034375 0.037037
0 0.283333 0.450926 0.031250 0.050000
0 0.381250 0.295370 0.031250 0.031481
0 0.444792 0.265741 0.018750 0.035185
0 0.225521 0.408333 0.013542 0.020370
0 0.226562 0.400000 0.007292 0.022222
0 0.375000 0.507407 0.118750 0.200000
0 0.491667 0.326852 0.039583 0.072222
0 0.544271 0.277778 0.042708 0.085185
0 0.721354 0.461111 0.009375 0.040741
0 0.736979 0.442593 0.007292 0.040741
0 0.740104 0.409259 0.007292 0.033333
0 0.735938 0.392593 0.005208 0.033333
0 0.722917 0.147222 0.004167 0.020370
0 0.736458 0.255556 0.006250 0.014815
0 0.718229 0.251852 0.005208 0.018519
0 0.715104 0.239815 0.005208 0.020370
0 0.760417 0.205556 0.004167 0.022222
0 0.732292 0.205556 0.006250 0.011111
0 0.612500 0.111111 0.016667 0.025926
0 0.634375 0.075000 0.008333 0.016667
0 0.604167 0.136111 0.010417 0.016667
0 0.613542 0.148148 0.010417 0.014815
0 0.579167 0.230556 0.004167 0.016667
0 0.586979 0.176852 0.005208 0.020370
