0 0.868382 0.059477 0.020588 0.035294
0 0.847426 0.069281 0.030147 0.028758
0 0.895956 0.832026 0.158088 0.126797
0 0.725735 0.929412 0.027941 0.067974
0 0.724265 0.948366 0.055882 0.071895
0 0.626838 0.604575 0.016912 0.061438
0 0.626471 0.605229 0.047059 0.054902
0 0.601103 0.665359 0.121324 0.117647
0 0.447794 0.416340 0.048529 0.111111
0 0.204044 0.640523 0.080147 0.169935
0 0.276103 0.640523 0.075735 0.193464
0 0.307353 0.262092 0.019118 0.056209
0 0.597426 0.669935 0.019853 0.048366
0 0.312868 0.272549 0.031618 0.069281
0 0.316912 0.418301 0.052941 0.107190
0 0.247426 0.473203 0.050735 0.101961
0 0.136765 0.288235 0.035294 0.071895
0 0.374265 0.216993 0.045588 0.107190
0 0.379044 0.221569 0.012500 0.037908
0 0.345221 0.128105 0.043382 0.075817
0 0.400368 0.116340 0.036029 0.078431
0 0.414706 0.050980 0.032353 0.060131
0 0.310294 0.034641 0.016176 0.032680
0 0.356250 0.024837 0.009559 0.039216
0 0.354412 0.040523 0.017647 0.039216
