0 0.654167 0.961111 0.043750 0.044444
0 0.590625 0.881481 0.012500 0.037037
0 0.591146 0.896296 0.011458 0.051852
0 0.558333 0.863889 0.014583 0.035185
0 0.556771 0.881481 0.011458 0.048148
0 0.354167 0.800000 0.016667 0.048148
0 0.352604 0.810185 0.015625 0.038889
0 0.363542 0.762037 0.029167 0.031481
0 0.366146 0.741667 0.032292 0.038889
0 0.397917 0.678704 0.008333 0.020370
0 0.398438 0.697222 0.009375 0.031481
0 0.420312 0.640741 0.011458 0.025926
0 0.420833 0.654630 0.010417 0.035185
0 0.511979 0.687963 0.009375 0.020370
0 0.511458 0.681481 0.010417 0.025926
0 0.510938 0.700000 0.009375 0.025926
0 0.557813 0.645370 0.046875 0.083333
0 0.484896 0.631481 0.028125 0.048148
0 0.546875 0.586111 0.033333 0.027778
0 0.513021 0.615741 0.009375 0.024074
0 0.514583 0.631481 0.008333 0.022222
0 0.417187 0.564815 0.021875 0.048148
0 0.531250 0.553704 0.022917 0.033333
0 0.525000 0.521296 0.022917 0.031481
0 0.512500 0.494444 0.020833 0.037037
0 0.505729 0.474074 0.017708 0.025926
0 0.532292 0.465741 0.033333 0.024074
0 0.500521 0.455556 0.015625 0.018519
0 0.490625 0.520370 0.018750 0.037037
0 0.498437 0.494444 0.005208 0.018519
0 0.498437 0.503704 0.007292 0.014815
0 0.477604 0.533333 0.007292 0.018519
0 0.478125 0.541667 0.006250 0.020370
0 0.472396 0.517593 0.005208 0.016667
0 0.471875 0.529630 0.004167 0.018519
0 0.458854 0.519444 0.007292 0.016667
0 0.459375 0.512037 0.008333 0.016667
0 0.459375 0.522222 0.006250 0.022222
0 0.419792 0.527778 0.006250 0.014815
0 0.419792 0.538889 0.008333 0.014815
0 0.411979 0.514815 0.005208 0.029630
0 0.431771 0.499074 0.019792 0.031481
0 0.473958 0.455556 0.008333 0.025926
0 0.456771 0.483333 0.005208 0.014815
0 0.456250 0.486111 0.006250 0.027778
0 0.459375 0.462963 0.006250 0.011111
0 0.460938 0.474074 0.011458 0.022222
0 0.433333 0.470370 0.014583 0.029630
0 0.429167 0.440741 0.016667 0.033333
0 0.410417 0.462963 0.004167 0.018519
0 0.411979 0.469444 0.011458 0.020370
0 0.410938 0.473148 0.005208 0.020370
0 0.382812 0.543519 0.023958 0.064815
0 0.447917 0.408333 0.014583 0.024074
0 0.481771 0.402778 0.007292 0.016667
0 0.470833 0.370370 0.012500 0.018519
0 0.461458 0.383333 0.004167 0.011111
0 0.461458 0.388889 0.004167 0.011111
0 0.425521 0.403704 0.005208 0.011111
0 0.425521 0.412037 0.005208 0.012963
0 0.423438 0.378704 0.003125 0.009259
0 0.427083 0.379630 0.004167 0.011111
0 0.426042 0.382407 0.004167 0.009259
0 0.425521 0.388889 0.007292 0.014815
0 0.428125 0.361111 0.008333 0.022222
0 0.413021 0.382407 0.005208 0.009259
0 0.413542 0.390741 0.006250 0.011111
0 0.414062 0.353704 0.003125 0.007407
0 0.414583 0.361111 0.004167 0.011111
0 0.420312 0.346296 0.003125 0.007407
0 0.420312 0.351852 0.003125 0.007407
0 0.424479 0.340741 0.009375 0.014815
0 0.448437 0.337037 0.003125 0.014815
0 0.438021 0.325926 0.007292 0.011111
0 0.431771 0.313889 0.005208 0.012963
0 0.421354 0.315741 0.007292 0.012963
0 0.431250 0.290741 0.006250 0.018519
