0 0.899740 0.497685 0.009896 0.050926
0 0.872135 0.602778 0.029687 0.046296
0 0.843750 0.679167 0.082292 0.089815
0 0.795312 0.686574 0.014583 0.039815
0 0.796094 0.706944 0.025521 0.062037
0 0.747396 0.698611 0.083333 0.104630
0 0.826562 0.565278 0.012500 0.056481
0 0.812240 0.556481 0.010937 0.038889
0 0.808594 0.575000 0.016146 0.037037
0 0.810937 0.538426 0.025000 0.030556
0 0.779948 0.568981 0.021354 0.026852
0 0.781510 0.551852 0.020313 0.033333
0 0.659635 0.587037 0.056771 0.072222
0 0.771875 0.371759 0.010417 0.043519
0 0.779167 0.372222 0.008333 0.038889
0 0.693229 0.326389 0.006250 0.036111
0 0.699479 0.329630 0.006250 0.037037
0 0.727344 0.471759 0.009896 0.047222
0 0.717448 0.467130 0.007812 0.039815
0 0.710938 0.445833 0.008333 0.043519
0 0.701302 0.431481 0.009896 0.044444
0 0.668490 0.506481 0.010937 0.046296
0 0.733073 0.526852 0.010937 0.044444
0 0.701562 0.544907 0.067708 0.075000
0 0.750781 0.532870 0.023438 0.023148
0 0.743229 0.523611 0.019792 0.025000
0 0.741667 0.518519 0.020833 0.024074
0 0.736719 0.514352 0.017188 0.023148
0 0.731250 0.516204 0.019792 0.028704
0 0.728385 0.508333 0.025521 0.027778
0 0.722396 0.498611 0.021875 0.025000
0 0.715365 0.496759 0.020313 0.030556
0 0.713802 0.493981 0.023438 0.032407
0 0.709896 0.489352 0.018750 0.028704
0 0.709896 0.487963 0.019792 0.033333
0 0.705469 0.485648 0.019271 0.034259
0 0.703906 0.484722 0.021354 0.037963
0 0.701042 0.477778 0.020833 0.027778
0 0.696354 0.473148 0.017708 0.025926
0 0.691146 0.470370 0.021875 0.025926
0 0.692969 0.468981 0.018229 0.030556
0 0.686719 0.464352 0.019271 0.023148
0 0.684375 0.460648 0.019792 0.023148
0 0.683333 0.457870 0.021875 0.025000
0 0.682813 0.456481 0.020833 0.022222
0 0.682031 0.455556 0.023438 0.025926
0 0.677604 0.451389 0.022917 0.025000
0 0.675781 0.450463 0.023438 0.023148
0 0.670833 0.443981 0.020833 0.021296
0 0.669271 0.475926 0.050000 0.057407
0 0.620573 0.500000 0.043229 0.061111
0 0.639323 0.469907 0.009896 0.026852
0 0.637760 0.489815 0.015104 0.029630
0 0.659635 0.405093 0.008854 0.034259
0 0.650521 0.374537 0.011458 0.032407
0 0.630729 0.430093 0.040625 0.049074
0 0.611979 0.430556 0.009375 0.029630
0 0.611719 0.445833 0.013021 0.028704
0 0.578385 0.407407 0.010937 0.027778
0 0.578906 0.420833 0.016146 0.026852
0 0.569010 0.382870 0.007812 0.023148
0 0.569010 0.401852 0.009896 0.022222
0 0.609635 0.382870 0.008854 0.019444
0 0.611979 0.371759 0.011458 0.019444
0 0.600521 0.368056 0.013542 0.019444
0 0.599479 0.364815 0.007292 0.033333
0 0.585677 0.353704 0.006771 0.035185
0 0.578385 0.370833 0.008854 0.028704
0 0.577083 0.386111 0.008333 0.020370
0 0.525521 0.350000 0.007292 0.022222
0 0.491406 0.289815 0.006771 0.016667
0 0.475781 0.290278 0.008854 0.019444
0 0.476042 0.280093 0.007292 0.019444
0 0.491406 0.276389 0.006771 0.015741
0 0.526042 0.337963 0.008333 0.020370
0 0.548438 0.356019 0.033333 0.037963
0 0.570573 0.453704 0.045312 0.064815
0 0.618750 0.315741 0.005208 0.029630
0 0.601302 0.305093 0.005729 0.030556
0 0.609896 0.304167 0.009375 0.034259
0 0.568229 0.300463 0.006250 0.034259
0 0.573698 0.335648 0.015104 0.017593
0 0.565104 0.327315 0.009375 0.019444
0 0.559635 0.317130 0.014063 0.023148
0 0.548698 0.307407 0.013021 0.020370
0 0.530729 0.314352 0.028125 0.034259
0 0.539062 0.418056 0.036458 0.047222
0 0.516406 0.379630 0.032813 0.042593
0 0.499219 0.348148 0.029687 0.037037
0 0.478125 0.323148 0.023958 0.033333
0 0.502604 0.275926 0.021875 0.029630
0 0.461719 0.296296 0.024479 0.033333
0 0.446875 0.272685 0.026042 0.037963
0 0.437240 0.252315 0.020313 0.023148
0 0.424219 0.237037 0.020313 0.025926
0 0.412240 0.222685 0.017188 0.023148
0 0.401562 0.207407 0.015625 0.024074
0 0.392188 0.187963 0.016667 0.029630
0 0.378385 0.173148 0.014063 0.018519
0 0.405208 0.251389 0.020833 0.028704
0 0.475000 0.416204 0.035417 0.047222
0 0.369792 0.225000 0.017708 0.024074
0 0.381250 0.203704 0.014583 0.024074
0 0.372135 0.190741 0.014063 0.020370
0 0.361198 0.208796 0.015104 0.021296
0 0.357031 0.194907 0.015104 0.021296
0 0.610156 0.245370 0.005729 0.033333
0 0.512240 0.239815 0.005729 0.027778
0 0.505469 0.240741 0.004687 0.022222
0 0.508333 0.243056 0.003125 0.015741
0 0.505208 0.194444 0.005208 0.024074
0 0.469792 0.185185 0.003125 0.020370
0 0.536198 0.168056 0.003646 0.019444
0 0.526823 0.167593 0.003646 0.018519
0 0.532552 0.160648 0.003646 0.017593
0 0.530729 0.157407 0.004167 0.018519
0 0.525521 0.156019 0.004167 0.017593
0 0.521354 0.168056 0.003125 0.017593
0 0.517969 0.166204 0.003646 0.015741
0 0.514062 0.175000 0.003125 0.016667
0 0.517708 0.161574 0.004167 0.019444
0 0.527865 0.146296 0.003646 0.018519
0 0.510938 0.165278 0.003125 0.019444
0 0.512760 0.162500 0.003646 0.019444
0 0.504948 0.168519 0.004687 0.020370
0 0.496354 0.173611 0.003125 0.019444
0 0.484375 0.172685 0.004167 0.015741
0 0.480208 0.170833 0.005208 0.021296
0 0.473177 0.170370 0.002604 0.016667
0 0.468490 0.166204 0.004687 0.019444
0 0.461719 0.157870 0.003646 0.015741
0 0.458594 0.157407 0.003646 0.018519
0 0.451042 0.164352 0.003125 0.021296
0 0.452604 0.162500 0.004167 0.017593
0 0.450260 0.156944 0.003646 0.019444
0 0.452865 0.177315 0.004687 0.012037
0 0.452604 0.187037 0.005208 0.012963
0 0.443229 0.173148 0.003125 0.016667
0 0.447917 0.216204 0.004167 0.012037
0 0.448177 0.226852 0.003646 0.011111
0 0.440885 0.202778 0.004687 0.012963
0 0.440885 0.212037 0.005729 0.011111
0 0.431771 0.214815 0.004167 0.011111
0 0.431250 0.204167 0.004167 0.013889
0 0.437240 0.190741 0.003646 0.011111
0 0.437500 0.200000 0.004167 0.011111
0 0.430208 0.191204 0.004167 0.012037
0 0.430469 0.198611 0.003646 0.008333
0 0.423177 0.191204 0.004687 0.013889
0 0.423177 0.199074 0.004687 0.011111
0 0.417187 0.189815 0.005208 0.016667
0 0.418229 0.199074 0.004167 0.011111
0 0.422917 0.182407 0.004167 0.011111
0 0.422656 0.188426 0.003646 0.006481
0 0.421354 0.175463 0.003125 0.008333
0 0.421094 0.169444 0.003646 0.011111
0 0.414062 0.174074 0.004167 0.009259
0 0.416146 0.170370 0.003125 0.009259
0 0.412500 0.169444 0.005208 0.011111
0 0.409635 0.179167 0.004687 0.010185
0 0.404687 0.174537 0.005208 0.015741
0 0.405729 0.180093 0.004167 0.010185
0 0.400260 0.175926 0.004687 0.011111
0 0.406510 0.189352 0.003646 0.010185
0 0.409635 0.187963 0.003646 0.011111
0 0.407292 0.156481 0.004167 0.009259
0 0.407292 0.164352 0.003125 0.012037
0 0.420833 0.150000 0.003125 0.011111
0 0.421094 0.156944 0.004687 0.008333
0 0.407552 0.145370 0.003646 0.011111
0 0.407813 0.152315 0.009375 0.010185
0 0.361198 0.167130 0.003646 0.021296
0 0.346615 0.177315 0.003646 0.021296
0 0.340365 0.177315 0.002604 0.017593
0 0.338021 0.177778 0.004167 0.022222
0 0.329427 0.180556 0.004687 0.022222
0 0.326823 0.175463 0.003646 0.019444
0 0.482292 0.129167 0.017708 0.013889
0 0.468229 0.123611 0.016667 0.012037
0 0.481771 0.119907 0.015625 0.012037
0 0.513281 0.115741 0.013021 0.014815
0 0.485417 0.110185 0.012500 0.012963
0 0.489323 0.106019 0.009896 0.012037
0 0.490104 0.098611 0.012500 0.010185
0 0.475260 0.102315 0.017188 0.010185
0 0.472135 0.110185 0.014063 0.011111
0 0.465885 0.113426 0.016146 0.012037
0 0.446354 0.118056 0.014583 0.013889
0 0.452344 0.111574 0.013021 0.012037
0 0.440885 0.136574 0.018229 0.013889
0 0.429948 0.130556 0.022396 0.014815
0 0.431771 0.118981 0.015625 0.010185
0 0.428125 0.115278 0.017708 0.015741
0 0.413281 0.116204 0.018229 0.012037
0 0.398177 0.115741 0.020313 0.012963
0 0.382292 0.113889 0.017708 0.012963
0 0.363281 0.119444 0.018229 0.012963
0 0.374740 0.122685 0.018229 0.012037
0 0.370833 0.135185 0.018750 0.014815
0 0.383073 0.137963 0.018229 0.016667
0 0.392708 0.147685 0.017708 0.019444
0 0.351042 0.148611 0.023958 0.017593
0 0.311458 0.154630 0.027083 0.016667
0 0.344531 0.125463 0.021354 0.015741
0 0.336979 0.118981 0.017708 0.008333
0 0.338542 0.137500 0.017708 0.013889
0 0.311979 0.137963 0.056250 0.033333
0 0.305729 0.117593 0.052083 0.033333
0 0.277083 0.129167 0.017708 0.015741
0 0.266927 0.122222 0.010937 0.012963
0 0.284375 0.185185 0.022917 0.022222
0 0.259896 0.179630 0.023958 0.022222
0 0.272656 0.186574 0.004687 0.021296
0 0.309635 0.087500 0.007812 0.012037
0 0.329688 0.096296 0.015625 0.012963
0 0.297135 0.062500 0.006771 0.010185
0 0.287240 0.083796 0.007812 0.010185
0 0.278385 0.063426 0.008854 0.010185
0 0.294792 0.174074 0.004167 0.012963
0 0.296875 0.175926 0.003125 0.014815
0 0.300781 0.178241 0.003646 0.019444
0 0.303125 0.179630 0.004167 0.020370
0 0.311198 0.175463 0.003646 0.015741
0 0.310677 0.175463 0.003646 0.021296
0 0.308073 0.175926 0.002604 0.014815
0 0.220312 0.941204 0.021875 0.097222
0 0.309375 0.879630 0.017708 0.059259
0 0.309375 0.916204 0.015625 0.063889
0 0.565104 0.782870 0.069792 0.141667
0 0.516406 0.657870 0.061979 0.110185
0 0.477604 0.775000 0.062500 0.137037
0 0.428385 0.845370 0.065104 0.159259
0 0.346615 0.844907 0.056771 0.152778
0 0.269531 0.887037 0.059896 0.175926
0 0.439323 0.642593 0.050521 0.103704
0 0.377865 0.663426 0.052604 0.102778
0 0.263281 0.734722 0.051562 0.130556
0 0.477083 0.556944 0.046875 0.084259
0 0.449479 0.485185 0.040625 0.068519
0 0.423958 0.421296 0.038542 0.068519
0 0.421354 0.557870 0.042708 0.080556
0 0.400260 0.484722 0.038021 0.063889
0 0.265885 0.628241 0.041146 0.102778
0 0.264062 0.559259 0.038542 0.077778
0 0.363802 0.546296 0.041146 0.081481
0 0.259635 0.500463 0.035937 0.065741
0 0.375260 0.424537 0.030729 0.058333
0 0.346354 0.458333 0.034375 0.061111
0 0.335417 0.409259 0.029167 0.051852
0 0.403125 0.380556 0.030208 0.051852
0 0.388281 0.345833 0.024479 0.050926
0 0.372656 0.311574 0.023438 0.041667
0 0.364583 0.286574 0.019792 0.037963
0 0.358594 0.265741 0.019271 0.033333
0 0.323437 0.368056 0.027083 0.045370
0 0.320312 0.341204 0.026042 0.039815
0 0.315104 0.310648 0.022917 0.041667
0 0.343229 0.297222 0.020833 0.033333
0 0.344792 0.318519 0.025000 0.042593
0 0.356510 0.347222 0.026562 0.046296
0 0.367448 0.375926 0.029687 0.061111
0 0.298177 0.561574 0.011979 0.041667
0 0.298438 0.586111 0.010417 0.038889
0 0.300521 0.425926 0.008333 0.027778
0 0.302344 0.449074 0.008854 0.029630
0 0.207552 0.661111 0.014063 0.061111
0 0.159896 0.715741 0.015625 0.059259
0 0.183073 0.638426 0.017188 0.063889
0 0.207292 0.581944 0.014583 0.060185
0 0.192708 0.582870 0.015625 0.060185
0 0.267448 0.460648 0.009896 0.036111
0 0.257812 0.449537 0.029167 0.052778
0 0.259115 0.403241 0.026562 0.049074
0 0.255990 0.372685 0.024479 0.041667
0 0.256510 0.343056 0.024479 0.043519
0 0.255729 0.313426 0.023958 0.032407
0 0.252604 0.299074 0.021875 0.031481
0 0.254948 0.280093 0.022396 0.032407
0 0.253646 0.264815 0.019792 0.035185
0 0.252083 0.245833 0.016667 0.026852
0 0.252865 0.232407 0.017188 0.027778
0 0.254427 0.218519 0.016146 0.029630
0 0.304688 0.241204 0.021875 0.036111
0 0.275260 0.319444 0.006771 0.031481
0 0.269792 0.320370 0.007292 0.037037
0 0.228646 0.435185 0.010417 0.050000
0 0.203385 0.477778 0.009896 0.042593
0 0.208854 0.449074 0.011458 0.033333
0 0.197135 0.387037 0.009896 0.035185
0 0.229427 0.386574 0.009896 0.026852
0 0.235677 0.358333 0.010937 0.024074
0 0.222917 0.371296 0.007292 0.035185
0 0.210156 0.371759 0.007812 0.037963
0 0.220573 0.317593 0.005729 0.025926
0 0.214062 0.319907 0.007292 0.037963
0 0.220312 0.333796 0.008333 0.017593
0 0.278646 0.268056 0.008333 0.013889
0 0.233854 0.269444 0.006250 0.014815
0 0.216667 0.254167 0.006250 0.015741
0 0.221354 0.349074 0.008333 0.018519
0 0.278646 0.281944 0.006250 0.017593
0 0.234896 0.283333 0.005208 0.016667
0 0.217708 0.268519 0.008333 0.018519
0 0.208073 0.291667 0.006771 0.016667
0 0.205990 0.310648 0.006771 0.019444
0 0.208073 0.217130 0.005729 0.025000
0 0.206250 0.222685 0.005208 0.013889
0 0.219531 0.202778 0.004687 0.027778
0 0.214062 0.197222 0.004167 0.024074
0 0.199740 0.200463 0.004687 0.023148
0 0.192969 0.203241 0.006771 0.025000
0 0.195833 0.193519 0.004167 0.020370
0 0.243229 0.192130 0.005208 0.025000
0 0.255729 0.156481 0.028125 0.020370
0 0.253646 0.150000 0.027083 0.020370
0 0.252865 0.139815 0.023438 0.016667
0 0.223438 0.175000 0.029167 0.016667
0 0.213542 0.168056 0.029167 0.015741
0 0.201302 0.161574 0.027604 0.023148
0 0.215625 0.131019 0.059375 0.043519
0 0.200000 0.106481 0.019792 0.011111
0 0.194271 0.104630 0.014583 0.011111
0 0.257552 0.116667 0.003646 0.018519
0 0.262240 0.106481 0.027604 0.031481
0 0.245833 0.107870 0.011458 0.015741
0 0.236458 0.102778 0.010417 0.011111
0 0.225781 0.096759 0.010937 0.015741
0 0.216146 0.091204 0.008333 0.012037
0 0.247396 0.100463 0.007292 0.012037
0 0.249740 0.093056 0.007812 0.012037
0 0.241927 0.095370 0.008854 0.009259
0 0.242188 0.089815 0.010417 0.011111
0 0.225521 0.087963 0.009375 0.011111
0 0.234896 0.086111 0.010417 0.012963
0 0.226302 0.081944 0.010937 0.012037
0 0.219010 0.079167 0.010937 0.008333
0 0.194792 0.081481 0.008333 0.011111
0 0.203646 0.080556 0.008333 0.011111
0 0.205469 0.072222 0.004687 0.007407
