0 0.163542 0.440741 0.031250 0.033333
0 0.230729 0.424074 0.044792 0.033333
0 0.357812 0.498148 0.048958 0.037037
0 0.131250 0.613889 0.035417 0.031481
0 0.134896 0.607407 0.011458 0.025926
0 0.131771 0.602778 0.011458 0.024074
0 0.495833 0.325926 0.031250 0.029630
0 0.560417 0.435185 0.035417 0.033333
0 0.591146 0.405556 0.034375 0.029630
0 0.646875 0.390741 0.035417 0.029630
0 0.641146 0.372222 0.036458 0.022222
0 0.710417 0.389815 0.037500 0.031481
0 0.712500 0.372222 0.033333 0.022222
0 0.545312 0.315741 0.032292 0.020370
0 0.731250 0.286111 0.027083 0.020370
0 0.962500 0.445370 0.022917 0.053704
0 0.972396 0.274074 0.026042 0.022222
0 0.812500 0.361111 0.004167 0.022222
0 0.681250 0.420370 0.006250 0.014815
0 0.681771 0.429630 0.011458 0.018519
0 0.787500 0.275926 0.004167 0.018519
0 0.479167 0.419444 0.131250 0.098148
0 0.553646 0.377778 0.123958 0.066667
0 0.617708 0.410185 0.045833 0.057407
0 0.535937 0.332407 0.034375 0.035185
0 0.659896 0.295370 0.009375 0.012963
0 0.658854 0.290741 0.005208 0.014815
0 0.674479 0.304630 0.011458 0.012963
0 0.673438 0.300000 0.005208 0.022222
0 0.688542 0.301852 0.008333 0.014815
0 0.688542 0.298148 0.004167 0.014815
0 0.743750 0.275000 0.022917 0.027778
0 0.756250 0.279630 0.006250 0.018519
0 0.895833 0.359259 0.008333 0.014815
0 0.896875 0.354630 0.006250 0.016667
