0 0.202604 0.568519 0.065625 0.107407
0 0.385417 0.582407 0.091667 0.124074
0 0.292187 0.712037 0.078125 0.142593
0 0.526563 0.198148 0.040625 0.070370
0 0.566146 0.307407 0.051042 0.074074
0 0.403125 0.450926 0.025000 0.046296
0 0.103125 0.395370 0.016667 0.027778
0 0.105729 0.402778 0.019792 0.031481
0 0.061979 0.298148 0.046875 0.081481
0 0.836458 0.583333 0.016667 0.037037
0 0.932813 0.313889 0.042708 0.087037
0 0.816667 0.104630 0.045833 0.075926
0 0.892708 0.071296 0.029167 0.050000
0 0.706771 0.099074 0.044792 0.057407
0 0.750000 0.043519 0.054167 0.050000
0 0.768750 0.117593 0.041667 0.061111
