0 0.444010 0.888889 0.016146 0.092593
0 0.457552 0.659259 0.016146 0.061111
0 0.457292 0.673148 0.031250 0.042593
0 0.512240 0.729630 0.029687 0.055556
0 0.560937 0.654167 0.022917 0.045370
0 0.248177 0.673148 0.046354 0.085185
0 0.032813 0.282407 0.025000 0.031481
0 0.288021 0.425000 0.007292 0.044444
0 0.115625 0.258333 0.012500 0.012963
0 0.138802 0.267130 0.018229 0.021296
0 0.125521 0.289815 0.023958 0.022222
0 0.125260 0.296759 0.023438 0.021296
0 0.142969 0.288889 0.020313 0.022222
0 0.148438 0.300000 0.023958 0.022222
0 0.162760 0.287500 0.020313 0.028704
0 0.173698 0.264815 0.017188 0.024074
0 0.195573 0.266667 0.015104 0.018519
0 0.212760 0.266667 0.016146 0.022222
0 0.236198 0.268519 0.016146 0.018519
0 0.287240 0.268056 0.014063 0.017593
0 0.310677 0.268056 0.011979 0.019444
0 0.345573 0.268519 0.011979 0.018519
0 0.338542 0.287037 0.014583 0.022222
0 0.318490 0.285185 0.013021 0.024074
0 0.296094 0.458796 0.067187 0.043519
0 0.359896 0.529630 0.189583 0.135185
0 0.627083 0.550000 0.078125 0.055556
0 0.663281 0.516204 0.074479 0.049074
0 0.799479 0.456019 0.065625 0.041667
0 0.911458 0.443519 0.064583 0.046296
0 0.503906 0.308796 0.034896 0.023148
0 0.606771 0.314815 0.005208 0.016667
0 0.597917 0.314815 0.006250 0.012963
0 0.416667 0.273148 0.009375 0.012963
0 0.425260 0.271296 0.007812 0.014815
0 0.515104 0.269444 0.007292 0.011111
0 0.516146 0.271759 0.003125 0.013889
0 0.529948 0.270833 0.015104 0.019444
0 0.546354 0.271296 0.008333 0.014815
0 0.558854 0.270370 0.015625 0.018519
0 0.575521 0.270833 0.015625 0.019444
0 0.592969 0.269444 0.015104 0.018519
0 0.607812 0.266667 0.014583 0.022222
0 0.622917 0.271296 0.015625 0.020370
0 0.637500 0.269444 0.017708 0.018519
0 0.652604 0.268056 0.017708 0.017593
0 0.668750 0.265278 0.016667 0.021296
0 0.677865 0.258333 0.034896 0.024074
0 0.665365 0.251389 0.019271 0.015741
0 0.617969 0.295833 0.031771 0.050926
0 0.656250 0.295833 0.032292 0.049074
0 0.665365 0.322685 0.011979 0.015741
0 0.673958 0.327315 0.005208 0.017593
0 0.694792 0.353704 0.012500 0.018519
0 0.689063 0.347685 0.015625 0.023148
0 0.685677 0.341667 0.014063 0.018519
0 0.796615 0.264352 0.018229 0.017593
0 0.791406 0.244444 0.006771 0.012963
0 0.770573 0.257870 0.016146 0.015741
0 0.780729 0.252778 0.016667 0.018519
0 0.772135 0.249074 0.016146 0.014815
0 0.760156 0.246759 0.017188 0.015741
0 0.746094 0.250463 0.018229 0.015741
0 0.733073 0.248611 0.020313 0.015741
0 0.719792 0.245370 0.019792 0.014815
0 0.744531 0.241204 0.020313 0.015741
0 0.737500 0.240278 0.022917 0.015741
0 0.731250 0.238426 0.022917 0.015741
0 0.723958 0.233333 0.019792 0.014815
0 0.722135 0.225000 0.017188 0.012963
0 0.702865 0.232407 0.020313 0.012963
0 0.696875 0.227778 0.019792 0.012963
0 0.703125 0.225926 0.016667 0.012963
0 0.695052 0.222685 0.019271 0.012037
0 0.692448 0.220833 0.019271 0.012037
0 0.709896 0.218981 0.018750 0.012037
0 0.681510 0.218981 0.018229 0.012037
0 0.680729 0.216667 0.016667 0.011111
0 0.690104 0.212500 0.015625 0.010185
0 0.700260 0.214815 0.016146 0.012963
0 0.725260 0.210185 0.018229 0.011111
0 0.730729 0.209722 0.014583 0.013889
0 0.741667 0.218056 0.017708 0.012037
0 0.746875 0.220370 0.017708 0.011111
0 0.758594 0.225926 0.020313 0.012963
