0 0.505208 0.534259 0.045833 0.087037
0 0.452083 0.504630 0.039583 0.075926
0 0.449479 0.296296 0.019792 0.040741
0 0.400000 0.243519 0.022917 0.042593
0 0.319271 0.331481 0.051042 0.048148
0 0.311979 0.312037 0.026042 0.050000
0 0.468750 0.183333 0.014583 0.022222
0 0.555729 0.419444 0.034375 0.061111
0 0.671875 0.554630 0.058333 0.087037
0 0.634375 0.476852 0.041667 0.087037
0 0.181250 0.504630 0.027083 0.031481
0 0.183854 0.496296 0.021875 0.029630
0 0.207813 0.457407 0.028125 0.037037
0 0.223438 0.431481 0.026042 0.029630
0 0.305208 0.389815 0.027083 0.053704
0 0.355208 0.315741 0.012500 0.031481
0 0.369792 0.262037 0.008333 0.024074
0 0.282292 0.314815 0.012500 0.029630
0 0.280208 0.319444 0.014583 0.020370
0 0.354167 0.320370 0.012500 0.029630
0 0.369792 0.267593 0.008333 0.020370
0 0.293750 0.291667 0.016667 0.024074
0 0.300521 0.278704 0.017708 0.024074
0 0.326562 0.227778 0.007292 0.022222
0 0.326042 0.233333 0.014583 0.022222
0 0.328646 0.228704 0.017708 0.020370
0 0.333854 0.224074 0.013542 0.022222
0 0.340625 0.200000 0.016667 0.025926
0 0.551042 0.503704 0.016667 0.040741
0 0.550521 0.501852 0.017708 0.040741
0 0.550521 0.511111 0.015625 0.051852
0 0.503125 0.344444 0.006250 0.018519
0 0.503646 0.338889 0.009375 0.029630
0 0.503646 0.343519 0.009375 0.031481
0 0.501042 0.314815 0.008333 0.022222
0 0.501563 0.318519 0.007292 0.022222
0 0.467187 0.234259 0.005208 0.020370
0 0.467187 0.237963 0.007292 0.020370
0 0.471354 0.213889 0.005208 0.016667
0 0.471875 0.218519 0.004167 0.014815
0 0.446354 0.181481 0.011458 0.018519
0 0.462500 0.164815 0.004167 0.011111
0 0.462500 0.167593 0.004167 0.012963
0 0.459896 0.151852 0.003125 0.011111
0 0.459375 0.155556 0.004167 0.011111
0 0.453125 0.138889 0.004167 0.007407
0 0.384375 0.172222 0.004167 0.011111
0 0.378646 0.172222 0.003125 0.011111
0 0.379688 0.155556 0.005208 0.011111
0 0.380208 0.152778 0.004167 0.012963
0 0.379167 0.167593 0.004167 0.012963
0 0.383854 0.169444 0.005208 0.012963
0 0.452604 0.136111 0.003125 0.009259
0 0.458333 0.133333 0.006250 0.014815
0 0.440625 0.128704 0.008333 0.012963
0 0.393750 0.137963 0.006250 0.012963
0 0.386979 0.131481 0.005208 0.014815
0 0.414062 0.123148 0.007292 0.009259
0 0.421354 0.117593 0.007292 0.005556
0 0.618750 0.713889 0.020833 0.053704
0 0.613542 0.708333 0.022917 0.061111
0 0.613542 0.717593 0.027083 0.079630
0 0.802604 0.862037 0.051042 0.083333
0 0.775000 0.804630 0.047917 0.061111
0 0.763021 0.777778 0.030208 0.055556
0 0.907292 0.773148 0.064583 0.068519
0 0.941146 0.810185 0.057292 0.068519
0 0.946875 0.824074 0.064583 0.051852
0 0.956250 0.843519 0.072917 0.057407
0 0.971354 0.867593 0.046875 0.068519
