0 0.891667 0.858333 0.015625 0.053704
0 0.880469 0.865278 0.020313 0.052778
0 0.882031 0.867593 0.017188 0.064815
0 0.861719 0.861574 0.016146 0.056481
0 0.912760 0.878241 0.027604 0.049074
0 0.945312 0.849537 0.015625 0.058333
0 0.817187 0.828241 0.031250 0.039815
0 0.817708 0.815741 0.040625 0.044444
0 0.889583 0.715741 0.029167 0.044444
0 0.744792 0.832870 0.061458 0.119444
0 0.659375 0.809259 0.055208 0.116667
0 0.630729 0.674074 0.044792 0.087037
0 0.613281 0.568981 0.036979 0.071296
0 0.287500 0.795833 0.017708 0.049074
0 0.287500 0.815278 0.021875 0.052778
0 0.285677 0.712500 0.015104 0.047222
0 0.302344 0.724537 0.023438 0.060185
0 0.326302 0.625926 0.035937 0.101852
0 0.343490 0.538889 0.032813 0.066667
0 0.351042 0.466667 0.019792 0.046296
0 0.380208 0.481944 0.013542 0.041667
0 0.380469 0.487037 0.011979 0.042593
0 0.358854 0.427778 0.019792 0.038889
0 0.369010 0.467130 0.010937 0.034259
0 0.367969 0.459259 0.008854 0.029630
0 0.374740 0.390741 0.028646 0.055556
0 0.427604 0.386111 0.028125 0.048148
0 0.395313 0.364815 0.007292 0.031481
0 0.396615 0.372685 0.017188 0.036111
0 0.412500 0.350926 0.007292 0.022222
0 0.412500 0.354167 0.007292 0.026852
0 0.378385 0.336111 0.007812 0.029630
0 0.401562 0.318519 0.021875 0.038889
0 0.414062 0.311111 0.006250 0.031481
0 0.464062 0.390741 0.022917 0.046296
0 0.450260 0.338889 0.026562 0.042593
0 0.386458 0.299537 0.005208 0.028704
0 0.384635 0.295833 0.004687 0.026852
0 0.451823 0.252315 0.005729 0.023148
0 0.452865 0.255093 0.010937 0.017593
0 0.408854 0.249537 0.007292 0.021296
0 0.411198 0.253704 0.013021 0.024074
0 0.436719 0.231944 0.005729 0.019444
0 0.436979 0.238426 0.005208 0.019444
0 0.446354 0.212037 0.006250 0.020370
0 0.446615 0.218519 0.005729 0.016667
0 0.407813 0.223148 0.016667 0.025926
0 0.436719 0.175926 0.004687 0.020370
0 0.429688 0.170833 0.008333 0.023148
0 0.451042 0.145370 0.004167 0.012963
0 0.451042 0.146759 0.009375 0.017593
0 0.454948 0.131019 0.009896 0.021296
0 0.426823 0.130556 0.015104 0.020370
0 0.432292 0.124537 0.003125 0.017593
0 0.431510 0.123148 0.003646 0.018519
0 0.462500 0.035185 0.014583 0.009259
0 0.449219 0.053241 0.004687 0.012037
0 0.450521 0.067130 0.004167 0.013889
0 0.461198 0.067593 0.016146 0.025926
0 0.457552 0.076389 0.011979 0.019444
0 0.463281 0.087037 0.009896 0.012963
0 0.466927 0.097685 0.010937 0.015741
0 0.470313 0.103704 0.007292 0.018519
0 0.469531 0.078704 0.008854 0.014815
0 0.473438 0.087500 0.009375 0.013889
0 0.485417 0.102778 0.011458 0.024074
0 0.515365 0.147685 0.002604 0.012037
0 0.516146 0.149537 0.003125 0.012037
0 0.515104 0.151389 0.004167 0.013889
0 0.517708 0.157870 0.004167 0.013889
0 0.517188 0.161574 0.004167 0.015741
0 0.521094 0.168981 0.004687 0.017593
0 0.521615 0.172685 0.005729 0.015741
0 0.533073 0.181019 0.004687 0.015741
0 0.532813 0.185648 0.004167 0.015741
0 0.536198 0.190741 0.004687 0.018519
0 0.535677 0.193981 0.004687 0.015741
0 0.543750 0.225926 0.017708 0.024074
0 0.549219 0.224074 0.006771 0.020370
0 0.532031 0.231481 0.006771 0.018519
0 0.532031 0.227315 0.004687 0.017593
0 0.497396 0.261111 0.016667 0.027778
0 0.491146 0.274537 0.007292 0.025000
0 0.490885 0.278704 0.010937 0.020370
0 0.528385 0.300000 0.019271 0.040741
0 0.523958 0.358333 0.007292 0.024074
0 0.523698 0.362500 0.007812 0.030556
0 0.551302 0.347685 0.006771 0.026852
0 0.551562 0.352778 0.008333 0.029630
0 0.539844 0.375000 0.006771 0.024074
0 0.539844 0.378704 0.008854 0.027778
0 0.543750 0.413889 0.007292 0.029630
0 0.544010 0.420833 0.008854 0.028704
0 0.521875 0.450926 0.006250 0.018519
0 0.522656 0.445833 0.007812 0.025000
0 0.522656 0.453704 0.008854 0.029630
0 0.551823 0.461111 0.009896 0.025926
0 0.551562 0.466667 0.009375 0.035185
0 0.575781 0.391204 0.006771 0.026852
0 0.575521 0.398148 0.007292 0.027778
0 0.882292 0.407870 0.050000 0.037963
0 0.859375 0.388889 0.043750 0.035185
0 0.804427 0.356944 0.056771 0.041667
0 0.782813 0.340741 0.039583 0.035185
0 0.719010 0.270833 0.032813 0.034259
0 0.706250 0.264352 0.037500 0.028704
0 0.705208 0.253704 0.032292 0.027778
0 0.700521 0.245833 0.033333 0.026852
0 0.692708 0.241667 0.035417 0.024074
0 0.689063 0.236574 0.036458 0.021296
0 0.690625 0.227778 0.035417 0.020370
0 0.683073 0.222685 0.030729 0.021296
0 0.679688 0.210185 0.029167 0.024074
0 0.673438 0.207870 0.028125 0.019444
0 0.640104 0.182407 0.022917 0.027778
0 0.627865 0.143056 0.011979 0.025000
