0 0.729779 0.875817 0.108088 0.240523
0 0.605882 0.774510 0.083824 0.226144
0 0.467279 0.796732 0.061029 0.249673
0 0.648162 0.416340 0.050735 0.121569
0 0.474265 0.426797 0.048529 0.137255
0 0.394853 0.408497 0.044118 0.139869
0 0.539338 0.273203 0.046324 0.086275
0 0.459926 0.246405 0.041912 0.113725
0 0.461397 0.139869 0.034559 0.081046
0 0.398529 0.125490 0.032353 0.099346
0 0.343015 0.192157 0.037500 0.086275
0 0.356250 0.061438 0.033088 0.067974
0 0.447059 0.043137 0.033824 0.062745
0 0.750000 0.111111 0.011765 0.047059
0 0.223897 0.379739 0.049265 0.145098
0 0.159926 0.281699 0.047794 0.126797
0 0.198162 0.183007 0.046324 0.099346
0 0.214706 0.124183 0.038235 0.086275
0 0.183824 0.056209 0.072059 0.065359
0 0.045956 0.140523 0.087500 0.058824
0 0.112868 0.026144 0.044853 0.036601
0 0.175735 0.037255 0.076471 0.053595
0 0.262500 0.049020 0.017647 0.043137
0 0.027941 0.271242 0.045588 0.043137
