0 0.903676 0.131373 0.011765 0.043137
0 0.914706 0.113725 0.013235 0.041830
0 0.896691 0.141176 0.025735 0.028758
0 0.924632 0.126797 0.009559 0.041830
0 0.943750 0.133333 0.011029 0.047059
0 0.957721 0.139216 0.016912 0.056209
0 0.884926 0.224183 0.087500 0.171242
0 0.765809 0.033333 0.040441 0.061438
0 0.359926 0.066013 0.112500 0.092810
0 0.389338 0.026797 0.011029 0.037908
0 0.363971 0.152288 0.083824 0.124183
0 0.391912 0.343791 0.107353 0.227451
0 0.533088 0.369935 0.076471 0.198693
0 0.572059 0.033333 0.008824 0.043137
0 0.577574 0.037255 0.006618 0.050980
0 0.727574 0.334641 0.015441 0.070588
0 0.734559 0.394771 0.025000 0.075817
0 0.700000 0.381699 0.017647 0.073203
0 0.702941 0.364706 0.014706 0.070588
0 0.720956 0.576471 0.255147 0.222222
0 0.129044 0.219608 0.025735 0.052288
0 0.124632 0.026797 0.012500 0.045752
0 0.114706 0.030065 0.013235 0.047059
0 0.105882 0.028105 0.011765 0.050980
0 0.093015 0.027451 0.012500 0.047059
0 0.080147 0.030719 0.011765 0.048366
0 0.073529 0.023529 0.010294 0.044444
0 0.046691 0.024837 0.013971 0.047059
0 0.048529 0.092157 0.008824 0.048366
0 0.052574 0.105229 0.013971 0.056209
0 0.048162 0.133987 0.019853 0.061438
0 0.019118 0.122876 0.016176 0.060131
0 0.006618 0.124183 0.013235 0.052288
0 0.097794 0.103268 0.072059 0.107190
0 0.149265 0.142484 0.114706 0.120261
