0 0.807813 0.495370 0.011458 0.020370
0 0.807813 0.493519 0.007292 0.024074
0 0.767708 0.430556 0.006250 0.020370
0 0.704688 0.460185 0.005208 0.016667
0 0.876563 0.421296 0.005208 0.016667
0 0.899479 0.425926 0.005208 0.018519
0 0.922917 0.426852 0.004167 0.020370
0 0.707292 0.299074 0.018750 0.012963
0 0.746354 0.331481 0.019792 0.018519
0 0.781771 0.318519 0.019792 0.011111
0 0.805208 0.325000 0.016667 0.012963
0 0.781771 0.295370 0.017708 0.012963
0 0.859375 0.290741 0.014583 0.011111
0 0.873437 0.290741 0.013542 0.011111
0 0.891146 0.289815 0.015625 0.012963
0 0.565625 0.313889 0.018750 0.012963
0 0.457813 0.347222 0.005208 0.016667
0 0.476042 0.438889 0.006250 0.018519
0 0.477604 0.573148 0.005208 0.027778
0 0.433854 0.812963 0.007292 0.037037
0 0.424479 0.674074 0.007292 0.025926
0 0.425000 0.667593 0.008333 0.024074
0 0.342187 0.796296 0.009375 0.029630
0 0.388542 0.666667 0.025000 0.051852
0 0.066146 0.761111 0.009375 0.037037
0 0.232292 0.709259 0.035417 0.066667
0 0.296354 0.522222 0.019792 0.033333
0 0.447917 0.313889 0.016667 0.016667
0 0.469792 0.316667 0.004167 0.018519
0 0.425521 0.306481 0.011458 0.016667
0 0.416146 0.456481 0.013542 0.024074
0 0.381250 0.388889 0.020833 0.018519
0 0.359375 0.286111 0.008333 0.012963
0 0.362500 0.250926 0.008333 0.009259
0 0.379167 0.256481 0.008333 0.009259
0 0.407292 0.250926 0.006250 0.009259
0 0.419792 0.247222 0.006250 0.009259
0 0.390625 0.248148 0.006250 0.007407
0 0.441146 0.255556 0.013542 0.011111
0 0.444792 0.248148 0.006250 0.007407
0 0.400000 0.259259 0.006250 0.011111
0 0.395833 0.275000 0.008333 0.009259
0 0.392188 0.285185 0.007292 0.011111
0 0.389583 0.312037 0.008333 0.012963
0 0.409896 0.276852 0.007292 0.009259
0 0.367188 0.320370 0.009375 0.014815
0 0.391146 0.334259 0.011458 0.012963
0 0.408854 0.319444 0.007292 0.012963
0 0.407292 0.309259 0.006250 0.018519
0 0.402604 0.298148 0.007292 0.011111
0 0.381250 0.475926 0.004167 0.018519
0 0.381771 0.471296 0.005208 0.016667
0 0.280729 0.469444 0.005208 0.016667
0 0.280208 0.466667 0.004167 0.014815
0 0.280729 0.465741 0.005208 0.016667
