0 0.258824 0.181699 0.032353 0.086275
0 0.915809 0.095425 0.025735 0.067974
0 0.893382 0.126144 0.038235 0.071895
0 0.865809 0.081699 0.019853 0.071895
0 0.921691 0.187582 0.049265 0.058824
0 0.872059 0.716340 0.195588 0.209150
0 0.818382 0.526144 0.164706 0.160784
0 0.708456 0.540523 0.024265 0.082353
0 0.720588 0.548366 0.027941 0.084967
0 0.697426 0.456209 0.049265 0.062745
0 0.703676 0.454248 0.026471 0.077124
0 0.801471 0.075163 0.022059 0.069281
0 0.833456 0.048366 0.021324 0.073203
0 0.834559 0.058170 0.023529 0.074510
0 0.755515 0.037255 0.015441 0.064052
0 0.762868 0.045752 0.018382 0.075817
0 0.751471 0.086275 0.025000 0.075817
0 0.748162 0.162745 0.041912 0.079739
0 0.677206 0.113725 0.019118 0.067974
0 0.710294 0.201307 0.023529 0.075817
0 0.644485 0.271895 0.016912 0.078431
0 0.655515 0.320261 0.130147 0.159477
0 0.593750 0.259477 0.018382 0.079739
0 0.565809 0.259477 0.012500 0.079739
0 0.502206 0.221569 0.025000 0.082353
0 0.615074 0.044444 0.019853 0.067974
0 0.593750 0.052941 0.027206 0.058824
0 0.591912 0.095425 0.022059 0.078431
0 0.568015 0.074510 0.013971 0.081046
0 0.561765 0.116993 0.016176 0.087582
0 0.544118 0.103922 0.022059 0.082353
0 0.548897 0.137908 0.018382 0.077124
0 0.525368 0.114379 0.011029 0.069281
0 0.366544 0.105229 0.050735 0.053595
0 0.401838 0.047712 0.016912 0.079739
0 0.404779 0.033987 0.015441 0.067974
0 0.424632 0.049020 0.013971 0.069281
0 0.466176 0.034641 0.032353 0.053595
