0 0.177857 0.420476 0.174286 0.294286
0 0.339643 0.322857 0.033571 0.072381
0 0.356429 0.117619 0.022857 0.052381
0 0.332857 0.272381 0.020000 0.059048
0 0.357500 0.097619 0.012143 0.052381
0 0.693214 0.117143 0.016429 0.074286
0 0.675357 0.115714 0.015000 0.073333
0 0.636429 0.125238 0.051429 0.132381
0 0.731071 0.094762 0.045000 0.048571
0 0.735357 0.161429 0.025000 0.067619
0 0.751071 0.148095 0.029286 0.056190
0 0.617500 0.266190 0.060714 0.054286
0 0.452500 0.289524 0.097857 0.186667
0 0.536429 0.383333 0.078571 0.195238
0 0.413929 0.554762 0.095000 0.233333
0 0.508571 0.653333 0.097143 0.274286
