0 0.558571 0.576190 0.080000 0.095238
0 0.426786 0.720952 0.080714 0.129524
0 0.423214 0.408571 0.060714 0.064762
0 0.236429 0.478095 0.057143 0.080000
0 0.270357 0.436667 0.050714 0.071429
0 0.178214 0.291429 0.039286 0.051429
0 0.232500 0.247143 0.040714 0.039048
0 0.109643 0.195714 0.030714 0.035238
0 0.072857 0.209048 0.034286 0.042857
0 0.057500 0.130476 0.029286 0.034286
0 0.323929 0.244762 0.037857 0.041905
0 0.243214 0.198571 0.039286 0.040952
0 0.100357 0.098095 0.025000 0.030476
0 0.030357 0.100476 0.023571 0.029524
0 0.921429 0.664762 0.054286 0.110476
0 0.861429 0.361905 0.068571 0.041905
0 0.800714 0.328571 0.065714 0.036190
0 0.886429 0.320952 0.068571 0.040000
0 0.184286 0.123810 0.072857 0.081905
0 0.083929 0.323810 0.015000 0.030476
0 0.201429 0.850476 0.031429 0.038095
0 0.252857 0.738095 0.022857 0.038095
0 0.247500 0.729524 0.017857 0.026667
0 0.197143 0.844762 0.021429 0.032381
0 0.418571 0.226190 0.021429 0.018095
0 0.423571 0.256190 0.015714 0.019048
0 0.303214 0.163810 0.016429 0.015238
0 0.417143 0.218571 0.010000 0.020000
0 0.424643 0.249048 0.009286 0.018095
0 0.302857 0.156667 0.007143 0.018095
