0 0.612857 0.754442 0.020000 0.054569
0 0.518571 0.776650 0.018571 0.050761
0 0.541429 0.672589 0.017143 0.043147
0 0.592143 0.604061 0.017143 0.040609
0 0.460000 0.559645 0.012857 0.027919
0 0.663571 0.685279 0.037143 0.032995
0 0.559643 0.532995 0.005000 0.020305
0 0.472857 0.420685 0.010000 0.019036
0 0.558929 0.392766 0.009286 0.016497
0 0.583571 0.374365 0.021429 0.012690
0 0.489286 0.361675 0.008571 0.015228
0 0.479643 0.355330 0.007857 0.015228
0 0.510357 0.385787 0.009286 0.022843
0 0.480714 0.327411 0.007143 0.017766
0 0.507857 0.305203 0.007143 0.013959
0 0.492500 0.304569 0.006429 0.012690
0 0.535000 0.305203 0.008571 0.016497
0 0.508214 0.285533 0.005000 0.012690
0 0.517500 0.269670 0.006429 0.013959
0 0.487143 0.243655 0.005714 0.010152
0 0.515357 0.225254 0.005000 0.011421
0 0.494643 0.218909 0.005000 0.008883
0 0.509286 0.209391 0.005714 0.010152
0 0.507143 0.197970 0.004286 0.007614
0 0.497857 0.182741 0.004286 0.007614
0 0.520000 0.185914 0.002857 0.006345
0 0.512857 0.177665 0.004286 0.005076
0 0.518929 0.173223 0.003571 0.008883
0 0.492500 0.165609 0.003571 0.006345
0 0.631429 0.683376 0.004286 0.021574
0 0.637857 0.683376 0.004286 0.021574
0 0.673214 0.621193 0.005000 0.021574
0 0.603214 0.527284 0.003571 0.016497
0 0.587500 0.448604 0.003571 0.013959
0 0.666786 0.333122 0.019286 0.016497
0 0.629286 0.336294 0.017143 0.015228
0 0.739643 0.331218 0.013571 0.010152
0 0.653214 0.645305 0.032143 0.031726
0 0.651071 0.621827 0.036429 0.040609
