0 0.161429 0.378095 0.025714 0.055238
0 0.201429 0.261905 0.015714 0.051429
0 0.351786 0.310476 0.049286 0.095238
0 0.366071 0.228095 0.045000 0.082857
0 0.297143 0.288095 0.061429 0.105714
0 0.324286 0.188095 0.045714 0.073333
0 0.345000 0.124762 0.038571 0.059048
0 0.306429 0.094286 0.034286 0.060952
0 0.359286 0.074286 0.031429 0.041905
0 0.367143 0.033810 0.032857 0.040952
0 0.317857 0.047619 0.031429 0.055238
0 0.576071 0.032857 0.033571 0.042857
0 0.542857 0.078571 0.034286 0.046667
0 0.545357 0.133333 0.042143 0.055238
0 0.620714 0.167143 0.085714 0.193333
0 0.658214 0.350476 0.060714 0.102857
0 0.588214 0.086190 0.027857 0.040952
0 0.726071 0.228095 0.050714 0.065714
0 0.765357 0.312381 0.075000 0.091429
0 0.813929 0.411905 0.076429 0.103810
0 0.759643 0.465714 0.080714 0.129524
0 0.873214 0.580476 0.112143 0.168571
0 0.505357 0.499524 0.026429 0.061905
0 0.373571 0.703810 0.022857 0.062857
0 0.347500 0.697619 0.023571 0.061905
0 0.358929 0.639048 0.022143 0.070476
0 0.331071 0.445714 0.082143 0.150476
0 0.267143 0.385714 0.061429 0.131429
0 0.188929 0.471429 0.055000 0.038095
0 0.120714 0.630476 0.102857 0.184762
