0 0.688214 0.042513 0.030714 0.052030
0 0.408571 0.977792 0.014286 0.034264
0 0.390000 0.965102 0.014286 0.036802
0 0.368929 0.930203 0.010714 0.030457
0 0.383571 0.923858 0.011429 0.032995
0 0.428214 0.823604 0.010714 0.040609
0 0.419286 0.820431 0.007143 0.036802
0 0.733571 0.840102 0.011429 0.030457
0 0.761071 0.801396 0.013571 0.039340
0 0.595357 0.477157 0.009286 0.025381
0 0.540357 0.307741 0.010714 0.019036
0 0.415000 0.220178 0.007143 0.026650
0 0.439286 0.213832 0.008571 0.031726
0 0.466429 0.256345 0.005714 0.017766
0 0.466071 0.210660 0.007857 0.030457
0 0.408929 0.219543 0.006429 0.032995
0 0.403214 0.222081 0.007857 0.032995
0 0.435357 0.145939 0.007857 0.032995
0 0.570357 0.042513 0.005000 0.031726
0 0.576429 0.053934 0.004286 0.029188
0 0.577143 0.042513 0.005714 0.021574
0 0.506071 0.024746 0.009286 0.016497
0 0.505357 0.018401 0.006429 0.011421
0 0.454286 0.152919 0.008571 0.019036
0 0.454643 0.145305 0.006429 0.024112
0 0.457143 0.250000 0.008571 0.022843
0 0.456786 0.241751 0.007857 0.024112
