0 0.265714 0.321429 0.028571 0.025714
0 0.276429 0.303810 0.024286 0.020952
0 0.316429 0.412857 0.025714 0.016190
0 0.315357 0.436667 0.029286 0.018095
0 0.520357 0.248571 0.012143 0.040000
0 0.457857 0.729524 0.011429 0.040000
0 0.456429 0.979524 0.020000 0.020000
0 0.526429 0.821905 0.005714 0.015238
0 0.550714 0.732381 0.018571 0.078095
0 0.671071 0.936667 0.020714 0.096190
0 0.447500 0.509048 0.023571 0.020000
0 0.541786 0.168095 0.019286 0.090476
0 0.419643 0.152381 0.019286 0.038095
0 0.495000 0.030952 0.010000 0.012381
0 0.514643 0.030000 0.006429 0.016190
0 0.651071 0.067143 0.015000 0.039048
0 0.669643 0.296190 0.012143 0.038095
0 0.651429 0.290952 0.011429 0.039048
0 0.745714 0.083810 0.014286 0.041905
0 0.731071 0.385238 0.015000 0.040952
0 0.675714 0.456190 0.007143 0.015238
0 0.835714 0.589048 0.028571 0.020000
0 0.847857 0.650476 0.024286 0.017143
0 0.851071 0.676667 0.027857 0.018095
0 0.851786 0.692381 0.023571 0.017143
0 0.844286 0.753333 0.030000 0.017143
0 0.773929 0.830952 0.016429 0.039048
0 0.895357 0.888095 0.029286 0.016190
0 0.924643 0.886190 0.027857 0.020000
0 0.798214 0.834286 0.012143 0.036190
