0 0.713929 0.820952 0.119286 0.295238
0 0.198214 0.858095 0.215000 0.140952
0 0.250357 0.548095 0.162143 0.094286
0 0.136071 0.553333 0.030714 0.076190
0 0.097857 0.565714 0.038571 0.080000
0 0.102857 0.391429 0.024286 0.053333
0 0.104286 0.263333 0.022857 0.046667
0 0.148571 0.262381 0.044286 0.039048
0 0.202857 0.232381 0.030000 0.047619
0 0.220357 0.198095 0.027857 0.049524
0 0.231429 0.161905 0.024286 0.051429
0 0.342857 0.105714 0.017143 0.051429
0 0.325000 0.092857 0.015714 0.048571
0 0.334643 0.082857 0.013571 0.049524
0 0.260357 0.396667 0.140714 0.073333
0 0.277143 0.330476 0.128571 0.074286
0 0.276429 0.274762 0.120000 0.065714
0 0.287500 0.226667 0.099286 0.053333
0 0.291786 0.182857 0.099286 0.055238
0 0.297857 0.145238 0.108571 0.058095
0 0.483214 0.457619 0.075000 0.183810
0 0.672143 0.322857 0.068571 0.140952
0 0.733214 0.213810 0.019286 0.044762
0 0.741429 0.214286 0.025714 0.036190
0 0.731071 0.216190 0.042143 0.040000
