0 0.103601 0.739332 0.042276 0.100186
0 0.256524 0.546846 0.028706 0.099258
0 0.341597 0.545918 0.025574 0.091837
0 0.411795 0.527829 0.020877 0.085343
0 0.484342 0.522263 0.019833 0.090909
0 0.518528 0.514842 0.032881 0.085343
0 0.550365 0.512987 0.030793 0.094620
0 0.584551 0.510668 0.029228 0.095547
0 0.618998 0.516234 0.027140 0.101113
0 0.681367 0.515306 0.027662 0.095547
0 0.767223 0.569573 0.011482 0.027829
0 0.777923 0.585807 0.012004 0.025046
0 0.783142 0.515306 0.034969 0.095547
0 0.820720 0.504174 0.025574 0.073284
0 0.870825 0.506030 0.039144 0.099258
