0 0.156786 0.489048 0.115000 0.157143
0 0.302500 0.790476 0.166429 0.156190
0 0.372143 0.711429 0.154286 0.146667
0 0.546786 0.368571 0.105000 0.110476
0 0.601786 0.336190 0.109286 0.120000
0 0.598571 0.472381 0.020000 0.051429
0 0.688214 0.292381 0.026429 0.057143
0 0.587143 0.250476 0.030000 0.030476
0 0.819286 0.440476 0.074286 0.126667
0 0.835357 0.322857 0.053571 0.121905
0 0.771786 0.171429 0.015000 0.060952
0 0.761071 0.108571 0.017857 0.051429
0 0.744286 0.110952 0.017143 0.048571
0 0.706786 0.083810 0.016429 0.055238
0 0.709643 0.051429 0.010714 0.057143
0 0.705714 0.044762 0.015714 0.043810
0 0.890000 0.113810 0.062857 0.084762
0 0.746786 0.574762 0.050714 0.040952
0 0.744643 0.660952 0.023571 0.034286
