0 0.227857 0.790609 0.015714 0.032995
0 0.246786 0.940355 0.016429 0.038071
0 0.282143 0.643401 0.014286 0.030457
0 0.314286 0.589467 0.014286 0.029188
0 0.339286 0.587563 0.012857 0.030457
0 0.325714 0.664975 0.017143 0.050761
0 0.335714 0.495558 0.014286 0.026650
0 0.327857 0.958756 0.017143 0.059645
0 0.345000 0.963198 0.017143 0.058376
0 0.358571 0.960660 0.011429 0.043147
0 0.370714 0.958122 0.014286 0.048223
0 0.415714 0.310279 0.012857 0.024112
0 0.338571 0.449873 0.011429 0.024112
0 0.399286 0.420685 0.010000 0.026650
0 0.391429 0.380076 0.012857 0.026650
0 0.379643 0.374365 0.017857 0.035533
0 0.491786 0.949873 0.003571 0.006345
0 0.392857 0.479061 0.014286 0.026650
0 0.460357 0.138959 0.020714 0.044416
0 0.487500 0.114213 0.009286 0.017766
0 0.489286 0.050127 0.020000 0.046954
0 0.550357 0.055203 0.009286 0.019036
0 0.589643 0.064721 0.007857 0.015228
0 0.785714 0.135152 0.010000 0.021574
