0 0.446503 0.625696 0.021399 0.023191
0 0.418319 0.499072 0.007829 0.033395
0 0.475992 0.499536 0.009395 0.021336
0 0.450939 0.242579 0.035491 0.021336
0 0.507829 0.298237 0.013570 0.036178
0 0.500783 0.366883 0.010960 0.038033
0 0.559499 0.460575 0.012526 0.041744
0 0.597599 0.504174 0.024008 0.062152
0 0.613257 0.623840 0.013570 0.060297
0 0.629436 0.695269 0.018789 0.069573
0 0.680585 0.580705 0.043841 0.044527
0 0.672234 0.495362 0.007307 0.024119
0 0.441284 0.359462 0.020355 0.013915
0 0.441806 0.345083 0.021399 0.014842
0 0.444937 0.383117 0.009916 0.022263
0 0.452244 0.398423 0.010960 0.023191
0 0.498956 0.491651 0.004175 0.022263
0 0.499217 0.499536 0.008873 0.026902
0 0.494520 0.941095 0.008873 0.036178
0 0.493737 0.943878 0.011482 0.064007
0 0.607255 0.846939 0.009916 0.029685
0 0.605950 0.851113 0.009395 0.043599
0 0.659186 0.937848 0.037578 0.074212
0 0.637526 0.532931 0.017223 0.023191
0 0.647182 0.522263 0.017745 0.027829
0 0.634134 0.502783 0.015658 0.020408
0 0.620564 0.490724 0.013570 0.020408
0 0.663622 0.431354 0.015136 0.018553
0 0.661273 0.429035 0.016701 0.017625
0 0.536013 0.166976 0.008351 0.022263
0 0.489040 0.222171 0.003132 0.019481
0 0.488779 0.167904 0.003653 0.018553
0 0.489040 0.172078 0.003132 0.015770
0 0.519050 0.029685 0.004697 0.014842
0 0.526096 0.016234 0.008351 0.019481
0 0.460334 0.148423 0.029228 0.018553
0 0.521138 0.064007 0.004697 0.016698
