0 0.047143 0.161905 0.064286 0.080000
0 0.113571 0.178571 0.061429 0.084762
0 0.183571 0.167143 0.051429 0.080952
0 0.233214 0.156667 0.050714 0.088571
0 0.279643 0.174762 0.042143 0.090476
0 0.327500 0.165238 0.043571 0.075238
0 0.243214 0.279048 0.055000 0.089524
0 0.127143 0.286667 0.078571 0.110476
0 0.296429 0.275238 0.045714 0.102857
0 0.347857 0.279048 0.047143 0.127619
0 0.502500 0.048571 0.080714 0.064762
0 0.463571 0.203333 0.054286 0.107619
0 0.541071 0.057143 0.009286 0.032381
0 0.518214 0.113333 0.012143 0.040000
0 0.538929 0.117143 0.010714 0.038095
0 0.502500 0.420952 0.072143 0.171429
0 0.605714 0.448095 0.018571 0.033333
0 0.678571 0.294286 0.057143 0.175238
0 0.646429 0.483333 0.017143 0.029524
0 0.673929 0.472857 0.016429 0.018095
0 0.668929 0.538095 0.015000 0.038095
0 0.701786 0.452381 0.042143 0.110476
0 0.705000 0.652857 0.060000 0.166667
0 0.877143 0.454762 0.072857 0.107619
0 0.844643 0.356667 0.073571 0.096190
0 0.821786 0.126667 0.019286 0.043810
0 0.807857 0.051905 0.012857 0.037143
0 0.785714 0.037143 0.021429 0.045714
0 0.196786 0.554286 0.067857 0.121905
0 0.148929 0.728095 0.100714 0.187619
