0 0.072857 0.442857 0.110000 0.059048
0 0.411071 0.806190 0.019286 0.040952
0 0.430714 0.784762 0.018571 0.043810
0 0.659643 0.655714 0.015000 0.042857
0 0.540714 0.283333 0.008571 0.021905
0 0.538929 0.288571 0.012143 0.036190
0 0.434643 0.047619 0.027857 0.059048
0 0.312857 0.261905 0.037143 0.078095
0 0.245714 0.274286 0.044286 0.074286
0 0.188571 0.258571 0.041429 0.065714
0 0.355357 0.261429 0.036429 0.094286
0 0.725714 0.038571 0.048571 0.054286
0 0.711071 0.031905 0.007857 0.031429
0 0.731786 0.346190 0.097857 0.065714
0 0.742143 0.429048 0.084286 0.086667
0 0.863571 0.692857 0.128571 0.263810
0 0.936071 0.670000 0.087857 0.124762
0 0.184643 0.190952 0.032143 0.023810
0 0.140714 0.322381 0.032857 0.031429
0 0.230000 0.210000 0.011429 0.027619
0 0.236429 0.209524 0.007143 0.015238
0 0.829286 0.343333 0.030000 0.031429
0 0.846786 0.397143 0.015000 0.041905
