0 0.025000 0.137056 0.037143 0.055838
0 0.072500 0.048858 0.039286 0.057107
0 0.196071 0.256345 0.037857 0.050761
0 0.261786 0.552030 0.033571 0.038071
0 0.346786 0.690355 0.095000 0.060914
0 0.436429 0.454315 0.035714 0.043147
0 0.398214 0.351523 0.032143 0.040609
0 0.364286 0.184010 0.035714 0.053299
0 0.418929 0.185279 0.035000 0.055838
0 0.526429 0.098350 0.027143 0.064721
0 0.549643 0.172589 0.017857 0.058376
0 0.662500 0.176396 0.033571 0.055838
0 0.676786 0.149746 0.033571 0.053299
0 0.695357 0.124365 0.032143 0.050761
0 0.562500 0.315990 0.075000 0.104061
0 0.685714 0.463832 0.034286 0.044416
0 0.658929 0.524112 0.035000 0.043147
0 0.716786 0.795685 0.050714 0.053299
0 0.771071 0.618020 0.033571 0.040609
0 0.850714 0.879442 0.034286 0.040609
0 0.921786 0.836294 0.033571 0.043147
0 0.949643 0.741751 0.036429 0.046954
0 0.830357 0.663706 0.036429 0.038071
0 0.881786 0.692893 0.039286 0.048223
0 0.931429 0.677030 0.097143 0.100254
0 0.790714 0.559010 0.012857 0.016497
0 0.792143 0.562183 0.005714 0.012690
0 0.985357 0.628807 0.025000 0.046954
0 0.940357 0.568528 0.022143 0.050761
0 0.921786 0.549492 0.025000 0.048223
0 0.960357 0.583122 0.025000 0.054569
0 0.875714 0.340102 0.065714 0.098985
0 0.796071 0.234137 0.082143 0.123096
0 0.741071 0.298223 0.037857 0.030457
0 0.760357 0.328680 0.039286 0.030457
0 0.786786 0.357234 0.040714 0.029188
0 0.808214 0.384518 0.035000 0.022843
0 0.852857 0.441624 0.038571 0.027919
0 0.827857 0.412437 0.034286 0.025381
