0 0.548929 0.833333 0.169286 0.184762
0 0.696429 0.852381 0.167143 0.180952
0 0.849643 0.637143 0.149286 0.140952
0 0.278214 0.815238 0.169286 0.165714
0 0.202143 0.617619 0.021429 0.058095
0 0.237143 0.582857 0.025714 0.057143
0 0.199286 0.609524 0.031429 0.038095
0 0.229286 0.600952 0.041429 0.041905
0 0.284643 0.601905 0.045000 0.038095
0 0.257857 0.559524 0.122857 0.067619
0 0.297143 0.521905 0.111429 0.066667
0 0.328929 0.486190 0.109286 0.060000
0 0.379643 0.518095 0.015000 0.055238
0 0.345000 0.389524 0.031429 0.026667
0 0.580000 0.521905 0.102857 0.091429
0 0.532857 0.496190 0.091429 0.074286
0 0.503214 0.467143 0.100714 0.065714
0 0.482857 0.435714 0.077143 0.048571
0 0.450714 0.415714 0.084286 0.054286
0 0.432857 0.394286 0.080000 0.041905
0 0.405357 0.376667 0.067857 0.042857
0 0.391071 0.360952 0.076429 0.038095
0 0.369643 0.345238 0.066429 0.042857
0 0.706786 0.453810 0.089286 0.063810
0 0.792143 0.442381 0.070000 0.071429
0 0.705357 0.403810 0.097857 0.080000
0 0.658571 0.383333 0.068571 0.056190
0 0.560000 0.331905 0.064286 0.048571
0 0.524286 0.325238 0.068571 0.046667
0 0.505357 0.310476 0.063571 0.038095
0 0.486429 0.298095 0.055714 0.038095
0 0.546429 0.290476 0.047143 0.036190
0 0.607500 0.256667 0.026429 0.035238
0 0.475000 0.239048 0.101429 0.085714
0 0.437857 0.260476 0.037143 0.042857
0 0.472857 0.281429 0.028571 0.033333
0 0.393214 0.253333 0.040714 0.034286
0 0.363571 0.233333 0.021429 0.028571
0 0.336429 0.222857 0.018571 0.028571
0 0.410357 0.228571 0.030714 0.026667
0 0.593214 0.205238 0.037857 0.029524
0 0.646071 0.219524 0.043571 0.025714
0 0.685714 0.210000 0.005714 0.025714
0 0.545357 0.191905 0.035000 0.021905
0 0.492500 0.178571 0.026429 0.020000
0 0.466786 0.169524 0.023571 0.020952
0 0.445000 0.163333 0.018571 0.016190
0 0.423214 0.156667 0.017857 0.018095
0 0.400357 0.150952 0.019286 0.016190
0 0.370357 0.142381 0.022143 0.018095
0 0.227143 0.096190 0.018571 0.017143
0 0.325000 0.122381 0.017143 0.012381
0 0.358571 0.120952 0.014286 0.009524
0 0.378214 0.127619 0.020714 0.009524
0 0.352143 0.133810 0.004286 0.016190
0 0.091071 0.520000 0.019286 0.049524
0 0.786429 0.545714 0.120000 0.078095
0 0.926429 0.404286 0.080000 0.067619
0 0.897500 0.405238 0.010714 0.039048
0 0.856786 0.378095 0.013571 0.040000
0 0.758571 0.315238 0.070000 0.045714
0 0.750357 0.258095 0.056429 0.028571
0 0.804643 0.262381 0.053571 0.031429
0 0.870000 0.263333 0.012857 0.033333
0 0.956786 0.282381 0.010714 0.033333
0 0.977857 0.311429 0.011429 0.028571
0 0.985714 0.262857 0.010000 0.030476
0 0.986429 0.296190 0.010000 0.030476
0 0.439286 0.646667 0.140000 0.110476
0 0.462857 0.722381 0.148571 0.130476
0 0.356429 0.621429 0.017143 0.061905
0 0.359286 0.632381 0.014286 0.049524
0 0.035714 0.429524 0.035714 0.055238
0 0.064643 0.419048 0.022143 0.051429
0 0.159286 0.370952 0.022857 0.035238
0 0.168214 0.356190 0.017857 0.040000
0 0.182857 0.346667 0.024286 0.040000
0 0.196071 0.337619 0.020714 0.042857
0 0.214286 0.301905 0.018571 0.053333
0 0.211071 0.323810 0.026429 0.038095
0 0.222500 0.316667 0.013571 0.033333
0 0.260000 0.299048 0.017143 0.041905
0 0.269643 0.290000 0.015000 0.031429
0 0.281071 0.281429 0.019286 0.033333
0 0.259286 0.270476 0.012857 0.026667
0 0.271786 0.265238 0.013571 0.025714
0 0.235357 0.448571 0.020714 0.032381
0 0.248214 0.447143 0.022143 0.023810
0 0.216429 0.472857 0.024286 0.029524
0 0.223929 0.467619 0.019286 0.038095
0 0.202500 0.444762 0.020714 0.051429
0 0.177857 0.523810 0.018571 0.036190
0 0.165357 0.521429 0.017857 0.031429
0 0.052500 0.519048 0.020714 0.034286
0 0.075000 0.516190 0.017143 0.043810
0 0.045714 0.533333 0.015714 0.041905
0 0.062143 0.530952 0.017143 0.042857
0 0.044643 0.554762 0.015000 0.025714
0 0.058929 0.548571 0.023571 0.032381
0 0.045000 0.589524 0.018571 0.036190
0 0.042500 0.582857 0.019286 0.040000
0 0.069643 0.579524 0.019286 0.033333
0 0.105000 0.566190 0.022857 0.037143
0 0.106071 0.574762 0.019286 0.035238
