0 0.134134 0.565399 0.033403 0.084416
0 0.158925 0.519481 0.036013 0.072356
0 0.178758 0.453154 0.041232 0.071429
0 0.059238 0.120594 0.018267 0.031540
0 0.062630 0.164657 0.024008 0.028757
0 0.043580 0.324212 0.028706 0.051020
0 0.072286 0.262523 0.026618 0.053803
0 0.028445 0.370130 0.016180 0.029685
0 0.148486 0.412338 0.008873 0.015770
0 0.152923 0.401670 0.011482 0.014842
0 0.140658 0.445269 0.016180 0.016698
0 0.152662 0.405380 0.021399 0.038961
0 0.026618 0.845547 0.040710 0.102968
0 0.350731 0.633117 0.059499 0.123377
0 0.279489 0.212894 0.029749 0.049165
0 0.862735 0.051484 0.008351 0.021336
0 0.874739 0.034323 0.015658 0.018553
0 0.875000 0.075603 0.013048 0.015770
0 0.873434 0.078386 0.026618 0.021336
0 0.800365 0.266698 0.028706 0.089981
0 0.775574 0.326531 0.030271 0.079777
0 0.729645 0.726345 0.045929 0.100186
0 0.362996 0.918367 0.016180 0.035250
0 0.361691 0.921150 0.010438 0.022263
