0 0.190000 0.368571 0.201429 0.325714
0 0.040357 0.540952 0.080714 0.160000
0 0.076429 0.356667 0.074286 0.109524
0 0.140357 0.271905 0.070714 0.092381
0 0.205000 0.175238 0.058571 0.072381
0 0.243929 0.119524 0.049286 0.052381
0 0.199286 0.078095 0.017143 0.036190
0 0.285000 0.043333 0.050000 0.086667
0 0.191071 0.037619 0.069286 0.029524
0 0.315714 0.022857 0.025714 0.036190
0 0.433571 0.009048 0.010000 0.018095
0 0.534286 0.010476 0.007143 0.020952
0 0.650000 0.197143 0.012857 0.043810
0 0.449286 0.111429 0.037143 0.055238
0 0.538929 0.031905 0.025000 0.039048
0 0.568929 0.022857 0.026429 0.032381
0 0.570000 0.051429 0.031429 0.040000
0 0.575000 0.087619 0.034286 0.047619
0 0.581071 0.130476 0.032143 0.045714
0 0.610714 0.170000 0.088571 0.050476
0 0.546071 0.242857 0.045000 0.076190
0 0.602143 0.364762 0.051429 0.102857
0 0.525357 0.436667 0.059286 0.122857
0 0.600000 0.507619 0.065714 0.137143
0 0.524286 0.595714 0.074286 0.181905
0 0.606071 0.769524 0.082143 0.234286
0 0.258214 0.837143 0.132143 0.272381
0 0.874643 0.791429 0.067857 0.045714
0 0.883929 0.777619 0.022143 0.054286
0 0.975714 0.860000 0.045714 0.118095
0 0.812857 0.651429 0.071429 0.043810
0 0.860357 0.637619 0.047857 0.037143
0 0.819643 0.608571 0.046429 0.024762
0 0.820000 0.588571 0.041429 0.034286
0 0.823571 0.575238 0.044286 0.024762
0 0.812143 0.544286 0.050000 0.040952
0 0.724286 0.212857 0.011429 0.040952
0 0.697500 0.204762 0.033571 0.028571
0 0.704286 0.146190 0.007143 0.037143
0 0.616429 0.220000 0.010000 0.036190
0 0.600714 0.282381 0.027143 0.048571
