0 0.411071 0.281091 0.029286 0.115482
0 0.341786 0.268401 0.065000 0.052030
0 0.510714 0.295685 0.028571 0.111675
0 0.604643 0.302665 0.027857 0.115482
0 0.665714 0.302665 0.031429 0.105330
0 0.713571 0.295685 0.028571 0.111675
0 0.762143 0.298858 0.031429 0.125635
0 0.551071 0.282360 0.027857 0.123096
0 0.967857 0.303299 0.034286 0.114213
0 0.166429 0.575508 0.067143 0.049492
0 0.121429 0.498096 0.065714 0.052030
0 0.113571 0.677665 0.062857 0.060914
0 0.141071 0.827411 0.027857 0.109137
0 0.178571 0.826142 0.031429 0.101523
0 0.225714 0.821066 0.030000 0.114213
0 0.268929 0.827411 0.027857 0.111675
0 0.304286 0.828046 0.031429 0.112944
0 0.343214 0.833756 0.027857 0.114213
0 0.385357 0.855330 0.033571 0.111675
0 0.530714 0.840736 0.028571 0.123096
0 0.571071 0.845178 0.026429 0.111675
0 0.607857 0.829949 0.027143 0.109137
0 0.645357 0.829949 0.026429 0.114213
0 0.705714 0.843909 0.028571 0.098985
0 0.751071 0.834391 0.030714 0.105330
0 0.832857 0.828046 0.030000 0.112944
0 0.900357 0.832487 0.027857 0.109137
0 0.937857 0.818528 0.037143 0.111675
0 0.974286 0.830584 0.032857 0.120558
0 0.869643 0.824239 0.030714 0.100254
0 0.145000 0.293147 0.057143 0.116751
0 0.104643 0.253173 0.063571 0.049492
0 0.032500 0.263959 0.056429 0.053299
0 0.076786 0.814721 0.032143 0.104061
0 0.041786 0.818528 0.029286 0.109137
0 0.271786 0.376904 0.016429 0.020305
0 0.273571 0.357234 0.014286 0.019036
0 0.620000 0.675761 0.012857 0.016497
0 0.619286 0.709391 0.007143 0.017766
0 0.663571 0.769036 0.012857 0.022843
0 0.792143 0.806472 0.012857 0.021574
0 0.803214 0.924492 0.012143 0.026650
0 0.776071 0.985406 0.016429 0.026650
0 0.938571 0.747462 0.015714 0.020305
0 0.927143 0.732868 0.017143 0.024112
0 0.815357 0.268401 0.015000 0.024112
0 0.806071 0.267132 0.009286 0.036802
0 0.781071 0.831218 0.010714 0.040609
