0 0.009286 0.158629 0.018571 0.022843
0 0.023571 0.134518 0.021429 0.025381
0 0.049286 0.101523 0.015714 0.012690
0 0.073214 0.070431 0.019286 0.021574
0 0.456429 0.057741 0.014286 0.046954
0 0.498571 0.046954 0.007143 0.017766
0 0.480357 0.175127 0.015000 0.063452
0 0.494286 0.168782 0.008571 0.020305
0 0.493571 0.191624 0.008571 0.025381
0 0.494286 0.219543 0.010000 0.020305
0 0.463214 0.236675 0.017857 0.019036
0 0.493929 0.265228 0.025000 0.020305
0 0.481786 0.277919 0.026429 0.020305
0 0.450714 0.254442 0.018571 0.019036
0 0.437143 0.308376 0.011429 0.025381
0 0.418571 0.312183 0.010000 0.025381
0 0.402143 0.300127 0.011429 0.026650
0 0.432857 0.353426 0.012857 0.029188
0 0.414643 0.347716 0.012143 0.030457
0 0.410714 0.395305 0.012857 0.031726
0 0.430714 0.395305 0.014286 0.036802
0 0.397857 0.332487 0.014286 0.035533
0 0.407143 0.449873 0.014286 0.036802
0 0.427857 0.440990 0.012857 0.036802
0 0.425357 0.488579 0.013571 0.038071
0 0.423214 0.541244 0.015000 0.039340
0 0.571786 0.284264 0.027857 0.017766
0 0.850000 0.133249 0.014286 0.017766
0 0.916786 0.323604 0.015000 0.032995
0 0.853214 0.117386 0.016429 0.024112
0 0.792857 0.020305 0.010000 0.020305
