0 0.276071 0.567619 0.036429 0.040000
0 0.487857 0.653333 0.115714 0.085714
0 0.825000 0.597143 0.052857 0.118095
0 0.890000 0.610952 0.057143 0.130476
0 0.963929 0.607619 0.060714 0.118095
0 0.925714 0.747619 0.037143 0.053333
0 0.518214 0.422381 0.046429 0.082857
0 0.568571 0.563810 0.090000 0.099048
0 0.490357 0.542857 0.090714 0.087619
0 0.362857 0.553333 0.098571 0.080000
0 0.315714 0.520000 0.098571 0.085714
0 0.235357 0.494286 0.090714 0.064762
0 0.136786 0.485714 0.097857 0.057143
0 0.046071 0.405238 0.017857 0.042857
0 0.022500 0.413333 0.022143 0.040000
0 0.065000 0.377619 0.067143 0.069524
0 0.109643 0.381429 0.066429 0.067619
0 0.160714 0.385238 0.064286 0.071429
0 0.203214 0.384762 0.066429 0.072381
0 0.248929 0.393810 0.050714 0.073333
0 0.291429 0.393810 0.058571 0.077143
0 0.338571 0.398095 0.058571 0.074286
0 0.385357 0.405238 0.059286 0.077143
0 0.428214 0.411905 0.045000 0.080952
0 0.468929 0.417143 0.042143 0.085714
0 0.375000 0.474286 0.014286 0.032381
0 0.376071 0.483810 0.037857 0.032381
0 0.645714 0.511429 0.017143 0.036190
0 0.729286 0.564286 0.022857 0.042857
0 0.732143 0.617619 0.021429 0.042857
0 0.727500 0.629524 0.037857 0.055238
0 0.727500 0.573810 0.020714 0.044762
0 0.645357 0.521905 0.037857 0.036190
0 0.133571 0.043333 0.010000 0.025714
