0 0.656837 0.616883 0.025574 0.081633
0 0.367171 0.856679 0.076722 0.064007
0 0.383090 0.807514 0.065762 0.052876
0 0.479906 0.658627 0.027662 0.076067
0 0.435804 0.547310 0.054280 0.042672
0 0.437109 0.516234 0.041232 0.039889
0 0.470511 0.474954 0.048539 0.038961
0 0.476514 0.445733 0.038622 0.045455
0 0.472599 0.421614 0.043319 0.030612
0 0.483820 0.395640 0.039666 0.034323
0 0.542797 0.329777 0.019833 0.045455
0 0.508351 0.266698 0.031315 0.030612
0 0.517745 0.242579 0.034447 0.030612
0 0.515919 0.215213 0.027662 0.029685
0 0.526879 0.179499 0.021399 0.021336
0 0.535752 0.165121 0.025574 0.022263
0 0.526357 0.131262 0.010960 0.019481
0 0.529228 0.097866 0.017745 0.021336
0 0.694676 0.106679 0.011482 0.020408
0 0.707985 0.050557 0.019311 0.013915
0 0.737996 0.060297 0.021921 0.016698
0 0.713987 0.046382 0.017745 0.012987
0 0.601253 0.039425 0.017745 0.015770
0 0.788361 0.053340 0.019311 0.013915
0 0.808977 0.069573 0.021921 0.018553
0 0.824896 0.058905 0.019311 0.015770
0 0.885699 0.524119 0.006263 0.014842
0 0.883612 0.534787 0.009395 0.026902
0 0.570198 0.294991 0.004697 0.012987
0 0.570981 0.285714 0.004175 0.012987
0 0.548539 0.237013 0.004175 0.015770
0 0.554802 0.229592 0.003132 0.017625
0 0.550104 0.224026 0.003132 0.017625
0 0.494781 0.168367 0.009395 0.012059
0 0.347077 0.588126 0.020877 0.016698
0 0.370564 0.524583 0.017745 0.017625
0 0.394833 0.450371 0.013048 0.021336
0 0.416493 0.386827 0.012526 0.016698
0 0.930585 0.644249 0.008351 0.015770
0 0.927453 0.655844 0.012526 0.035250
0 0.324374 0.717532 0.010960 0.028757
0 0.323852 0.741651 0.017223 0.023191
