0 0.833214 0.516497 0.075000 0.065990
0 0.958929 0.463832 0.073571 0.085025
0 0.763571 0.391497 0.030000 0.092640
0 0.725357 0.402284 0.033571 0.096447
0 0.688929 0.415609 0.032143 0.097716
0 0.643929 0.455584 0.037857 0.101523
0 0.914286 0.282995 0.050000 0.053299
0 0.685000 0.177665 0.055714 0.170051
0 0.631071 0.239848 0.030714 0.086294
0 0.601071 0.197335 0.065000 0.191624
0 0.593929 0.378807 0.036429 0.097716
0 0.553929 0.371827 0.060714 0.175127
0 0.632500 0.085660 0.029286 0.059645
0 0.510000 0.755711 0.052857 0.123096
0 0.503929 0.576777 0.086429 0.247462
0 0.367500 0.887690 0.130714 0.118020
0 0.319286 0.743655 0.071429 0.088832
0 0.181429 0.640863 0.162857 0.177665
0 0.065357 0.550127 0.043571 0.059645
0 0.024286 0.517766 0.045714 0.129442
0 0.308571 0.331853 0.040000 0.069797
0 0.382143 0.478426 0.054286 0.058376
0 0.007857 0.803934 0.014286 0.034264
0 0.645000 0.022843 0.030000 0.043147
0 0.692857 0.279822 0.008571 0.029188
0 0.668929 0.357234 0.007857 0.026650
0 0.942857 0.175127 0.114286 0.129442
0 0.822500 0.123731 0.133571 0.120558
0 0.817857 0.065355 0.007143 0.024112
0 0.826071 0.075508 0.007857 0.026650
0 0.732143 0.166878 0.008571 0.036802
0 0.725357 0.159898 0.009286 0.030457
