0 0.611786 0.517143 0.053571 0.142857
0 0.285714 0.608095 0.028571 0.020000
0 0.321429 0.582381 0.025714 0.021905
0 0.313929 0.100000 0.053571 0.110476
0 0.403929 0.146667 0.045000 0.140952
0 0.459643 0.216190 0.040714 0.123810
0 0.467857 0.278571 0.020000 0.031429
0 0.400714 0.741429 0.054286 0.149524
0 0.192857 0.572381 0.020000 0.055238
0 0.260714 0.140952 0.015714 0.047619
0 0.515714 0.100000 0.042857 0.116190
0 0.686429 0.073810 0.044286 0.105714
0 0.647143 0.173810 0.060000 0.174286
0 0.602500 0.303810 0.015000 0.032381
0 0.529286 0.399048 0.012857 0.034286
0 0.689286 0.256667 0.017143 0.033333
0 0.639286 0.167619 0.021429 0.034286
0 0.596786 0.119524 0.020714 0.040952
0 0.563929 0.105238 0.016429 0.027619
0 0.564643 0.111905 0.015000 0.063810
0 0.600000 0.136190 0.025714 0.060952
0 0.758214 0.045714 0.093571 0.070476
0 0.896429 0.280476 0.030000 0.037143
0 0.711071 0.232857 0.017857 0.031429
0 0.685000 0.216667 0.014286 0.039048
0 0.682143 0.241905 0.011429 0.028571
0 0.637500 0.274762 0.017857 0.031429
0 0.743214 0.741905 0.057857 0.154286
0 0.673571 0.756190 0.020000 0.030476
0 0.672500 0.756667 0.013571 0.061905
0 0.716429 0.277143 0.025714 0.072381
