0 0.707500 0.797619 0.039286 0.084762
0 0.657500 0.491429 0.026429 0.059048
0 0.653929 0.463810 0.043571 0.040000
0 0.646786 0.450000 0.039286 0.056190
0 0.647500 0.442381 0.040714 0.044762
0 0.641429 0.425714 0.041429 0.041905
0 0.667500 0.446190 0.036429 0.040952
0 0.707143 0.491429 0.044286 0.038095
0 0.675000 0.343810 0.042857 0.036190
0 0.654286 0.289524 0.012857 0.053333
0 0.527857 0.354762 0.015714 0.052381
0 0.620000 0.329524 0.057143 0.100952
0 0.550000 0.358095 0.064286 0.102857
0 0.715357 0.604762 0.025000 0.062857
0 0.600000 0.146190 0.038571 0.054286
0 0.609643 0.095714 0.032143 0.031429
0 0.236429 0.869524 0.111429 0.257143
0 0.286786 0.615238 0.100714 0.196190
0 0.157857 0.610476 0.105714 0.165714
0 0.067500 0.577143 0.113571 0.160000
0 0.130000 0.401429 0.078571 0.117143
0 0.413214 0.780952 0.147857 0.182857
0 0.424643 0.654762 0.145000 0.157143
0 0.442500 0.545714 0.137857 0.123810
0 0.424286 0.451905 0.127143 0.107619
0 0.445000 0.386190 0.115714 0.103810
0 0.463929 0.333333 0.100714 0.089524
0 0.487143 0.363333 0.017143 0.058095
0 0.482143 0.285238 0.088571 0.073333
0 0.523929 0.256667 0.099286 0.067619
0 0.535000 0.208095 0.104286 0.061905
0 0.201786 0.287143 0.053571 0.092381
0 0.243571 0.186667 0.041429 0.074286
0 0.441071 0.186667 0.080714 0.055238
0 0.467143 0.150476 0.074286 0.049524
0 0.528214 0.144286 0.042143 0.069524
0 0.525000 0.166667 0.012857 0.043810
0 0.469643 0.117619 0.077857 0.048571
0 0.477500 0.087619 0.080714 0.055238
0 0.482857 0.059048 0.064286 0.045714
0 0.484643 0.040000 0.069286 0.051429
0 0.488571 0.018095 0.054286 0.036190
0 0.262857 0.256190 0.125714 0.259048
0 0.354643 0.366667 0.050714 0.066667
0 0.332143 0.078095 0.045714 0.057143
0 0.380357 0.065714 0.033571 0.051429
0 0.390000 0.021905 0.031429 0.041905
0 0.228214 0.043333 0.043571 0.048571
0 0.166429 0.045238 0.054286 0.044762
0 0.149286 0.063333 0.060000 0.056190
0 0.132857 0.091905 0.057143 0.050476
0 0.202857 0.079048 0.052857 0.066667
0 0.165000 0.134762 0.052857 0.063810
0 0.107500 0.120952 0.059286 0.057143
0 0.082500 0.151905 0.067857 0.065714
0 0.097500 0.191905 0.019286 0.039048
0 0.123929 0.195714 0.060714 0.077143
0 0.051429 0.177143 0.080000 0.081905
0 0.075714 0.265238 0.077143 0.090476
