0 0.297500 0.925714 0.072143 0.041905
0 0.129643 0.935238 0.075000 0.041905
0 0.108571 0.975238 0.070000 0.045714
0 0.038929 0.957619 0.070714 0.050476
0 0.045714 0.909524 0.071429 0.043810
0 0.446071 0.866667 0.055000 0.041905
0 0.574643 0.666190 0.015000 0.023810
0 0.507143 0.756667 0.021429 0.031429
0 0.488214 0.743333 0.020714 0.033333
0 0.500714 0.712381 0.021429 0.024762
0 0.523214 0.715238 0.020714 0.028571
0 0.440714 0.739048 0.025714 0.028571
0 0.453929 0.714286 0.020714 0.026667
0 0.512143 0.690000 0.020000 0.023810
0 0.462857 0.742381 0.021429 0.033333
0 0.480000 0.705238 0.025714 0.048571
0 0.467857 0.694286 0.017143 0.026667
0 0.523929 0.668095 0.017857 0.021905
0 0.524643 0.777143 0.029286 0.038095
0 0.535000 0.643333 0.012857 0.020000
0 0.573929 0.637143 0.010714 0.015238
0 0.665714 0.950000 0.060000 0.046667
0 0.761429 0.970952 0.068571 0.052381
0 0.585714 0.870476 0.007143 0.026667
0 0.671071 0.844286 0.006429 0.023810
0 0.669286 0.845714 0.017143 0.015238
0 0.598571 0.560000 0.008571 0.009524
0 0.622143 0.523810 0.010000 0.015238
0 0.605000 0.503333 0.005714 0.006667
0 0.610357 0.498571 0.005000 0.008571
0 0.568214 0.526190 0.017857 0.016190
0 0.372143 0.832857 0.007143 0.016190
0 0.361786 0.835238 0.007857 0.019048
0 0.410714 0.784762 0.005714 0.011429
0 0.415714 0.769524 0.004286 0.013333
0 0.356071 0.768571 0.005000 0.017143
0 0.358214 0.765238 0.005000 0.020000
0 0.411071 0.753810 0.007857 0.018095
0 0.359643 0.844286 0.007857 0.021905
0 0.370000 0.842381 0.007143 0.018095
0 0.411429 0.795238 0.010000 0.015238
0 0.415714 0.776667 0.007143 0.012381
0 0.400000 0.760000 0.005714 0.017143
0 0.350357 0.814286 0.010714 0.017143
0 0.348571 0.824762 0.020000 0.015238
