0 0.400714 0.983810 0.014286 0.019048
0 0.463214 0.893333 0.009286 0.009524
0 0.326071 0.719524 0.006429 0.014286
0 0.319643 0.719524 0.007857 0.016190
0 0.413929 0.657143 0.012143 0.017143
0 0.422143 0.643333 0.007143 0.012381
0 0.403929 0.653333 0.009286 0.015238
0 0.570357 0.238095 0.007857 0.017143
0 0.472500 0.214762 0.005000 0.016190
0 0.756786 0.203333 0.006429 0.016190
0 0.728929 0.140952 0.007857 0.020952
0 0.721429 0.160000 0.005714 0.017143
0 0.588929 0.139524 0.005000 0.018095
0 0.622143 0.084286 0.050000 0.065714
0 0.677143 0.156667 0.022857 0.023810
0 0.671786 0.234286 0.035000 0.032381
0 0.571786 0.217619 0.030714 0.031429
0 0.507143 0.123333 0.004286 0.010476
0 0.501786 0.241429 0.012143 0.014286
0 0.486786 0.228571 0.009286 0.013333
0 0.554643 0.195238 0.009286 0.011429
0 0.572143 0.170952 0.010000 0.018095
0 0.637857 0.190476 0.014286 0.013333
0 0.720000 0.292381 0.027143 0.030476
0 0.723571 0.284286 0.007143 0.016190
0 0.725714 0.292857 0.005714 0.016190
0 0.573571 0.168571 0.005714 0.013333
0 0.639286 0.185714 0.007143 0.013333
0 0.555357 0.191905 0.005000 0.014286
0 0.500714 0.235714 0.004286 0.014286
0 0.503571 0.234286 0.004286 0.013333
0 0.487143 0.221429 0.005714 0.012381
0 0.440357 0.261905 0.005000 0.011429
0 0.480000 0.272381 0.015714 0.028571
0 0.596429 0.145238 0.004286 0.010476
0 0.596786 0.139524 0.003571 0.010476
0 0.506429 0.117619 0.004286 0.010476
0 0.218214 0.032381 0.015000 0.015238
0 0.229286 0.041905 0.014286 0.015238
0 0.194286 0.013333 0.015714 0.019048
0 0.028929 0.141429 0.020714 0.027619
0 0.628214 0.015714 0.017857 0.020000
