0 0.126786 0.071905 0.023571 0.023810
0 0.323571 0.018095 0.047143 0.034286
0 0.305000 0.030476 0.061429 0.040000
0 0.299286 0.060000 0.038571 0.038095
0 0.276071 0.093810 0.037857 0.050476
0 0.254286 0.140952 0.045714 0.057143
0 0.176429 0.157143 0.052857 0.049524
0 0.224643 0.198571 0.056429 0.071429
0 0.112500 0.229048 0.076429 0.065714
0 0.341786 0.314286 0.010714 0.043810
0 0.186429 0.256190 0.067143 0.083810
0 0.210000 0.315714 0.072857 0.101905
0 0.130000 0.356667 0.084286 0.109524
0 0.063929 0.423810 0.030714 0.024762
0 0.073929 0.617143 0.132143 0.198095
0 0.558214 0.799524 0.073571 0.056190
0 0.366429 0.774762 0.084286 0.221905
0 0.403571 0.539048 0.070000 0.156190
0 0.520357 0.551429 0.020714 0.049524
0 0.419643 0.381429 0.052143 0.115238
0 0.437500 0.267143 0.033571 0.084762
0 0.447857 0.196190 0.037143 0.059048
0 0.442857 0.128095 0.067143 0.056190
0 0.566071 0.133810 0.032143 0.050476
0 0.629643 0.134762 0.037857 0.052381
0 0.603929 0.409524 0.059286 0.106667
0 0.703214 0.234286 0.015000 0.041905
0 0.720357 0.296667 0.030714 0.035238
0 0.630714 0.513810 0.018571 0.061905
0 0.619643 0.631429 0.077857 0.182857
0 0.663571 0.855714 0.044286 0.088571
0 0.747143 0.598095 0.030000 0.072381
