0 0.099948 0.503247 0.104906 0.179035
0 0.152923 0.593692 0.117954 0.183673
0 0.264353 0.519017 0.065240 0.121521
0 0.323330 0.566327 0.089248 0.212430
0 0.396660 0.566327 0.084551 0.212430
0 0.309760 0.357607 0.075678 0.143785
0 0.236169 0.359462 0.080898 0.134508
0 0.478079 0.607607 0.077244 0.213358
0 0.568894 0.634972 0.073069 0.236549
0 0.656054 0.591373 0.079332 0.208720
0 0.576200 0.401206 0.059499 0.162338
0 0.796712 0.563080 0.098643 0.237477
0 0.774791 0.368275 0.066284 0.146568
0 0.893789 0.354824 0.084029 0.149351
