0 0.380000 0.859137 0.028571 0.083756
0 0.405714 0.775381 0.040000 0.071066
0 0.638929 0.730330 0.047857 0.044416
0 0.292500 0.350254 0.017857 0.048223
0 0.200714 0.203046 0.014286 0.032995
0 0.211786 0.109772 0.012143 0.031726
0 0.165357 0.064086 0.010714 0.031726
0 0.205357 0.049492 0.013571 0.030457
0 0.208929 0.081853 0.010714 0.029188
0 0.516429 0.792513 0.050000 0.046954
0 0.835000 0.576777 0.042857 0.041878
0 0.887857 0.545051 0.042857 0.036802
0 0.758929 0.660533 0.043571 0.039340
0 0.693571 0.745558 0.042857 0.041878
0 0.644286 0.774112 0.045714 0.045685
0 0.268929 0.284264 0.017857 0.053299
0 0.310714 0.293782 0.017143 0.046954
0 0.251786 0.190990 0.016429 0.041878
0 0.168929 0.100254 0.012143 0.032995
0 0.928929 0.519036 0.042143 0.043147
0 0.862857 0.597716 0.044286 0.048223
0 0.777857 0.613579 0.042857 0.044416
0 0.746786 0.714467 0.050714 0.048223
0 0.841429 0.655457 0.040000 0.041878
0 0.195714 0.154822 0.012857 0.032995
0 0.176071 0.210025 0.012143 0.026650
0 0.190714 0.111041 0.011429 0.029188
0 0.363929 0.621827 0.023571 0.063452
0 0.340714 0.463832 0.020000 0.052030
0 0.851786 0.921954 0.010714 0.034264
0 0.804286 0.859137 0.005714 0.022843
