0 0.173214 0.169048 0.066429 0.092381
0 0.553571 0.550476 0.115714 0.095238
0 0.373214 0.079524 0.057857 0.080952
0 0.616786 0.053333 0.083571 0.076190
0 0.917500 0.340476 0.029286 0.037143
0 0.837857 0.271429 0.105714 0.087619
0 0.763214 0.436190 0.020714 0.059048
0 0.627143 0.453810 0.015714 0.044762
0 0.669286 0.326667 0.014286 0.040000
0 0.612857 0.278571 0.018571 0.040952
0 0.599286 0.368095 0.014286 0.048571
0 0.635000 0.362857 0.012857 0.043810
0 0.588929 0.172857 0.086429 0.079048
0 0.555714 0.296190 0.081429 0.076190
0 0.562143 0.239048 0.100000 0.072381
0 0.618214 0.211905 0.012143 0.039048
0 0.577500 0.378571 0.025000 0.050476
0 0.542500 0.371905 0.022143 0.058095
0 0.518214 0.365238 0.020714 0.052381
0 0.484286 0.354762 0.024286 0.052381
0 0.456786 0.347143 0.017857 0.056190
0 0.433571 0.330000 0.030000 0.060000
0 0.396071 0.291429 0.015000 0.034286
0 0.408571 0.307619 0.017143 0.036190
0 0.373929 0.303333 0.023571 0.046667
0 0.390000 0.315238 0.018571 0.040000
0 0.406071 0.321905 0.025000 0.047619
0 0.617857 0.364286 0.017143 0.031429
0 0.639286 0.337143 0.015714 0.041905
0 0.613571 0.331905 0.015714 0.040952
0 0.604643 0.341905 0.015000 0.041905
0 0.627500 0.344762 0.013571 0.040000
0 0.376429 0.740000 0.051429 0.045714
0 0.372857 0.731905 0.024286 0.031429
0 0.104643 0.963810 0.047857 0.051429
0 0.147143 0.793333 0.028571 0.072381
0 0.183214 0.795238 0.039286 0.068571
0 0.271786 0.818095 0.026429 0.081905
0 0.246429 0.771905 0.024286 0.031429
0 0.251429 0.887619 0.032857 0.030476
0 0.248214 0.817143 0.029286 0.076190
0 0.201071 0.803810 0.032143 0.060952
0 0.222143 0.811429 0.022857 0.062857
0 0.226429 0.786190 0.021429 0.037143
0 0.113214 0.821429 0.032143 0.027619
0 0.123929 0.829048 0.033571 0.050476
0 0.437857 0.021905 0.012857 0.030476
