0 0.086429 0.932381 0.110000 0.072381
0 0.091071 0.852857 0.083571 0.061905
0 0.114643 0.718095 0.109286 0.057143
0 0.124643 0.643333 0.105000 0.056190
0 0.138929 0.576667 0.093571 0.058095
0 0.152143 0.388095 0.094286 0.056190
0 0.184286 0.220476 0.075714 0.052381
0 0.352143 0.240476 0.041429 0.109524
0 0.360357 0.131905 0.035000 0.088571
0 0.310000 0.218571 0.038571 0.096190
0 0.209643 0.031429 0.080714 0.051429
0 0.311786 0.100476 0.040714 0.082857
0 0.200714 0.074286 0.081429 0.053333
0 0.290714 0.074762 0.014286 0.031429
0 0.235000 0.152857 0.012857 0.027619
0 0.183571 0.512857 0.020000 0.023810
0 0.075357 0.375238 0.025000 0.040000
0 0.361071 0.554286 0.013571 0.019048
0 0.083929 0.551905 0.012143 0.042857
0 0.072500 0.607619 0.013571 0.041905
0 0.052857 0.679524 0.025714 0.044762
0 0.362857 0.561429 0.014286 0.039048
0 0.438929 0.491429 0.036429 0.104762
0 0.701071 0.171429 0.040714 0.104762
0 0.696429 0.070476 0.032857 0.066667
0 0.747500 0.216190 0.039286 0.108571
0 0.754286 0.427619 0.045714 0.118095
0 0.708929 0.394286 0.042143 0.097143
0 0.661071 0.598571 0.067857 0.117143
0 0.585357 0.757619 0.016429 0.020000
0 0.581429 0.757619 0.037143 0.010476
0 0.888929 0.412857 0.099286 0.054286
0 0.806429 0.297143 0.017143 0.032381
0 0.664286 0.336667 0.014286 0.033333
0 0.869643 0.100952 0.030714 0.020952
0 0.887143 0.084286 0.012857 0.033333
