0 0.856733 0.841837 0.048539 0.067718
0 0.866388 0.777829 0.036534 0.056586
0 0.895877 0.690167 0.043319 0.063080
0 0.916493 0.615028 0.044885 0.063080
0 0.951200 0.480056 0.042276 0.041744
0 0.720251 0.134508 0.016701 0.040816
0 0.717641 0.345083 0.024008 0.064935
0 0.582463 0.378942 0.036534 0.058442
0 0.530271 0.478664 0.042797 0.063080
0 0.493476 0.526902 0.018267 0.016698
0 0.507829 0.518553 0.007307 0.025974
0 0.371608 0.724026 0.016701 0.028757
0 0.360647 0.764842 0.050104 0.084416
0 0.086639 0.726345 0.016701 0.031540
0 0.104645 0.709647 0.018267 0.033395
0 0.030532 0.799629 0.045407 0.085343
0 0.103340 0.293599 0.013570 0.021336
0 0.099948 0.288497 0.010960 0.016698
0 0.138831 0.346475 0.024008 0.054731
0 0.162839 0.182746 0.037578 0.031540
