0 0.229906 0.049629 0.069415 0.058442
0 0.455898 0.020872 0.019311 0.023191
0 0.570981 0.051020 0.022965 0.022263
0 0.609603 0.092764 0.014614 0.027829
0 0.563674 0.085343 0.014614 0.046382
0 0.703810 0.097866 0.064196 0.060297
0 0.807150 0.111317 0.058977 0.059369
0 0.823069 0.470315 0.015658 0.033395
0 0.747651 0.326994 0.048539 0.104824
0 0.855689 0.332096 0.057933 0.128015
0 0.923278 0.343228 0.054280 0.094620
0 0.891701 0.353896 0.019311 0.056586
0 0.899530 0.397032 0.015136 0.040816
0 0.874217 0.448516 0.018789 0.052876
0 0.954854 0.470315 0.018267 0.055659
0 0.980167 0.295455 0.030271 0.038033
0 0.739301 0.717532 0.021399 0.038033
0 0.382046 0.469388 0.052192 0.131725
