0 0.232857 0.706218 0.064286 0.232234
0 0.272143 0.683376 0.071429 0.222081
0 0.389286 0.615482 0.084286 0.205584
0 0.423929 0.598350 0.077857 0.204315
0 0.560357 0.509518 0.082143 0.163706
0 0.501429 0.399746 0.045714 0.086294
0 0.540357 0.412437 0.050714 0.088832
0 0.863214 0.815355 0.180714 0.158629
0 0.685000 0.661802 0.081429 0.138325
0 0.177143 0.904822 0.044286 0.137056
0 0.607857 0.931472 0.052857 0.119289
0 0.486429 0.720178 0.047143 0.097716
0 0.627143 0.577411 0.041429 0.065990
0 0.589643 0.505076 0.033571 0.060914
0 0.476429 0.296320 0.030000 0.044416
0 0.420357 0.234772 0.023571 0.043147
0 0.453571 0.304569 0.022857 0.043147
0 0.420357 0.202411 0.020714 0.026650
0 0.400357 0.203046 0.019286 0.030457
0 0.435000 0.227157 0.018571 0.035533
0 0.407500 0.173223 0.022143 0.041878
0 0.380714 0.164340 0.028571 0.059645
0 0.519286 0.280457 0.005714 0.025381
0 0.515357 0.276015 0.005000 0.019036
0 0.473929 0.231599 0.005000 0.021574
0 0.363571 0.085025 0.034286 0.065990
