0 0.896429 0.438095 0.198571 0.123810
0 0.857500 0.796190 0.047857 0.085714
0 0.703929 0.426667 0.029286 0.089524
0 0.687857 0.398095 0.025714 0.064762
0 0.346071 0.286667 0.023571 0.068571
0 0.366786 0.289524 0.020714 0.070476
0 0.527143 0.762381 0.240000 0.141905
0 0.519286 0.629524 0.204286 0.121905
0 0.521071 0.519524 0.167857 0.105714
0 0.514643 0.426667 0.170714 0.093333
0 0.513214 0.289524 0.155000 0.072381
0 0.512143 0.226190 0.140000 0.073333
0 0.508571 0.178095 0.124286 0.053333
0 0.507500 0.148095 0.113571 0.063810
0 0.506071 0.112381 0.112143 0.051429
0 0.502857 0.054286 0.094286 0.060952
0 0.513929 0.340952 0.136429 0.095238
