0 0.142857 0.315238 0.055714 0.144762
0 0.238929 0.467619 0.062143 0.127619
0 0.234643 0.720000 0.049286 0.137143
0 0.184286 0.874286 0.062857 0.146667
0 0.472857 0.191905 0.104286 0.065714
0 0.517857 0.213810 0.008571 0.023810
0 0.525714 0.243333 0.010000 0.031429
0 0.552857 0.282381 0.048571 0.128571
0 0.601786 0.280000 0.042143 0.129524
0 0.468571 0.120952 0.095714 0.060952
0 0.463929 0.050476 0.105000 0.072381
0 0.368214 0.190000 0.050714 0.117143
0 0.696429 0.552857 0.081429 0.050476
0 0.722500 0.626667 0.076429 0.055238
0 0.797500 0.262381 0.047857 0.103810
0 0.847857 0.255714 0.051429 0.113333
0 0.892857 0.248571 0.048571 0.127619
0 0.937500 0.204286 0.059286 0.128571
0 0.750714 0.263333 0.042857 0.134286
0 0.704286 0.265714 0.050000 0.131429
0 0.654286 0.271429 0.057143 0.142857
0 0.836071 0.515714 0.096429 0.056190
0 0.836429 0.606190 0.098571 0.058095
0 0.298214 0.076190 0.010714 0.026667
0 0.395000 0.078095 0.012857 0.038095
0 0.436429 0.323810 0.012857 0.022857
0 0.421786 0.422857 0.010714 0.020952
0 0.498929 0.405238 0.009286 0.014286
0 0.465357 0.320476 0.013571 0.021905
0 0.485357 0.311905 0.010714 0.023810
0 0.302143 0.060952 0.038571 0.078095
0 0.307500 0.236190 0.037857 0.083810
0 0.301429 0.208571 0.012857 0.026667
0 0.392143 0.373333 0.012857 0.015238
0 0.460714 0.276667 0.007143 0.016190
0 0.463929 0.253810 0.013571 0.020000
0 0.386071 0.290000 0.015000 0.023810
0 0.350000 0.285238 0.012857 0.025714
0 0.507500 0.371905 0.013571 0.018095
0 0.503929 0.389524 0.015000 0.017143
0 0.443929 0.527143 0.013571 0.018095
0 0.428571 0.513810 0.012857 0.021905
0 0.376786 0.385714 0.050714 0.055238
0 0.530714 0.388571 0.057143 0.036190
0 0.917143 0.877143 0.035714 0.024762
0 0.552500 0.859524 0.015000 0.035238
0 0.552143 0.770476 0.014286 0.024762
0 0.470357 0.655238 0.015000 0.019048
0 0.510357 0.732381 0.019286 0.020952
