0 0.220357 0.357234 0.055000 0.044416
0 0.072857 0.374365 0.060000 0.043147
0 0.093214 0.412437 0.036429 0.027919
0 0.492500 0.765228 0.030714 0.157360
0 0.550357 0.583122 0.039286 0.049492
0 0.506429 0.033629 0.015714 0.036802
0 0.767143 0.159898 0.012857 0.043147
0 0.759643 0.100888 0.019286 0.019036
0 0.753929 0.071701 0.013571 0.031726
0 0.300714 0.591371 0.045714 0.093909
0 0.486786 0.961929 0.027857 0.073604
0 0.302143 0.039340 0.010000 0.022843
0 0.351786 0.038071 0.042143 0.048223
0 0.396429 0.019036 0.055714 0.035533
0 0.563214 0.356599 0.005000 0.017766
0 0.592500 0.350888 0.006429 0.021574
0 0.611429 0.359137 0.004286 0.015228
0 0.611429 0.356599 0.004286 0.017766
