0 0.314286 0.161168 0.022857 0.065990
0 0.318571 0.235406 0.020000 0.059645
0 0.329643 0.300761 0.023571 0.055838
0 0.440357 0.505076 0.043571 0.065990
0 0.462857 0.478426 0.038571 0.060914
0 0.480714 0.575508 0.048571 0.064721
0 0.344643 0.685279 0.029286 0.093909
0 0.376429 0.686548 0.025714 0.081218
0 0.511429 0.480964 0.042857 0.063452
0 0.606786 0.715736 0.053571 0.078680
0 0.666429 0.775381 0.054286 0.086294
0 0.725714 0.857868 0.057143 0.091371
0 0.893214 0.959391 0.066429 0.078680
0 0.856071 0.868655 0.057857 0.085025
0 0.163929 0.726523 0.052143 0.034264
0 0.159643 0.763959 0.053571 0.035533
0 0.157143 0.800127 0.052857 0.049492
0 0.154643 0.888959 0.030714 0.082487
0 0.117143 0.839467 0.065714 0.049492
0 0.109286 0.886421 0.061429 0.044416
0 0.095000 0.932107 0.062857 0.046954
0 0.086786 0.977157 0.065000 0.043147
0 0.419286 0.414340 0.041429 0.072335
0 0.513571 0.540609 0.040000 0.063452
0 0.563929 0.537437 0.047857 0.079949
0 0.545714 0.633883 0.048571 0.079949
0 0.635714 0.675127 0.048571 0.086294
0 0.746429 0.739213 0.058571 0.090102
0 0.686429 0.669416 0.050000 0.087563
0 0.721429 0.775381 0.055714 0.086294
0 0.804643 0.871193 0.065000 0.095178
0 0.802500 0.936548 0.075000 0.114213
0 0.563571 0.724619 0.051429 0.086294
0 0.570714 0.604695 0.067143 0.097716
0 0.380000 0.399112 0.085714 0.158629
0 0.423929 0.192893 0.010714 0.022843
0 0.439286 0.179569 0.008571 0.016497
0 0.436071 0.097716 0.006429 0.022843
