0 0.259643 0.677143 0.027857 0.055238
0 0.266786 0.609524 0.069286 0.121905
0 0.153214 0.370476 0.019286 0.041905
0 0.143571 0.366190 0.020000 0.039048
0 0.232500 0.370000 0.060714 0.071429
0 0.280714 0.358095 0.050000 0.089524
0 0.339643 0.422857 0.050714 0.070476
0 0.376429 0.349524 0.062857 0.051429
0 0.386786 0.320952 0.063571 0.045714
0 0.396071 0.288095 0.063571 0.054286
0 0.486071 0.235714 0.029286 0.039048
0 0.586071 0.793810 0.105000 0.132381
0 0.537500 0.723810 0.116429 0.140952
0 0.721071 0.623810 0.063571 0.129524
0 0.791429 0.652381 0.072857 0.140952
0 0.772500 0.375238 0.012143 0.040000
0 0.694286 0.486667 0.051429 0.091429
0 0.672500 0.340000 0.040714 0.053333
0 0.634286 0.216190 0.027143 0.049524
0 0.647500 0.266190 0.030714 0.050476
0 0.623929 0.163333 0.023571 0.035238
0 0.610000 0.103333 0.044286 0.025714
0 0.657143 0.062381 0.017143 0.031429
0 0.546071 0.239048 0.053571 0.038095
0 0.498214 0.155714 0.039286 0.090476
0 0.544643 0.324762 0.069286 0.040000
0 0.542143 0.360952 0.075714 0.047619
0 0.545357 0.494762 0.096429 0.067619
0 0.222857 0.303810 0.018571 0.030476
0 0.226786 0.273333 0.047857 0.051429
0 0.254286 0.237143 0.015714 0.022857
0 0.243214 0.260000 0.026429 0.024762
0 0.290000 0.227143 0.010000 0.029524
0 0.282857 0.221905 0.007143 0.022857
0 0.294643 0.215238 0.007857 0.024762
0 0.337857 0.234762 0.032857 0.052381
0 0.341071 0.137619 0.047857 0.025714
0 0.326786 0.156190 0.013571 0.013333
0 0.311429 0.160476 0.018571 0.016190
0 0.446786 0.195714 0.006429 0.027619
0 0.429643 0.207619 0.009286 0.028571
0 0.428571 0.214286 0.017143 0.020952
0 0.460714 0.190000 0.007143 0.025714
0 0.460714 0.195238 0.005714 0.024762
0 0.432857 0.180000 0.050000 0.032381
0 0.445000 0.152381 0.040000 0.026667
0 0.446786 0.140000 0.043571 0.030476
0 0.455357 0.126667 0.046429 0.026667
0 0.459643 0.107619 0.039286 0.024762
0 0.477857 0.136667 0.007143 0.014286
0 0.477857 0.145714 0.005714 0.020952
0 0.389286 0.084762 0.020000 0.028571
0 0.404643 0.061905 0.033571 0.022857
0 0.373929 0.055714 0.019286 0.020000
0 0.485714 0.040476 0.004286 0.018095
0 0.471071 0.042381 0.005000 0.016190
0 0.477500 0.058571 0.026429 0.021905
0 0.479286 0.033810 0.022857 0.018095
0 0.514286 0.041905 0.015714 0.017143
0 0.517143 0.106190 0.007143 0.014286
0 0.516429 0.113810 0.008571 0.023810
0 0.549286 0.110952 0.034286 0.023810
0 0.552857 0.081905 0.032857 0.022857
0 0.551786 0.065714 0.033571 0.020952
0 0.551071 0.050952 0.023571 0.020000
0 0.553214 0.043333 0.027857 0.018095
0 0.551786 0.027143 0.012143 0.010476
0 0.552857 0.022381 0.005714 0.014286
0 0.675714 0.068571 0.014286 0.026667
0 0.694643 0.068095 0.015000 0.027619
0 0.615714 0.090952 0.038571 0.020000
0 0.615000 0.086667 0.037143 0.019048
0 0.624286 0.079524 0.031429 0.027619
0 0.630714 0.078095 0.028571 0.019048
0 0.634286 0.070476 0.028571 0.022857
0 0.672857 0.181429 0.017143 0.020000
0 0.282143 0.226190 0.021429 0.018095
0 0.539286 0.438095 0.084286 0.060952
