0 0.459286 0.910952 0.051429 0.117143
0 0.491786 0.795238 0.040714 0.110476
0 0.512857 0.720000 0.030000 0.062857
0 0.534286 0.610952 0.024286 0.056190
0 0.621786 0.659524 0.025000 0.058095
0 0.521786 0.674762 0.019286 0.018095
0 0.523929 0.658571 0.026429 0.012381
0 0.527500 0.640952 0.020714 0.020952
0 0.471429 0.469048 0.024286 0.020000
0 0.610000 0.522381 0.014286 0.014286
0 0.638571 0.685238 0.005714 0.008571
0 0.611429 0.520000 0.005714 0.013333
0 0.557143 0.475238 0.005714 0.013333
0 0.650714 0.520952 0.004286 0.013333
