0 0.262787 0.478664 0.085073 0.064935
0 0.305846 0.554267 0.031315 0.034323
0 0.408925 0.784323 0.080898 0.082560
0 0.405532 0.672078 0.074113 0.076994
0 0.510177 0.667440 0.072547 0.080705
0 0.518789 0.790353 0.107516 0.092764
0 0.539666 0.931354 0.098121 0.111317
0 0.404749 0.601113 0.055846 0.059369
0 0.509134 0.466141 0.086117 0.064007
0 0.546712 0.365492 0.061065 0.068646
0 0.401096 0.127551 0.045407 0.039889
0 0.495042 0.124304 0.048539 0.046382
0 0.347077 0.249072 0.049061 0.069573
0 0.848382 0.958256 0.021399 0.053803
0 0.839248 0.929963 0.024008 0.060297
0 0.845772 0.406772 0.170668 0.223562
0 0.651096 0.020872 0.017223 0.041744
0 0.622390 0.242579 0.006785 0.026902
0 0.640136 0.100649 0.007829 0.025046
0 0.639875 0.111781 0.005219 0.023191
0 0.622129 0.254638 0.006263 0.028757
