0 0.272443 0.129406 0.042797 0.043599
0 0.484342 0.084416 0.046973 0.042672
0 0.649791 0.216605 0.031315 0.073284
0 0.618215 0.330705 0.023486 0.076994
0 0.524269 0.248609 0.024530 0.063080
0 0.490084 0.246753 0.024008 0.072356
0 0.466336 0.263915 0.026618 0.075139
0 0.436326 0.266698 0.026096 0.075139
0 0.403184 0.274583 0.023486 0.077922
0 0.342641 0.403061 0.058977 0.041744
0 0.475209 0.439703 0.053758 0.048237
0 0.297756 0.302412 0.024530 0.077922
0 0.328810 0.308905 0.030271 0.072356
0 0.222860 0.406308 0.024008 0.081633
0 0.219207 0.587199 0.018789 0.057514
0 0.288883 0.613173 0.027662 0.107607
0 0.325157 0.615492 0.025052 0.097403
0 0.362996 0.612245 0.022443 0.092764
0 0.399530 0.589981 0.024530 0.087199
0 0.418319 0.567718 0.007829 0.042672
0 0.442589 0.591837 0.035491 0.109462
0 0.511482 0.576994 0.032359 0.092764
0 0.524008 0.699443 0.033403 0.111317
0 0.591597 0.556122 0.034969 0.086271
0 0.621347 0.543599 0.040188 0.092764
0 0.657620 0.528757 0.037578 0.083488
0 0.693372 0.526438 0.040188 0.093692
0 0.276357 0.860390 0.028706 0.047310
0 0.061065 0.769481 0.021921 0.017625
