0 0.028571 0.411168 0.014286 0.025381
0 0.203929 0.449873 0.046429 0.046954
0 0.251429 0.479061 0.050000 0.049492
0 0.450000 0.352792 0.032857 0.068528
0 0.181071 0.305838 0.036429 0.076142
0 0.204643 0.324873 0.036429 0.081218
0 0.330357 0.649112 0.009286 0.021574
0 0.325000 0.626904 0.011429 0.017766
0 0.338571 0.614213 0.012857 0.022843
0 0.330000 0.609772 0.007143 0.011421
0 0.315357 0.627538 0.006429 0.011421
0 0.386071 0.603426 0.110714 0.077411
0 0.413571 0.347081 0.032857 0.072335
0 0.342500 0.323604 0.042143 0.043147
0 0.335714 0.652919 0.091429 0.064721
0 0.770357 0.693528 0.050714 0.079949
