0 0.206071 0.133810 0.070714 0.044762
0 0.358571 0.474286 0.012857 0.013333
0 0.340714 0.536190 0.010000 0.011429
0 0.409286 0.586190 0.024286 0.006667
0 0.190714 0.683333 0.047143 0.119048
0 0.276071 0.678571 0.033571 0.092381
0 0.238571 0.920952 0.034286 0.081905
0 0.275000 0.922857 0.030000 0.076190
0 0.311071 0.923333 0.032143 0.096190
0 0.348929 0.926667 0.032143 0.100952
0 0.388214 0.922857 0.030714 0.097143
0 0.390000 0.686667 0.028571 0.106667
0 0.428214 0.689048 0.026429 0.082857
0 0.466071 0.692381 0.029286 0.097143
0 0.877857 0.149524 0.067143 0.043810
0 0.912857 0.942857 0.037143 0.100952
0 0.873571 0.944762 0.037143 0.097143
0 0.805714 0.924762 0.037143 0.108571
0 0.726071 0.933810 0.033571 0.094286
0 0.569643 0.929524 0.027857 0.099048
0 0.463929 0.931905 0.030714 0.101905
0 0.426071 0.929524 0.027857 0.081905
0 0.528214 0.934762 0.025000 0.080952
0 0.532143 0.696190 0.030000 0.089524
0 0.496786 0.748571 0.007857 0.011429
0 0.570357 0.695238 0.030714 0.095238
0 0.645357 0.687619 0.030714 0.095238
0 0.905357 0.698095 0.039286 0.085714
0 0.866429 0.696667 0.037143 0.088571
0 0.762500 0.699048 0.033571 0.097143
0 0.689643 0.694762 0.029286 0.080952
0 0.688214 0.557143 0.033571 0.093333
0 0.608929 0.565714 0.030714 0.085714
0 0.798571 0.842857 0.017143 0.017143
