0 0.381429 0.647619 0.117143 0.089524
0 0.122857 0.729048 0.142857 0.105714
0 0.478929 0.638571 0.112143 0.096190
0 0.803929 0.511905 0.106429 0.063810
0 0.843214 0.312857 0.066429 0.050476
0 0.852500 0.353333 0.079286 0.049524
0 0.744286 0.536667 0.117143 0.073333
0 0.587500 0.602381 0.106429 0.082857
0 0.101786 0.580476 0.102143 0.058095
0 0.932143 0.451905 0.101429 0.080952
0 0.815357 0.768095 0.026429 0.060000
0 0.671429 0.475238 0.017143 0.053333
0 0.361071 0.513333 0.015000 0.047619
0 0.379286 0.540476 0.014286 0.044762
0 0.226071 0.668571 0.025000 0.051429
0 0.845357 0.478095 0.016429 0.051429
0 0.742143 0.457619 0.015714 0.044762
0 0.387500 0.519048 0.022143 0.045714
0 0.397500 0.239048 0.012143 0.032381
0 0.756429 0.458571 0.015714 0.025714
0 0.508214 0.310000 0.023571 0.037143
0 0.536071 0.308571 0.020714 0.038095
0 0.557500 0.300476 0.020714 0.035238
0 0.572857 0.294762 0.020000 0.033333
0 0.593571 0.282381 0.021429 0.029524
0 0.600357 0.275238 0.019286 0.026667
0 0.936786 0.324286 0.072143 0.046667
0 0.712857 0.237619 0.012857 0.031429
