0 0.414643 0.815238 0.155000 0.146667
0 0.370000 0.669524 0.105714 0.100952
0 0.135357 0.508095 0.095000 0.077143
0 0.743571 0.491429 0.007143 0.030476
0 0.360714 0.298095 0.008571 0.030476
0 0.507857 0.254286 0.011429 0.032381
0 0.407143 0.209048 0.008571 0.029524
0 0.340000 0.165714 0.005714 0.017143
0 0.313571 0.146190 0.007143 0.023810
0 0.318214 0.103810 0.006429 0.022857
0 0.307143 0.154762 0.010000 0.020000
0 0.354286 0.128095 0.005714 0.020000
0 0.347500 0.121429 0.006429 0.018095
0 0.362857 0.138095 0.005714 0.019048
0 0.358929 0.150476 0.005000 0.015238
0 0.360714 0.157619 0.004286 0.020000
0 0.371786 0.147619 0.006429 0.017143
0 0.582857 0.302857 0.008571 0.017143
0 0.583571 0.313333 0.011429 0.022857
0 0.767143 0.356190 0.057143 0.059048
0 0.853214 0.424286 0.073571 0.075238
0 0.936071 0.492857 0.077857 0.084762
0 0.904286 0.416190 0.075714 0.062857
0 0.928571 0.393810 0.070000 0.061905
0 0.943214 0.379048 0.075000 0.059048
0 0.858571 0.319524 0.060000 0.048571
0 0.732857 0.262857 0.050000 0.045714
0 0.944643 0.297143 0.065000 0.051429
0 0.207857 0.121905 0.008571 0.020952
0 0.927500 0.259524 0.059286 0.040952
0 0.867500 0.226190 0.052143 0.039048
0 0.813214 0.200000 0.045000 0.028571
0 0.755357 0.165714 0.040714 0.034286
0 0.779643 0.161429 0.007857 0.027619
0 0.883571 0.150952 0.037143 0.035238
0 0.717500 0.148571 0.036429 0.028571
0 0.687500 0.131905 0.036429 0.027619
0 0.660000 0.114762 0.030000 0.025714
0 0.646429 0.183333 0.038571 0.033333
0 0.615714 0.091429 0.030000 0.028571
0 0.593929 0.075714 0.023571 0.027619
0 0.562857 0.064286 0.022857 0.021905
