0 0.477143 0.659524 0.138571 0.122857
0 0.418571 0.744762 0.134286 0.108571
0 0.113571 0.634286 0.115714 0.099048
0 0.335357 0.602857 0.105000 0.097143
0 0.506429 0.491905 0.108571 0.103810
0 0.258571 0.392857 0.105714 0.080952
0 0.242857 0.677143 0.118571 0.085714
0 0.289286 0.785714 0.131429 0.104762
0 0.121071 0.349524 0.110714 0.081905
0 0.103214 0.512857 0.125000 0.080952
0 0.217857 0.553333 0.124286 0.062857
0 0.873929 0.838095 0.157857 0.108571
0 0.877500 0.641429 0.129286 0.098095
0 0.281429 0.867619 0.031429 0.032381
0 0.296429 0.841429 0.028571 0.033333
0 0.772500 0.405714 0.030714 0.038095
0 0.826071 0.437143 0.046429 0.038095
0 0.935357 0.457619 0.045000 0.035238
0 0.415000 0.233333 0.112857 0.102857
0 0.613929 0.340000 0.017857 0.036190
0 0.615357 0.324286 0.022143 0.029524
