0 0.094286 0.087619 0.055714 0.040000
0 0.176071 0.056667 0.083571 0.073333
0 0.371429 0.069048 0.075714 0.086667
0 0.303214 0.088095 0.056429 0.046667
0 0.239643 0.068095 0.019286 0.027619
0 0.186071 0.140000 0.019286 0.024762
0 0.142857 0.154286 0.024286 0.020952
0 0.267857 0.139048 0.011429 0.024762
0 0.352500 0.028571 0.005000 0.020952
0 0.365714 0.029048 0.005714 0.025714
0 0.266786 0.160952 0.009286 0.028571
0 0.361071 0.090000 0.010714 0.025714
0 0.365714 0.178095 0.010000 0.015238
0 0.358571 0.320952 0.007143 0.022857
0 0.354643 0.351429 0.012143 0.024762
0 0.442143 0.235238 0.010000 0.026667
0 0.478929 0.393333 0.010714 0.017143
0 0.479643 0.397143 0.010714 0.032381
0 0.387857 0.628571 0.037143 0.097143
0 0.323214 0.760952 0.112143 0.066667
0 0.328929 0.821429 0.126429 0.071429
0 0.290000 0.867143 0.028571 0.018095
0 0.336786 0.896190 0.027857 0.024762
0 0.396071 0.901429 0.059286 0.075238
0 0.403571 0.987619 0.015714 0.015238
0 0.417500 0.970000 0.009286 0.021905
0 0.404286 0.947619 0.011429 0.022857
0 0.387500 0.945714 0.013571 0.017143
0 0.437857 0.888571 0.010000 0.024762
0 0.463214 0.878571 0.013571 0.023810
0 0.459286 0.904286 0.022857 0.061905
0 0.690714 0.893333 0.052857 0.129524
0 0.546786 0.747143 0.040714 0.120952
0 0.623214 0.693333 0.043571 0.106667
0 0.603929 0.703333 0.010714 0.016190
0 0.636071 0.582381 0.042143 0.105714
0 0.719643 0.607143 0.012143 0.018095
0 0.521429 0.487143 0.032857 0.090476
0 0.610000 0.425714 0.042857 0.099048
0 0.556429 0.325238 0.032857 0.080952
0 0.625714 0.265238 0.008571 0.021905
0 0.635357 0.260952 0.006429 0.026667
0 0.578214 0.239524 0.033571 0.088571
0 0.552500 0.166667 0.037857 0.060952
0 0.518571 0.128571 0.028571 0.049524
0 0.570714 0.034762 0.051429 0.054286
0 0.641786 0.160000 0.009286 0.019048
0 0.653929 0.065238 0.007857 0.025714
0 0.654286 0.045238 0.020000 0.029524
0 0.701786 0.035238 0.009286 0.015238
0 0.783214 0.020000 0.009286 0.017143
0 0.744286 0.040476 0.042857 0.080952
