0 0.063571 0.691905 0.061429 0.143810
0 0.367857 0.737143 0.044286 0.123810
0 0.431071 0.726190 0.037857 0.119048
0 0.502857 0.625714 0.047143 0.135238
0 0.546786 0.797143 0.037857 0.140952
0 0.615714 0.780476 0.045714 0.130476
0 0.553571 0.603810 0.042857 0.127619
0 0.445357 0.560952 0.039286 0.114286
0 0.389286 0.558571 0.047143 0.119048
0 0.557857 0.418571 0.034286 0.105714
0 0.602500 0.593810 0.040714 0.130476
0 0.457500 0.428095 0.040714 0.109524
0 0.408929 0.378095 0.036429 0.091429
0 0.465714 0.262857 0.030000 0.081905
0 0.452143 0.024762 0.025714 0.049524
0 0.476071 0.140000 0.026429 0.076190
0 0.421071 0.267619 0.032143 0.085714
0 0.568214 0.110952 0.045000 0.149524
0 0.487857 0.794286 0.038571 0.120000
0 0.604286 0.416667 0.040000 0.134286
0 0.175000 0.390952 0.037143 0.100000
0 0.106786 0.269048 0.080714 0.046667
0 0.049643 0.499524 0.085000 0.056190
0 0.163214 0.117619 0.070714 0.042857
0 0.777857 0.040000 0.035714 0.057143
0 0.166429 0.082381 0.064286 0.042857
0 0.093571 0.323333 0.082857 0.042857
0 0.124643 0.229524 0.063571 0.051429
0 0.134643 0.198571 0.072143 0.048571
0 0.178571 0.052857 0.065714 0.039048
0 0.192857 0.020952 0.067143 0.040000
0 0.926071 0.027619 0.057857 0.038095
0 0.957143 0.117619 0.080000 0.044762
0 0.946429 0.083333 0.064286 0.029524
0 0.118214 0.574762 0.016429 0.023810
0 0.121071 0.513333 0.023571 0.036190
0 0.323214 0.096190 0.012143 0.028571
0 0.962500 0.579524 0.019286 0.031429
0 0.959643 0.664762 0.022143 0.024762
0 0.988214 0.704762 0.022143 0.022857
0 0.293571 0.186667 0.011429 0.032381
0 0.223571 0.309048 0.015714 0.023810
0 0.217857 0.302857 0.015714 0.028571
0 0.205357 0.110952 0.015000 0.029524
0 0.120714 0.390952 0.031429 0.014286
0 0.109286 0.395714 0.047143 0.023810
0 0.131071 0.442381 0.019286 0.037143
0 0.065357 0.362381 0.033571 0.016190
0 0.059286 0.383333 0.031429 0.025714
0 0.074643 0.345714 0.037857 0.024762
0 0.204286 0.320952 0.012857 0.032381
0 0.132500 0.635714 0.013571 0.035238
0 0.126786 0.636190 0.019286 0.019048
0 0.200714 0.324762 0.010000 0.015238
0 0.200357 0.313333 0.015000 0.013333
0 0.468214 0.987143 0.019286 0.020000
0 0.468929 0.969048 0.017857 0.020000
0 0.920000 0.495714 0.017143 0.029524
0 0.922500 0.523810 0.025000 0.041905
0 0.974643 0.818571 0.019286 0.050476
0 0.979286 0.815238 0.015714 0.026667
