0 0.666429 0.641905 0.045714 0.118095
0 0.562143 0.359048 0.040000 0.099048
0 0.348571 0.769048 0.052857 0.168571
0 0.350357 0.610000 0.047857 0.138095
0 0.360357 0.426190 0.046429 0.103810
0 0.373929 0.275238 0.045000 0.104762
0 0.376429 0.182381 0.032857 0.086667
0 0.374286 0.089048 0.038571 0.082857
0 0.610357 0.047143 0.007857 0.023810
0 0.413929 0.189048 0.009286 0.023810
0 0.610357 0.056190 0.009286 0.026667
0 0.415714 0.202381 0.011429 0.031429
0 0.685357 0.254762 0.007857 0.033333
0 0.717143 0.402381 0.015714 0.021905
0 0.715714 0.410952 0.012857 0.031429
0 0.843214 0.097143 0.013571 0.032381
0 0.837857 0.154762 0.017143 0.031429
0 0.860714 0.159048 0.011429 0.036190
0 0.811786 0.224762 0.069286 0.047619
0 0.823214 0.267143 0.083571 0.044762
0 0.830000 0.312857 0.090000 0.054286
0 0.846429 0.355238 0.085714 0.045714
0 0.865000 0.396190 0.080000 0.049524
0 0.883571 0.442381 0.098571 0.048571
0 0.901786 0.507143 0.109286 0.054286
0 0.918929 0.574762 0.105000 0.069524
0 0.937500 0.633333 0.106429 0.059048
0 0.753571 0.045714 0.067143 0.047619
