0 0.405714 0.595812 0.031429 0.115482
0 0.242857 0.578046 0.018571 0.036802
0 0.062143 0.571701 0.022857 0.036802
0 0.096071 0.574873 0.022143 0.038071
0 0.113571 0.576142 0.020000 0.035533
0 0.226071 0.577411 0.019286 0.043147
0 0.210000 0.577411 0.020000 0.043147
0 0.193571 0.578046 0.020000 0.041878
0 0.176429 0.579315 0.024286 0.039340
0 0.131071 0.575508 0.012143 0.031726
0 0.145000 0.578046 0.014286 0.036802
0 0.162857 0.578046 0.017143 0.034264
0 0.080714 0.569797 0.020000 0.038071
0 0.456071 0.397208 0.009286 0.027919
0 0.468214 0.378807 0.007857 0.021574
0 0.516429 0.482868 0.024286 0.024112
0 0.557143 0.483503 0.027143 0.020305
0 0.411429 0.153553 0.021429 0.050761
0 0.431786 0.390228 0.015000 0.036802
0 0.235000 0.059645 0.012857 0.015228
0 0.248214 0.052665 0.017857 0.019036
0 0.233214 0.046320 0.015000 0.013959
0 0.317500 0.053299 0.010714 0.017766
0 0.332857 0.036168 0.008571 0.013959
0 0.326429 0.042513 0.008571 0.011421
0 0.336071 0.028553 0.006429 0.008883
0 0.330357 0.052030 0.010714 0.010152
0 0.353929 0.673858 0.003571 0.017766
0 0.515357 0.378173 0.002143 0.012690
0 0.440714 0.211929 0.001429 0.012690
0 0.445357 0.184645 0.003571 0.013959
0 0.439643 0.198604 0.003571 0.011421
