0 0.722857 0.696701 0.082857 0.076142
0 0.685000 0.785533 0.015714 0.035533
0 0.195714 0.543782 0.020000 0.046954
0 0.327500 0.198604 0.012143 0.031726
0 0.333214 0.220812 0.012143 0.035533
0 0.447857 0.283629 0.011429 0.034264
0 0.294643 0.140228 0.009286 0.031726
0 0.290000 0.144036 0.010000 0.034264
0 0.050000 0.293782 0.008571 0.031726
0 0.045000 0.295685 0.007143 0.030457
0 0.802500 0.546954 0.010714 0.035533
0 0.694643 0.803934 0.015000 0.036802
0 0.772857 0.772208 0.020000 0.036802
0 0.243929 0.506980 0.067857 0.095178
0 0.174286 0.446066 0.062857 0.085025
0 0.463571 0.283629 0.060000 0.072335
0 0.811071 0.440990 0.075000 0.085025
0 0.718929 0.387056 0.072143 0.078680
0 0.636071 0.304569 0.092143 0.119289
0 0.581429 0.253807 0.007143 0.035533
0 0.586429 0.249365 0.007143 0.034264
0 0.895000 0.385787 0.037143 0.068528
0 0.928571 0.411802 0.027143 0.067259
0 0.778929 0.307107 0.036429 0.058376
0 0.747143 0.291878 0.034286 0.060914
0 0.716071 0.275381 0.033571 0.060914
0 0.691429 0.258883 0.037143 0.068528
0 0.621071 0.212563 0.037857 0.059645
0 0.662143 0.238579 0.035714 0.060914
0 0.915714 0.131345 0.075714 0.069797
0 0.505714 0.234137 0.008571 0.041878
