0 0.080357 0.222381 0.116429 0.073333
0 0.027143 0.325714 0.042857 0.041905
0 0.278929 0.219048 0.016429 0.051429
0 0.238929 0.204286 0.062143 0.124762
0 0.121071 0.629048 0.032143 0.035238
0 0.113214 0.657619 0.030714 0.039048
0 0.100714 0.647619 0.018571 0.024762
0 0.812857 0.840476 0.084286 0.193333
0 0.242500 0.732381 0.030714 0.047619
0 0.241071 0.737143 0.052143 0.055238
0 0.202143 0.728571 0.028571 0.036190
0 0.215714 0.740952 0.027143 0.070476
0 0.438571 0.581429 0.070000 0.172381
0 0.907500 0.501429 0.047857 0.061905
0 0.978571 0.450000 0.035714 0.046667
0 0.776429 0.384762 0.067143 0.148571
0 0.670000 0.332381 0.021429 0.047619
0 0.342857 0.399524 0.018571 0.048571
0 0.327143 0.299524 0.092857 0.111429
0 0.203214 0.346190 0.069286 0.130476
0 0.340714 0.220000 0.097143 0.116190
0 0.364286 0.144286 0.105714 0.090476
0 0.410714 0.228095 0.018571 0.050476
0 0.408929 0.240000 0.019286 0.051429
0 0.485714 0.233333 0.055714 0.114286
0 0.705357 0.260476 0.022143 0.056190
0 0.838214 0.102381 0.019286 0.052381
0 0.851429 0.058571 0.021429 0.052381
0 0.597143 0.039524 0.090000 0.073333
