0 0.712857 0.095178 0.060000 0.068528
0 0.638214 0.229695 0.060714 0.068528
0 0.613929 0.279188 0.062143 0.073604
0 0.528571 0.433376 0.064286 0.074873
0 0.503214 0.487944 0.062143 0.085025
0 0.409286 0.537437 0.050000 0.112944
0 0.522857 0.266497 0.058571 0.086294
0 0.369286 0.710025 0.055714 0.092640
0 0.110357 0.772208 0.073571 0.130711
0 0.105000 0.392766 0.137143 0.222081
0 0.108214 0.103426 0.066429 0.085025
0 0.108571 0.031726 0.057143 0.063452
0 0.044286 0.173858 0.088571 0.154822
0 0.504286 0.606599 0.024286 0.040609
0 0.354643 0.652919 0.013571 0.029188
0 0.724286 0.260787 0.012857 0.034264
0 0.556786 0.819162 0.012143 0.024112
0 0.363929 0.838198 0.010714 0.019036
