0 0.177975 0.272727 0.020877 0.014842
0 0.205637 0.255566 0.015658 0.019481
0 0.301931 0.666048 0.025574 0.053803
0 0.329071 0.582560 0.020355 0.040816
0 0.357777 0.503711 0.018267 0.033395
0 0.509916 0.945269 0.027140 0.107607
0 0.616388 0.839981 0.024008 0.043599
0 0.545146 0.858071 0.010960 0.038961
0 0.529228 0.739796 0.045929 0.045455
0 0.533142 0.703154 0.039144 0.044527
0 0.529228 0.675325 0.039666 0.035250
0 0.761221 0.474490 0.031837 0.025046
0 0.771399 0.593692 0.036534 0.027829
0 0.787317 0.628942 0.044363 0.031540
0 0.817589 0.717996 0.049582 0.037106
0 0.804280 0.684137 0.043841 0.036178
0 0.869259 0.849722 0.053758 0.050093
0 0.894311 0.955937 0.067328 0.056586
