0 0.250000 0.567259 0.055714 0.058376
0 0.280000 0.880076 0.070000 0.054569
0 0.566429 0.563452 0.024286 0.093909
0 0.529643 0.529822 0.029286 0.092640
0 0.493929 0.531091 0.025000 0.087563
0 0.440000 0.522843 0.025714 0.088832
0 0.333929 0.527284 0.030714 0.087563
0 0.693214 0.528553 0.026429 0.082487
0 0.855000 0.533629 0.028571 0.090102
0 0.890357 0.531726 0.040714 0.093909
0 0.933214 0.531726 0.035000 0.093909
0 0.032143 0.537437 0.018571 0.024112
0 0.043571 0.628807 0.011429 0.024112
0 0.046071 0.631980 0.023571 0.020305
0 0.350357 0.734137 0.020714 0.031726
0 0.351071 0.732234 0.013571 0.025381
0 0.722143 0.622462 0.010000 0.016497
0 0.717500 0.626269 0.022143 0.021574
0 0.510000 0.498731 0.005714 0.030457
0 0.777857 0.963832 0.014286 0.021574
