0 0.525714 0.597619 0.031429 0.082857
0 0.627857 0.603333 0.035714 0.082857
0 0.885000 0.283333 0.058571 0.033333
0 0.617143 0.106667 0.034286 0.032381
0 0.514286 0.040000 0.015714 0.028571
0 0.425714 0.026667 0.020000 0.026667
0 0.363929 0.055714 0.019286 0.031429
0 0.296786 0.037143 0.022143 0.020952
0 0.583571 0.605714 0.052857 0.247619
0 0.587143 0.197619 0.101429 0.109524
0 0.752857 0.266667 0.135714 0.093333
0 0.921071 0.206667 0.050714 0.032381
0 0.448571 0.021429 0.018571 0.040952
0 0.491786 0.030000 0.017857 0.027619
0 0.612143 0.019524 0.020000 0.021905
0 0.092500 0.224286 0.055000 0.039048
0 0.110714 0.182857 0.051429 0.026667
0 0.119286 0.208095 0.054286 0.035238
0 0.138929 0.026667 0.016429 0.022857
0 0.041429 0.199524 0.055714 0.029524
0 0.157857 0.024286 0.024286 0.021905
0 0.179286 0.029524 0.021429 0.024762
0 0.198571 0.030000 0.022857 0.025714
0 0.219643 0.030000 0.022143 0.023810
0 0.240357 0.032381 0.022143 0.022857
0 0.259643 0.033333 0.020714 0.022857
0 0.238929 0.093810 0.006429 0.020000
0 0.321071 0.084762 0.005000 0.017143
0 0.324286 0.094762 0.007143 0.021905
0 0.401429 0.041905 0.004286 0.019048
0 0.450000 0.096667 0.008571 0.020000
0 0.426786 0.416667 0.007857 0.025714
0 0.086071 0.137143 0.019286 0.015238
0 0.493929 0.363333 0.023571 0.020000
0 0.673214 0.442857 0.007857 0.026667
0 0.674286 0.435714 0.011429 0.018095
0 0.493214 0.361429 0.009286 0.029524
0 0.085714 0.133333 0.012857 0.013333
0 0.185714 0.481429 0.015714 0.027619
0 0.433214 0.401905 0.007857 0.022857
0 0.334286 0.369524 0.007143 0.024762
0 0.781429 0.625714 0.014286 0.024762
0 0.933571 0.344286 0.008571 0.014286
0 0.926429 0.343810 0.008571 0.013333
0 0.929286 0.347619 0.024286 0.017143
0 0.781071 0.631905 0.015000 0.037143
0 0.882857 0.532381 0.017143 0.028571
0 0.891429 0.525238 0.011429 0.029524
0 0.550000 0.016190 0.005714 0.015238
0 0.545714 0.016190 0.005714 0.017143
0 0.982500 0.116667 0.026429 0.035238
0 0.938214 0.117143 0.025000 0.032381
0 0.820357 0.204762 0.042143 0.026667
0 0.842500 0.224762 0.050714 0.028571
0 0.819643 0.180952 0.050714 0.032381
0 0.776786 0.108095 0.037857 0.025714
0 0.879643 0.118095 0.007857 0.022857
0 0.895357 0.127143 0.007857 0.020000
0 0.901429 0.124286 0.007143 0.020000
0 0.756071 0.135714 0.006429 0.020000
0 0.653214 0.114286 0.007857 0.017143
0 0.658929 0.065238 0.006429 0.018095
0 0.655000 0.034762 0.004286 0.018095
0 0.660000 0.051429 0.005714 0.019048
0 0.640357 0.024286 0.005000 0.016190
0 0.807143 0.120952 0.004286 0.009524
0 0.806786 0.111905 0.007857 0.016190
0 0.886429 0.108095 0.005714 0.018095
0 0.672500 0.104762 0.013571 0.032381
0 0.776429 0.151429 0.017143 0.009524
0 0.778929 0.147143 0.009286 0.016190
