0 0.366071 0.938452 0.049286 0.072335
0 0.359643 0.892766 0.049286 0.067259
0 0.376786 0.868020 0.052143 0.060914
0 0.387857 0.835025 0.045714 0.055838
0 0.396429 0.803299 0.048571 0.055838
0 0.415357 0.779188 0.047857 0.055838
0 0.432143 0.745558 0.047143 0.046954
0 0.442500 0.715102 0.045000 0.052030
0 0.451786 0.687817 0.043571 0.055838
0 0.458929 0.664340 0.037857 0.039340
0 0.467500 0.644670 0.043571 0.050761
0 0.477500 0.627538 0.039286 0.049492
0 0.488929 0.607234 0.039286 0.044416
0 0.516786 0.605330 0.032143 0.040609
0 0.520714 0.583756 0.035714 0.043147
0 0.525714 0.566624 0.035714 0.039340
0 0.460357 0.777284 0.036429 0.067259
0 0.491071 0.688452 0.032143 0.057107
0 0.509643 0.644670 0.025000 0.048223
0 0.661071 0.612310 0.027857 0.054569
0 0.685000 0.626269 0.025714 0.052030
0 0.685714 0.198604 0.012857 0.026650
0 0.753929 0.272208 0.023571 0.031726
0 0.795357 0.403553 0.007857 0.022843
0 0.779286 0.370558 0.007143 0.015228
0 0.796071 0.434645 0.006429 0.024112
0 0.821786 0.201777 0.017857 0.027919
0 0.705714 0.344543 0.027143 0.097716
0 0.276071 0.336929 0.100714 0.107868
0 0.402143 0.296320 0.015714 0.019036
0 0.402500 0.286802 0.007857 0.022843
0 0.458214 0.256980 0.027857 0.029188
0 0.228571 0.247462 0.030000 0.040609
0 0.121071 0.266497 0.036429 0.032995
0 0.030357 0.311548 0.042143 0.031726
0 0.371429 0.145939 0.022857 0.032995
0 0.518214 0.035533 0.015000 0.022843
0 0.619286 0.081853 0.011429 0.021574
0 0.586429 0.103426 0.014286 0.016497
0 0.116429 0.065355 0.018571 0.019036
