0 0.631071 0.698095 0.066429 0.177143
0 0.720357 0.740476 0.065000 0.208571
0 0.128214 0.831429 0.077857 0.169524
0 0.696429 0.548571 0.095714 0.116190
0 0.562143 0.560952 0.051429 0.154286
0 0.613571 0.471905 0.054286 0.132381
0 0.864286 0.715238 0.071429 0.177143
0 0.810357 0.351429 0.069286 0.133333
0 0.572857 0.059048 0.045714 0.106667
0 0.583214 0.192381 0.046429 0.120000
0 0.592857 0.327619 0.047143 0.114286
0 0.683571 0.390952 0.082857 0.134286
0 0.662143 0.259048 0.087143 0.112381
0 0.643929 0.061905 0.080714 0.095238
0 0.775714 0.197143 0.058571 0.123810
0 0.757500 0.076667 0.052143 0.098095
0 0.060714 0.506190 0.075714 0.180000
0 0.096786 0.298571 0.067857 0.143810
0 0.123214 0.148571 0.060714 0.118095
0 0.527857 0.286667 0.020000 0.047619
0 0.547500 0.290000 0.016429 0.046667
