0 0.413929 0.880476 0.083571 0.166667
0 0.459643 0.683810 0.062143 0.144762
0 0.551429 0.794762 0.070000 0.168571
0 0.481071 0.568571 0.046429 0.099048
0 0.790714 0.568571 0.060000 0.087619
0 0.819286 0.712857 0.074286 0.120952
0 0.899286 0.680476 0.077143 0.109524
0 0.872857 0.892857 0.105714 0.181905
0 0.953571 0.358095 0.092857 0.085714
0 0.828929 0.338571 0.070714 0.061905
0 0.552500 0.328095 0.035000 0.052381
0 0.558214 0.387143 0.049286 0.061905
0 0.597500 0.259524 0.033571 0.042857
0 0.638929 0.339048 0.050714 0.097143
0 0.613929 0.409048 0.015000 0.027619
0 0.613929 0.420476 0.015000 0.020000
0 0.643929 0.302381 0.033571 0.046667
0 0.560000 0.232381 0.045714 0.032381
0 0.886071 0.264286 0.006429 0.020000
0 0.889286 0.269524 0.008571 0.020952
0 0.867143 0.234762 0.015714 0.027619
0 0.877857 0.195714 0.010000 0.020000
0 0.933571 0.205714 0.007143 0.017143
0 0.951071 0.200000 0.006429 0.017143
0 0.982500 0.203333 0.006429 0.020000
0 0.979286 0.201429 0.005714 0.018095
0 0.975714 0.209048 0.014286 0.018095
0 0.949286 0.207143 0.010000 0.016190
0 0.930357 0.211429 0.012143 0.017143
0 0.877143 0.198095 0.010000 0.013333
0 0.883214 0.137143 0.007857 0.015238
0 0.882857 0.141905 0.014286 0.011429
0 0.860357 0.119524 0.040714 0.021905
0 0.817143 0.151429 0.018571 0.022857
0 0.781429 0.156190 0.018571 0.026667
0 0.776786 0.180476 0.045000 0.023810
0 0.748571 0.149048 0.037143 0.052381
0 0.718571 0.142381 0.025714 0.031429
0 0.689286 0.146667 0.024286 0.020952
0 0.686071 0.169048 0.023571 0.027619
0 0.554286 0.159524 0.007143 0.014286
0 0.554643 0.164762 0.009286 0.011429
0 0.650357 0.113810 0.096429 0.031429
0 0.080714 0.198571 0.042857 0.018095
0 0.115357 0.205238 0.042143 0.016190
0 0.104643 0.220952 0.043571 0.020952
0 0.156429 0.197143 0.042857 0.019048
0 0.178214 0.212857 0.043571 0.021905
0 0.228929 0.208571 0.043571 0.020952
0 0.274643 0.186190 0.037857 0.021905
0 0.292500 0.208571 0.040714 0.022857
0 0.354286 0.212381 0.041429 0.026667
0 0.427857 0.198095 0.042857 0.026667
0 0.491071 0.434762 0.010714 0.029524
0 0.450714 0.458095 0.015714 0.036190
0 0.538214 0.164762 0.005000 0.015238
0 0.542143 0.161905 0.005714 0.013333
0 0.585357 0.113810 0.005000 0.010476
0 0.585000 0.118095 0.004286 0.009524
0 0.080714 0.478571 0.025714 0.016190
0 0.073214 0.464286 0.026429 0.020000
0 0.062143 0.446667 0.032857 0.019048
0 0.046429 0.429048 0.034286 0.025714
0 0.032857 0.390476 0.034286 0.024762
0 0.026786 0.369048 0.030714 0.021905
0 0.022857 0.348571 0.025714 0.017143
0 0.022500 0.335238 0.020714 0.013333
0 0.021786 0.321429 0.019286 0.012381
0 0.161429 0.582381 0.020000 0.037143
