0 0.432411 0.732839 0.025574 0.079777
0 0.818111 0.887291 0.055846 0.054731
0 0.618998 0.365492 0.013570 0.029685
0 0.640397 0.343228 0.025052 0.031540
0 0.474948 0.323284 0.013570 0.026902
0 0.469207 0.269481 0.012526 0.030612
0 0.502349 0.227737 0.012004 0.026902
0 0.516180 0.219852 0.010438 0.018553
0 0.512787 0.142393 0.008873 0.019481
0 0.511221 0.099258 0.006785 0.012987
0 0.504436 0.062152 0.007829 0.016698
0 0.511743 0.052412 0.006785 0.012059
0 0.797495 0.841837 0.060543 0.054731
0 0.705898 0.743506 0.029749 0.065863
0 0.647182 0.608071 0.024008 0.052876
0 0.727296 0.621058 0.048539 0.039889
0 0.722077 0.598794 0.048539 0.032468
0 0.696503 0.526902 0.040188 0.040816
0 0.742432 0.526438 0.045407 0.036178
0 0.571503 0.392857 0.026096 0.088126
0 0.434499 0.323748 0.019311 0.076067
0 0.676931 0.417904 0.013570 0.013915
0 0.641962 0.375696 0.010438 0.020408
0 0.579071 0.171614 0.009916 0.016698
0 0.574896 0.153061 0.008873 0.016698
0 0.572025 0.146104 0.009395 0.013915
0 0.565762 0.117347 0.008351 0.013915
0 0.564196 0.108071 0.011482 0.010204
0 0.562109 0.099258 0.007307 0.011132
0 0.534447 0.153525 0.003132 0.008349
0 0.506785 0.026438 0.005219 0.008349
0 0.395355 0.259740 0.003653 0.014842
0 0.412578 0.191558 0.002610 0.008349
0 0.415710 0.173006 0.002610 0.006494
0 0.415971 0.179963 0.003132 0.007421
0 0.412839 0.197588 0.003132 0.011132
0 0.395094 0.263451 0.004175 0.007421
0 0.590031 0.290353 0.003653 0.009276
0 0.589509 0.297310 0.003653 0.010204
0 0.796712 0.581169 0.018267 0.023191
0 0.794885 0.659091 0.011482 0.034323
0 0.856994 0.773191 0.018789 0.026902
0 0.884656 0.860853 0.022965 0.025974
0 0.730167 0.772727 0.005219 0.025974
0 0.737996 0.773655 0.006263 0.029685
0 0.620303 0.217532 0.006785 0.008349
0 0.588466 0.153525 0.006785 0.008349
0 0.443894 0.070501 0.001566 0.005566
0 0.444154 0.074675 0.002088 0.004638
