0 0.655357 0.556667 0.035000 0.094286
0 0.573571 0.359048 0.027143 0.072381
0 0.437500 0.430952 0.033571 0.090476
0 0.491786 0.822381 0.047857 0.140000
0 0.307857 0.730476 0.082857 0.118095
0 0.145714 0.930952 0.095714 0.119048
0 0.621429 0.231429 0.024286 0.055238
0 0.472857 0.170000 0.022857 0.050476
0 0.536429 0.306667 0.035714 0.085714
0 0.676786 0.208571 0.025000 0.053333
0 0.515357 0.104286 0.025000 0.056190
0 0.850714 0.778095 0.022857 0.057143
0 0.852500 0.775238 0.015000 0.038095
0 0.746786 0.171905 0.009286 0.020000
0 0.770357 0.172381 0.010714 0.019048
0 0.771429 0.181429 0.010000 0.027619
0 0.748214 0.181905 0.009286 0.026667
0 0.426429 0.277619 0.012857 0.023810
0 0.426429 0.267619 0.011429 0.022857
