0 0.154286 0.700476 0.055714 0.098095
0 0.258571 0.653810 0.037143 0.075238
0 0.309643 0.611905 0.030714 0.067619
0 0.270000 0.574286 0.035714 0.064762
0 0.320000 0.511905 0.037143 0.075238
0 0.282857 0.486667 0.035714 0.057143
0 0.323929 0.446667 0.029286 0.041905
0 0.768571 0.923810 0.125714 0.093333
0 0.901786 0.891429 0.112143 0.091429
0 0.432143 0.322381 0.008571 0.027619
0 0.424643 0.378571 0.006429 0.014286
0 0.424643 0.385238 0.006429 0.014286
0 0.464643 0.824286 0.013571 0.037143
0 0.476429 0.777143 0.014286 0.036190
0 0.044286 0.841905 0.015714 0.024762
0 0.082500 0.760952 0.017857 0.028571
0 0.086429 0.728571 0.017143 0.028571
0 0.651429 0.758571 0.014286 0.021905
0 0.660714 0.791429 0.017143 0.034286
0 0.567143 0.753810 0.011429 0.023810
0 0.566786 0.764762 0.033571 0.017143
0 0.647857 0.767143 0.027143 0.016190
0 0.652500 0.796667 0.036429 0.020000
0 0.477857 0.778571 0.032857 0.037143
0 0.462500 0.830952 0.036429 0.027619
0 0.043929 0.844762 0.026429 0.028571
0 0.086429 0.770000 0.015714 0.044762
0 0.088929 0.741905 0.016429 0.020952
