0 0.096071 0.019048 0.012143 0.022857
0 0.091071 0.044286 0.010714 0.021905
0 0.084643 0.070952 0.013571 0.023810
0 0.078929 0.096190 0.013571 0.024762
0 0.072500 0.124286 0.013571 0.025714
0 0.066071 0.147143 0.013571 0.023810
0 0.060357 0.174762 0.013571 0.025714
0 0.087500 0.090952 0.005000 0.008571
0 0.013214 0.067619 0.006429 0.005714
0 0.053214 0.201429 0.015000 0.021905
0 0.043929 0.226190 0.025000 0.042857
0 0.040357 0.261429 0.015000 0.025714
0 0.033571 0.290476 0.014286 0.026667
0 0.026786 0.319524 0.015000 0.029524
0 0.018214 0.352381 0.017857 0.028571
0 0.008929 0.383333 0.017857 0.033333
0 0.015714 0.408571 0.007143 0.005714
0 0.017857 0.410952 0.005714 0.010476
0 0.229286 0.030476 0.018571 0.013333
0 0.227857 0.040476 0.018571 0.010476
0 0.227143 0.050952 0.024286 0.020000
0 0.226429 0.066190 0.022857 0.014286
0 0.269286 0.055714 0.020000 0.014286
0 0.223214 0.079524 0.022143 0.014286
0 0.220357 0.113333 0.023571 0.015238
0 0.266071 0.081905 0.020714 0.015238
0 0.258929 0.118095 0.020714 0.013333
0 0.258571 0.128571 0.022857 0.017143
0 0.307857 0.163810 0.004286 0.011429
0 0.689643 0.692857 0.006429 0.006667
0 0.706071 0.700000 0.006429 0.005714
0 0.690000 0.720476 0.030000 0.025714
0 0.693929 0.744286 0.027857 0.020000
0 0.683929 0.768571 0.029286 0.019048
0 0.676786 0.790476 0.030714 0.017143
0 0.667500 0.822381 0.029286 0.020000
0 0.687500 0.869048 0.003571 0.004762
0 0.691429 0.875238 0.007143 0.007619
0 0.659286 0.877619 0.030000 0.021905
0 0.652500 0.902857 0.032143 0.024762
0 0.645357 0.930476 0.023571 0.020952
0 0.649286 0.960000 0.031429 0.028571
0 0.743929 0.551905 0.006429 0.006667
0 0.514643 0.415714 0.003571 0.006667
0 0.512500 0.419524 0.003571 0.006667
0 0.505714 0.344286 0.007143 0.008571
0 0.501429 0.349524 0.005714 0.009524
0 0.498571 0.352857 0.005714 0.008571
0 0.496429 0.355714 0.005714 0.010476
0 0.597500 0.511905 0.003571 0.006667
0 0.416786 0.418571 0.003571 0.008571
0 0.420000 0.448095 0.004286 0.006667
0 0.372857 0.281429 0.004286 0.008571
0 0.375357 0.276667 0.003571 0.006667
0 0.331786 0.199524 0.005000 0.008571
0 0.326786 0.037143 0.009286 0.019048
