0 0.396429 0.644762 0.174286 0.121905
0 0.482857 0.543810 0.125714 0.083810
0 0.581429 0.556190 0.128571 0.108571
0 0.712857 0.500000 0.098571 0.091429
0 0.332143 0.491905 0.092857 0.060000
0 0.305714 0.475238 0.100000 0.064762
0 0.477857 0.461905 0.078571 0.053333
0 0.189286 0.456190 0.098571 0.049524
0 0.308929 0.432381 0.085000 0.047619
0 0.398214 0.410476 0.089286 0.040000
0 0.130357 0.429524 0.047857 0.041905
0 0.153929 0.338571 0.042143 0.023810
0 0.219286 0.353810 0.044286 0.023810
0 0.196429 0.351905 0.038571 0.023810
0 0.076786 0.321905 0.013571 0.013333
0 0.070714 0.315238 0.027143 0.015238
0 0.172857 0.413810 0.038571 0.039048
0 0.207143 0.413810 0.035714 0.033333
0 0.192143 0.382857 0.038571 0.030476
0 0.239643 0.403333 0.037857 0.033333
0 0.275714 0.396190 0.041429 0.032381
0 0.046429 0.410952 0.085714 0.031429
0 0.110357 0.360952 0.025000 0.022857
0 0.097857 0.351429 0.028571 0.024762
0 0.437857 0.371429 0.038571 0.036190
0 0.453571 0.386667 0.007143 0.020952
0 0.471071 0.394762 0.006429 0.031429
0 0.484643 0.399048 0.025000 0.026667
0 0.486071 0.370952 0.030714 0.031429
0 0.557143 0.378095 0.052857 0.041905
0 0.548571 0.353810 0.007143 0.025714
0 0.601429 0.363810 0.005714 0.028571
0 0.606071 0.364762 0.005000 0.028571
0 0.920714 0.379048 0.061429 0.038095
0 0.968571 0.365238 0.037143 0.033333
