0 0.222857 0.300476 0.062857 0.092381
0 0.296071 0.337619 0.060714 0.096190
0 0.440714 0.451429 0.058571 0.097143
0 0.275714 0.580000 0.081429 0.070476
0 0.195357 0.466190 0.085000 0.075238
0 0.526786 0.231905 0.049286 0.092381
0 0.325000 0.096667 0.057143 0.090476
0 0.112143 0.231429 0.072857 0.095238
0 0.071786 0.214762 0.069286 0.094286
0 0.043929 0.178095 0.069286 0.091429
0 0.551786 0.519048 0.080714 0.070476
0 0.565714 0.469524 0.060000 0.062857
0 0.603929 0.386190 0.077857 0.077143
0 0.621071 0.336667 0.073571 0.075238
0 0.642143 0.294762 0.068571 0.071429
0 0.680357 0.160000 0.069286 0.074286
0 0.732500 0.044286 0.056429 0.063810
0 0.435000 0.747143 0.078571 0.077143
0 0.852143 0.734762 0.061429 0.128571
0 0.961429 0.770000 0.051429 0.100000
0 0.891071 0.298095 0.049286 0.091429
0 0.831429 0.101429 0.044286 0.079048
0 0.888571 0.055714 0.044286 0.077143
0 0.745000 0.282381 0.015714 0.025714
0 0.705357 0.268571 0.016429 0.026667
0 0.602143 0.210476 0.010000 0.026667
0 0.691071 0.462857 0.015000 0.019048
0 0.633214 0.889048 0.015000 0.021905
0 0.685714 0.782857 0.015714 0.024762
0 0.677857 0.720952 0.014286 0.022857
0 0.629643 0.887619 0.013571 0.041905
0 0.682143 0.785238 0.011429 0.040952
0 0.673929 0.721905 0.013571 0.034286
0 0.536786 0.591429 0.073571 0.076190
0 0.224643 0.184286 0.015000 0.025714
0 0.447143 0.320000 0.012857 0.022857
0 0.381786 0.123810 0.017857 0.030476
0 0.566786 0.326667 0.025000 0.034286
0 0.603929 0.250476 0.012143 0.030476
0 0.587500 0.286667 0.017857 0.028571
0 0.631786 0.117143 0.017857 0.028571
0 0.862857 0.141429 0.044286 0.098095
0 0.827500 0.037143 0.016429 0.028571
