0 0.681071 0.697143 0.019286 0.028571
0 0.580357 0.427619 0.013571 0.040000
0 0.585000 0.515238 0.014286 0.038095
0 0.603571 0.580000 0.020000 0.022857
0 0.619286 0.565238 0.014286 0.033333
0 0.509643 0.683333 0.050714 0.134286
0 0.458214 0.461905 0.037857 0.076190
0 0.402500 0.418571 0.047857 0.096190
0 0.518571 0.577143 0.041429 0.043810
0 0.566071 0.613810 0.040714 0.029524
0 0.500357 0.400000 0.032143 0.028571
0 0.505357 0.385714 0.029286 0.024762
0 0.512500 0.360952 0.045000 0.030476
0 0.515000 0.344286 0.031429 0.025714
0 0.508929 0.308571 0.032143 0.030476
0 0.432143 0.131905 0.027143 0.044762
0 0.291786 0.162381 0.032143 0.050476
0 0.512143 0.293810 0.028571 0.020000
0 0.513929 0.272857 0.027857 0.020000
0 0.510357 0.266190 0.027857 0.020000
0 0.512500 0.282857 0.027857 0.024762
0 0.555714 0.124286 0.008571 0.023810
0 0.556786 0.058095 0.007857 0.028571
0 0.538214 0.100000 0.022143 0.020952
0 0.548929 0.114762 0.025000 0.016190
0 0.564643 0.028095 0.007857 0.021905
0 0.101786 0.796190 0.090714 0.161905
0 0.271786 0.688095 0.066429 0.147619
0 0.157857 0.610952 0.067143 0.126667
0 0.341429 0.171429 0.010000 0.032381
0 0.342857 0.176190 0.021429 0.020952
0 0.277500 0.259524 0.025000 0.023810
0 0.263929 0.268095 0.029286 0.021905
0 0.259286 0.271429 0.025714 0.019048
0 0.228214 0.258571 0.029286 0.025714
