0 0.812857 0.870000 0.160000 0.132381
0 0.927143 0.695714 0.112857 0.088571
0 0.870714 0.639524 0.097143 0.073333
0 0.277500 0.520952 0.015000 0.030476
0 0.287857 0.537143 0.034286 0.030476
0 0.123929 0.650952 0.025000 0.044762
0 0.371071 0.499524 0.009286 0.031429
0 0.381786 0.492381 0.050714 0.066667
0 0.501071 0.475238 0.042143 0.060952
0 0.477143 0.437143 0.038571 0.045714
0 0.429286 0.420000 0.034286 0.051429
0 0.507857 0.353333 0.028571 0.026667
0 0.522143 0.336667 0.042857 0.025714
0 0.473571 0.315238 0.008571 0.017143
0 0.483571 0.303333 0.037143 0.023810
0 0.353214 0.319524 0.027857 0.025714
0 0.342500 0.309048 0.027857 0.023810
0 0.323929 0.297619 0.026429 0.029524
0 0.305714 0.284286 0.024286 0.021905
0 0.355714 0.296190 0.030000 0.024762
0 0.374286 0.279524 0.028571 0.020000
0 0.315714 0.268571 0.032857 0.032381
0 0.450714 0.262381 0.007143 0.016190
0 0.574643 0.460476 0.019286 0.031429
0 0.571429 0.455238 0.015714 0.024762
0 0.677143 0.533333 0.015714 0.030476
0 0.674286 0.540952 0.035714 0.028571
0 0.810714 0.613810 0.037143 0.033333
0 0.806429 0.595238 0.038571 0.030476
0 0.808571 0.585714 0.022857 0.038095
0 0.813929 0.603333 0.022143 0.039048
0 0.795714 0.529524 0.077143 0.053333
0 0.816786 0.489524 0.056429 0.057143
0 0.788571 0.450476 0.087143 0.045714
0 0.918929 0.512381 0.075000 0.045714
0 0.880000 0.500000 0.022857 0.019048
0 0.857500 0.455714 0.057857 0.052381
0 0.936071 0.474286 0.076429 0.059048
0 0.865357 0.447619 0.060714 0.045714
0 0.907857 0.445714 0.054286 0.036190
0 0.962500 0.467619 0.060714 0.055238
0 0.957143 0.418095 0.054286 0.034286
0 0.970714 0.437143 0.058571 0.034286
0 0.988214 0.557143 0.010714 0.024762
