0 0.458214 0.559048 0.025000 0.057143
0 0.649643 0.686190 0.052143 0.069524
0 0.789643 0.636190 0.066429 0.034286
0 0.588214 0.250476 0.013571 0.030476
0 0.498571 0.289048 0.021429 0.035238
0 0.498929 0.548571 0.020714 0.064762
0 0.322857 0.752857 0.035714 0.073333
0 0.313214 0.688095 0.050714 0.037143
0 0.265714 0.836667 0.024286 0.016190
0 0.247500 0.894762 0.023571 0.018095
0 0.225714 0.963333 0.021429 0.014286
0 0.379286 0.514762 0.027143 0.056190
0 0.396071 0.445714 0.023571 0.049524
0 0.419286 0.344762 0.024286 0.041905
0 0.567857 0.388095 0.017143 0.040952
0 0.534643 0.226667 0.013571 0.030476
0 0.584643 0.112381 0.012143 0.020952
0 0.532143 0.104762 0.014286 0.024762
0 0.529286 0.067619 0.011429 0.020952
0 0.453571 0.194286 0.018571 0.030476
0 0.466786 0.132381 0.013571 0.028571
0 0.491786 0.060952 0.016429 0.019048
0 0.553571 0.034762 0.010000 0.018095
0 0.411071 0.114286 0.003571 0.013333
0 0.501429 0.020952 0.002857 0.009524
0 0.505357 0.031905 0.003571 0.010476
0 0.500357 0.043333 0.003571 0.012381
0 0.505000 0.044286 0.002857 0.012381
0 0.480714 0.152857 0.005714 0.010476
0 0.477143 0.143810 0.004286 0.013333
0 0.539643 0.168095 0.015000 0.031429
0 0.501429 0.019524 0.002857 0.004762
0 0.506071 0.030000 0.003571 0.004762
0 0.500357 0.040476 0.002143 0.006667
0 0.505000 0.042381 0.002857 0.002857
0 0.476429 0.140952 0.002857 0.007619
0 0.482143 0.151429 0.002857 0.007619
0 0.446786 0.002381 0.003571 0.004762
0 0.666071 0.945714 0.006429 0.024762
0 0.657143 0.462857 0.007143 0.015238
0 0.669286 0.468095 0.007143 0.014286
0 0.674286 0.486667 0.004286 0.013333
0 0.618571 0.011905 0.002857 0.006667
0 0.625357 0.101429 0.003571 0.010476
0 0.622143 0.159524 0.004286 0.010476
0 0.618571 0.016190 0.004286 0.015238
0 0.625000 0.106190 0.005714 0.018095
0 0.622143 0.161905 0.004286 0.015238
0 0.657857 0.472381 0.012857 0.017143
0 0.667857 0.478095 0.017143 0.017143
0 0.671071 0.495714 0.017857 0.018095
0 0.666786 0.957619 0.012143 0.042857
0 0.749286 0.378571 0.004286 0.016190
0 0.742500 0.375714 0.005000 0.018095
0 0.652500 0.313333 0.015000 0.032381
0 0.642500 0.194286 0.016429 0.026667
0 0.638214 0.125238 0.015000 0.020000
0 0.632857 0.065238 0.012857 0.018095
0 0.626071 0.011905 0.003571 0.010476
