0 0.556889 0.026438 0.021921 0.039889
0 0.569676 0.157699 0.025574 0.029685
0 0.574374 0.207792 0.043319 0.076067
0 0.572808 0.262987 0.020355 0.036178
0 0.576461 0.278293 0.025574 0.033395
0 0.579593 0.315863 0.029749 0.026902
0 0.608299 0.259740 0.042276 0.092764
0 0.617432 0.339981 0.028184 0.101113
0 0.597860 0.411410 0.025574 0.034323
0 0.706681 0.447124 0.057411 0.051948
0 0.666754 0.217996 0.014092 0.033395
0 0.676670 0.200835 0.013048 0.038033
0 0.693372 0.202226 0.021399 0.083488
0 0.719729 0.192950 0.019833 0.068646
0 0.693372 0.113636 0.013048 0.017625
0 0.694415 0.103896 0.008873 0.020408
0 0.693894 0.123377 0.024530 0.070501
0 0.694937 0.558905 0.037056 0.093692
0 0.732255 0.536178 0.014614 0.053803
0 0.616910 0.712430 0.021921 0.061224
0 0.602296 0.629406 0.021921 0.052876
0 0.661013 0.674861 0.014092 0.052876
0 0.647965 0.532931 0.012004 0.047310
0 0.648225 0.530148 0.013570 0.021336
0 0.659969 0.673933 0.014092 0.023191
0 0.635699 0.968460 0.015658 0.027829
0 0.633873 0.969852 0.014092 0.058442
0 0.882568 0.530148 0.052192 0.136364
0 0.844990 0.156772 0.037578 0.083488
