0 0.587857 0.816190 0.055714 0.135238
0 0.503214 0.517619 0.046429 0.134286
0 0.377500 0.451429 0.046429 0.123810
0 0.451429 0.464762 0.041429 0.118095
0 0.457143 0.281905 0.041429 0.121905
0 0.524286 0.331429 0.044286 0.129524
0 0.585714 0.288571 0.040000 0.135238
0 0.533929 0.129524 0.040714 0.114286
0 0.477500 0.122381 0.036429 0.119048
0 0.278929 0.507619 0.012143 0.019048
0 0.313214 0.545238 0.013571 0.021905
0 0.284643 0.550000 0.025000 0.021905
0 0.262500 0.810476 0.020714 0.019048
0 0.227857 0.812381 0.021429 0.030476
0 0.160714 0.684762 0.031429 0.015238
0 0.282500 0.509524 0.020714 0.043810
0 0.315357 0.546667 0.013571 0.047619
0 0.282500 0.565238 0.012143 0.023810
0 0.264286 0.809524 0.020000 0.053333
0 0.234643 0.808095 0.025000 0.060000
0 0.342143 0.741905 0.015714 0.028571
0 0.348929 0.741905 0.025000 0.047619
0 0.557500 0.572857 0.037857 0.141905
0 0.161786 0.551429 0.032143 0.043810
