0 0.043571 0.228571 0.024286 0.036190
0 0.033929 0.220476 0.010714 0.035238
0 0.163571 0.030000 0.012857 0.029524
0 0.175357 0.012381 0.007857 0.015238
0 0.176429 0.020476 0.014286 0.018095
0 0.218571 0.086190 0.035714 0.063810
0 0.168214 0.093810 0.053571 0.088571
0 0.353929 0.317143 0.077857 0.064762
0 0.413929 0.242857 0.065000 0.066667
0 0.354643 0.182381 0.067857 0.054286
0 0.292857 0.247619 0.077143 0.078095
0 0.496786 0.260000 0.056429 0.072381
0 0.345714 0.066667 0.060000 0.047619
0 0.365714 0.033333 0.047143 0.047619
0 0.560357 0.073810 0.059286 0.063810
0 0.867500 0.226190 0.073571 0.086667
0 0.795714 0.616190 0.020000 0.028571
0 0.861429 0.668571 0.091429 0.112381
