0 0.333929 0.980000 0.023571 0.022857
0 0.091429 0.933333 0.124286 0.083810
0 0.086786 0.847619 0.133571 0.081905
0 0.157500 0.684286 0.116429 0.079048
0 0.347857 0.636667 0.064286 0.132381
0 0.380714 0.530000 0.052857 0.111429
0 0.276071 0.353333 0.097857 0.066667
0 0.332143 0.386667 0.014286 0.030476
0 0.211429 0.530952 0.018571 0.035238
0 0.180000 0.512381 0.030000 0.026667
0 0.182857 0.528095 0.022857 0.018095
0 0.430000 0.413810 0.011429 0.035238
0 0.407143 0.406190 0.048571 0.096190
0 0.424286 0.320476 0.044286 0.092381
0 0.443929 0.247619 0.039286 0.076190
0 0.412500 0.069048 0.010714 0.031429
0 0.476071 0.114286 0.029286 0.055238
0 0.672500 0.418095 0.039286 0.093333
0 0.671071 0.321905 0.033571 0.080000
0 0.490357 0.069048 0.029286 0.060000
0 0.360357 0.134286 0.072143 0.051429
0 0.607857 0.039524 0.028571 0.052381
0 0.514643 0.099524 0.010714 0.020000
0 0.515357 0.110476 0.007857 0.024762
