0 0.392500 0.530476 0.075000 0.081905
0 0.485000 0.614286 0.088571 0.097143
0 0.145357 0.792857 0.137857 0.147619
0 0.249286 0.910952 0.072857 0.178095
0 0.119643 0.723810 0.123571 0.118095
0 0.087500 0.677619 0.130714 0.130476
0 0.069286 0.629048 0.118571 0.098095
0 0.088571 0.344762 0.090000 0.049524
0 0.100000 0.364762 0.017143 0.032381
0 0.135000 0.429048 0.070000 0.073333
0 0.192143 0.446667 0.041429 0.074286
0 0.260714 0.529048 0.085714 0.094286
0 0.461071 0.750000 0.102143 0.130476
0 0.743571 0.823333 0.114286 0.136190
0 0.607857 0.709524 0.101429 0.104762
0 0.728214 0.461905 0.083571 0.066667
0 0.955000 0.439048 0.075714 0.059048
0 0.686071 0.355714 0.062143 0.054286
0 0.560000 0.357619 0.061429 0.050476
0 0.579643 0.335238 0.062143 0.043810
0 0.602143 0.314762 0.060000 0.046667
0 0.483929 0.315714 0.056429 0.046667
0 0.500000 0.285714 0.052857 0.040000
0 0.530000 0.273810 0.050000 0.042857
0 0.594643 0.270000 0.057857 0.040952
0 0.402857 0.117143 0.044286 0.028571
0 0.415357 0.096667 0.049286 0.025714
0 0.495357 0.083333 0.037857 0.025714
0 0.490000 0.056667 0.030000 0.023810
0 0.480357 0.048571 0.030714 0.020952
0 0.513214 0.038095 0.030714 0.020952
0 0.557857 0.034762 0.028571 0.020000
0 0.289643 0.043333 0.039286 0.025714
0 0.023214 0.124762 0.016429 0.036190
0 0.237500 0.045714 0.007857 0.015238
0 0.319643 0.042381 0.005000 0.020000
0 0.326429 0.046667 0.007143 0.013333
0 0.352143 0.070952 0.010000 0.023810
0 0.470357 0.156667 0.007857 0.025714
0 0.509286 0.177619 0.007143 0.018095
0 0.525714 0.166190 0.008571 0.027619
0 0.492500 0.152381 0.009286 0.022857
0 0.505357 0.157143 0.005000 0.020952
0 0.282500 0.023333 0.016429 0.020000
0 0.307857 0.016667 0.015714 0.023810
0 0.468214 0.015238 0.025000 0.020952
0 0.063214 0.572857 0.102143 0.082857
0 0.048929 0.423333 0.083571 0.065714
0 0.011071 0.413333 0.019286 0.022857
0 0.005714 0.408095 0.008571 0.029524
0 0.288571 0.440000 0.088571 0.089524
0 0.196071 0.030476 0.042143 0.038095
0 0.148929 0.062857 0.006429 0.022857
0 0.242500 0.076190 0.015000 0.013333
0 0.251786 0.202381 0.032143 0.020000
0 0.410714 0.132381 0.005714 0.017143
0 0.506429 0.136667 0.005714 0.020000
0 0.511071 0.133810 0.006429 0.020000
0 0.573214 0.045714 0.025000 0.017143
0 0.557857 0.065714 0.022857 0.013333
0 0.600714 0.184762 0.048571 0.041905
0 0.678929 0.228095 0.046429 0.029524
0 0.662857 0.386190 0.077143 0.060000
0 0.026071 0.076190 0.009286 0.028571
0 0.251786 0.202857 0.012143 0.020952
0 0.276429 0.229048 0.011429 0.025714
0 0.276786 0.233810 0.022143 0.020000
0 0.022143 0.119524 0.010000 0.023810
0 0.242500 0.072857 0.007857 0.018095
0 0.208929 0.407143 0.013571 0.033333
0 0.215357 0.407619 0.016429 0.030476
