0 0.305357 0.863810 0.005000 0.011429
0 0.311429 0.855714 0.004286 0.012381
0 0.422857 0.720000 0.004286 0.011429
0 0.418929 0.687143 0.002143 0.010476
0 0.422500 0.665238 0.002143 0.010476
0 0.423571 0.646667 0.002857 0.011429
0 0.498571 0.431429 0.001429 0.005714
0 0.488214 0.385238 0.002143 0.006667
0 0.401429 0.357143 0.010000 0.024762
0 0.470357 0.207143 0.003571 0.008571
0 0.473929 0.197143 0.002143 0.005714
0 0.514643 0.904286 0.005000 0.020000
0 0.561429 0.749048 0.014286 0.025714
0 0.580000 0.865238 0.018571 0.035238
0 0.453571 0.892857 0.001429 0.014286
0 0.705714 0.670952 0.011429 0.021905
0 0.692143 0.686190 0.011429 0.023810
0 0.342500 0.541905 0.013571 0.032381
