0 0.210357 0.552857 0.057857 0.141905
0 0.112143 0.894762 0.065714 0.170476
0 0.225000 0.381905 0.047143 0.100952
0 0.244286 0.221905 0.050000 0.120000
0 0.051071 0.123333 0.096429 0.061905
0 0.058929 0.073810 0.099286 0.058095
0 0.195000 0.735714 0.061429 0.140000
0 0.123214 0.687619 0.067857 0.135238
0 0.749286 0.871905 0.060000 0.176190
0 0.727500 0.272381 0.047857 0.118095
0 0.814643 0.129524 0.059286 0.112381
0 0.635000 0.304286 0.042857 0.130476
0 0.651429 0.456667 0.047143 0.130476
0 0.672857 0.611429 0.047143 0.106667
0 0.681071 0.791905 0.059286 0.174286
0 0.485357 0.542381 0.042143 0.111429
0 0.842857 0.403810 0.024286 0.032381
0 0.815357 0.286667 0.019286 0.034286
0 0.810000 0.385238 0.018571 0.025714
0 0.782857 0.521429 0.017143 0.033333
0 0.899643 0.496190 0.039286 0.049524
0 0.921786 0.667619 0.049286 0.024762
0 0.943571 0.635714 0.020000 0.050476
0 0.880357 0.291429 0.036429 0.026667
0 0.880000 0.264762 0.032857 0.036190
0 0.841786 0.100952 0.019286 0.040000
0 0.125000 0.566667 0.025714 0.024762
0 0.110714 0.559524 0.024286 0.025714
0 0.079643 0.488571 0.023571 0.022857
0 0.165000 0.186667 0.024286 0.036190
0 0.388571 0.346667 0.014286 0.024762
0 0.287500 0.320952 0.015000 0.026667
0 0.342500 0.167619 0.015000 0.026667
0 0.291071 0.330000 0.012143 0.052381
0 0.390714 0.357619 0.014286 0.040952
0 0.343214 0.177619 0.012143 0.050476
0 0.253571 0.088095 0.048571 0.126667
