0 0.384643 0.934645 0.043571 0.112944
0 0.371429 0.750635 0.042857 0.085025
0 0.247500 0.827411 0.007857 0.035533
0 0.356429 0.580584 0.007143 0.029188
0 0.341071 0.532995 0.012143 0.035533
0 0.395714 0.423858 0.011429 0.022843
0 0.463929 0.364213 0.003571 0.022843
0 0.179643 0.321066 0.092143 0.071066
0 0.321071 0.299492 0.083571 0.065990
0 0.465357 0.269036 0.109286 0.083756
0 0.587857 0.257614 0.077143 0.063452
0 0.411071 0.308376 0.006429 0.027919
0 0.526429 0.289340 0.005714 0.027919
0 0.525714 0.298858 0.007143 0.031726
0 0.542500 0.288706 0.007857 0.029188
0 0.542143 0.294416 0.005714 0.030457
0 0.583571 0.284264 0.005714 0.025381
0 0.598571 0.286168 0.008571 0.031726
0 0.631786 0.277284 0.006429 0.026650
0 0.635357 0.281091 0.005000 0.026650
0 0.518571 0.210025 0.007143 0.024112
0 0.692143 0.191624 0.005714 0.022843
0 0.688214 0.180203 0.005000 0.020305
0 0.613214 0.034264 0.007857 0.012690
0 0.619643 0.040609 0.007857 0.012690
0 0.623929 0.034264 0.007857 0.010152
0 0.643929 0.035533 0.007857 0.012690
0 0.673214 0.039340 0.006429 0.012690
0 0.597500 0.027919 0.002143 0.010152
0 0.600714 0.023477 0.002857 0.008883
0 0.582143 0.055203 0.002857 0.011421
0 0.599286 0.135152 0.002857 0.011421
0 0.599643 0.138325 0.003571 0.015228
0 0.946786 0.219543 0.046429 0.035533
0 0.901071 0.225888 0.037857 0.032995
0 0.946071 0.390228 0.063571 0.087563
0 0.910714 0.413706 0.051429 0.093909
0 0.880000 0.421320 0.050000 0.096447
0 0.845714 0.429569 0.027143 0.057107
0 0.680357 0.859772 0.007857 0.039340
0 0.662143 0.640863 0.007143 0.032995
0 0.671071 0.640228 0.006429 0.034264
0 0.655714 0.532360 0.005714 0.029188
0 0.674286 0.509518 0.005714 0.026650
0 0.674643 0.473350 0.006429 0.027919
0 0.660000 0.467005 0.007143 0.022843
0 0.665714 0.460660 0.005714 0.025381
0 0.660357 0.373731 0.006429 0.026650
0 0.664286 0.376269 0.004286 0.024112
0 0.579643 0.437183 0.017857 0.041878
0 0.565000 0.328680 0.020000 0.030457
0 0.646071 0.261421 0.012143 0.032995
0 0.657857 0.260787 0.014286 0.024112
0 0.661786 0.256980 0.012143 0.026650
0 0.675000 0.275381 0.007143 0.030457
0 0.675357 0.253173 0.012143 0.029188
0 0.682500 0.255711 0.009286 0.026650
0 0.687500 0.255076 0.010714 0.027919
0 0.696786 0.253173 0.012143 0.029188
0 0.704286 0.253173 0.010000 0.026650
0 0.709643 0.250635 0.013571 0.031726
0 0.712500 0.251904 0.013571 0.026650
0 0.721429 0.249365 0.011429 0.029188
0 0.727500 0.248731 0.015000 0.027919
0 0.733571 0.249365 0.012857 0.026650
0 0.741786 0.250000 0.013571 0.027919
0 0.811429 0.231599 0.045714 0.039340
0 0.855357 0.226523 0.040714 0.036802
