0 0.267500 0.860952 0.055000 0.142857
0 0.276786 0.713333 0.053571 0.121905
0 0.149643 0.656667 0.099286 0.157143
0 0.112500 0.363810 0.083571 0.053333
0 0.172143 0.192381 0.080000 0.059048
0 0.175714 0.133333 0.081429 0.049524
0 0.056071 0.131429 0.055000 0.087619
0 0.179286 0.089524 0.061429 0.047619
0 0.180357 0.398571 0.017857 0.016190
0 0.186429 0.404762 0.031429 0.013333
0 0.465000 0.332857 0.037143 0.105714
0 0.690357 0.414762 0.015000 0.025714
0 0.804286 0.808571 0.021429 0.017143
0 0.796429 0.970476 0.020000 0.024762
0 0.773929 0.622381 0.015000 0.035238
0 0.801071 0.711905 0.052143 0.134286
0 0.901071 0.296667 0.089286 0.058095
0 0.920000 0.236667 0.084286 0.056190
0 0.938214 0.118571 0.085000 0.050476
0 0.971786 0.068571 0.022143 0.028571
0 0.988571 0.097619 0.021429 0.037143
0 0.722143 0.055714 0.017143 0.027619
0 0.898929 0.042857 0.007857 0.013333
0 0.717500 0.063810 0.025000 0.028571
0 0.890000 0.040000 0.017143 0.030476
