0 0.486071 0.488571 0.096429 0.070476
0 0.378571 0.451429 0.084286 0.068571
0 0.408214 0.370476 0.040714 0.102857
0 0.341071 0.353333 0.043571 0.087619
0 0.271429 0.321905 0.038571 0.072381
0 0.206786 0.363333 0.069286 0.058095
0 0.135714 0.327143 0.071429 0.058095
0 0.066429 0.300476 0.064286 0.048571
0 0.602500 0.533810 0.097857 0.080952
0 0.517143 0.414762 0.048571 0.092381
0 0.600357 0.449048 0.050714 0.109524
0 0.710714 0.591905 0.114286 0.088571
0 0.715000 0.499048 0.095714 0.089524
0 0.680000 0.460000 0.091429 0.074286
0 0.878929 0.539048 0.102143 0.080000
0 0.896071 0.355238 0.047857 0.089524
0 0.809643 0.329048 0.047857 0.080952
0 0.634643 0.274762 0.042143 0.067619
0 0.532143 0.240952 0.065714 0.055238
0 0.542143 0.208571 0.071429 0.051429
0 0.238571 0.173333 0.054286 0.051429
0 0.210357 0.168095 0.045000 0.042857
0 0.060357 0.116667 0.052143 0.044762
0 0.037500 0.105714 0.049286 0.049524
0 0.172143 0.272381 0.065714 0.060952
0 0.141071 0.250952 0.050714 0.063810
0 0.106071 0.256667 0.056429 0.058095
0 0.060714 0.235238 0.054286 0.051429
0 0.032500 0.222857 0.060714 0.053333
0 0.284643 0.406667 0.073571 0.060952
0 0.603214 0.254286 0.042143 0.068571
0 0.092143 0.233333 0.058571 0.047619
0 0.126429 0.122857 0.052857 0.043810
0 0.512857 0.267143 0.075714 0.056190
0 0.809286 0.509048 0.092857 0.088571
0 0.865714 0.646667 0.141429 0.100952
0 0.466429 0.385238 0.047143 0.088571
0 0.215357 0.298571 0.045000 0.069524
0 0.951786 0.730476 0.029286 0.053333
0 0.695357 0.409048 0.013571 0.042857
0 0.265714 0.140952 0.011429 0.034286
0 0.190000 0.118571 0.017143 0.023810
0 0.324286 0.173810 0.017143 0.025714
0 0.243214 0.131429 0.016429 0.022857
0 0.294286 0.146190 0.010000 0.023810
0 0.286071 0.141905 0.009286 0.024762
0 0.344286 0.157143 0.015714 0.026667
0 0.327143 0.153810 0.018571 0.027619
0 0.305714 0.143333 0.014286 0.021905
0 0.273214 0.248571 0.050714 0.049524
