0 0.694643 0.651429 0.040714 0.066667
0 0.571071 0.300476 0.019286 0.035238
0 0.741429 0.470000 0.035714 0.063810
0 0.690000 0.348095 0.031429 0.040952
0 0.341071 0.303810 0.003571 0.013333
0 0.337143 0.302857 0.004286 0.015238
0 0.457143 0.540000 0.027143 0.072381
0 0.444286 0.371905 0.024286 0.050476
0 0.430357 0.230476 0.016429 0.038095
0 0.491071 0.212857 0.016429 0.033333
0 0.448571 0.208095 0.004286 0.018095
0 0.440357 0.151905 0.005000 0.018095
0 0.428571 0.209048 0.004286 0.012381
0 0.428571 0.141429 0.005714 0.018095
0 0.440000 0.113810 0.002857 0.006667
0 0.569286 0.051429 0.012857 0.017143
0 0.440714 0.117619 0.005714 0.018095
0 0.592500 0.108095 0.015000 0.021905
0 0.603214 0.134286 0.015000 0.020952
0 0.625357 0.188095 0.020714 0.029524
0 0.680714 0.168571 0.021429 0.026667
0 0.858571 0.759524 0.060000 0.105714
0 0.531429 0.923333 0.021429 0.080952
0 0.488214 0.843333 0.025000 0.098095
0 0.532143 0.907143 0.012857 0.033333
