0 0.313935 0.083488 0.025574 0.022263
0 0.296712 0.122913 0.029749 0.019481
0 0.119781 0.557978 0.052714 0.039889
0 0.054802 0.598330 0.053236 0.042672
0 0.228601 0.815399 0.043841 0.094620
0 0.540188 0.713822 0.030271 0.039889
0 0.505741 0.372913 0.031315 0.031540
0 0.523747 0.384045 0.003653 0.022263
0 0.539666 0.380334 0.004175 0.020408
0 0.496868 0.085343 0.010438 0.020408
0 0.798800 0.643785 0.032881 0.044527
0 0.848121 0.487013 0.008351 0.016698
0 0.853601 0.533395 0.006785 0.014842
0 0.747912 0.862709 0.062630 0.055659
0 0.746347 0.923469 0.059499 0.058442
0 0.824896 0.861781 0.061065 0.053803
0 0.418580 0.605288 0.042797 0.041744
