0 0.463929 0.538706 0.059286 0.039340
0 0.693929 0.447335 0.067857 0.041878
0 0.783929 0.446066 0.062143 0.049492
0 0.467143 0.866751 0.048571 0.104061
0 0.245000 0.629442 0.038571 0.111675
0 0.131071 0.628173 0.029286 0.116751
0 0.178571 0.221447 0.062857 0.052030
0 0.225714 0.115482 0.025714 0.096447
0 0.904643 0.137056 0.065000 0.048223
0 0.122500 0.916244 0.029286 0.106599
0 0.171786 0.944162 0.027857 0.081218
0 0.230357 0.925127 0.029286 0.106599
0 0.263929 0.898477 0.029286 0.106599
0 0.301786 0.889594 0.033571 0.139594
0 0.367500 0.814721 0.010714 0.022843
0 0.355714 0.805203 0.010000 0.019036
0 0.293214 0.560914 0.009286 0.020305
0 0.648214 0.736041 0.013571 0.022843
0 0.652857 0.718274 0.011429 0.022843
0 0.296429 0.563452 0.022857 0.020305
0 0.303929 0.104695 0.013571 0.019036
