0 0.440714 0.854762 0.148571 0.145714
0 0.198571 0.831905 0.128571 0.220000
0 0.275000 0.749524 0.120000 0.186667
0 0.350714 0.692381 0.125714 0.171429
0 0.196429 0.602857 0.142857 0.154286
0 0.375714 0.523333 0.118571 0.124762
0 0.342500 0.466667 0.115000 0.114286
0 0.298929 0.415714 0.120714 0.117143
0 0.268571 0.368095 0.117143 0.113333
0 0.238929 0.330000 0.107857 0.098095
0 0.504643 0.214762 0.076429 0.092381
0 0.215357 0.277619 0.087857 0.094286
0 0.189643 0.238571 0.095000 0.092381
0 0.158571 0.220952 0.105714 0.087619
0 0.108571 0.202381 0.102857 0.080952
0 0.117143 0.157619 0.097143 0.075238
0 0.093571 0.130952 0.100000 0.075238
0 0.086071 0.093810 0.086429 0.069524
0 0.061429 0.072857 0.097143 0.071429
0 0.915714 0.301905 0.091429 0.066667
0 0.900714 0.166667 0.058571 0.062857
0 0.790714 0.180952 0.074286 0.068571
0 0.716071 0.103810 0.110714 0.093333
0 0.622500 0.061429 0.042143 0.046667
0 0.583214 0.963333 0.026429 0.040952
0 0.546786 0.917143 0.089286 0.144762
0 0.510357 0.747143 0.025000 0.025714
0 0.600000 0.699048 0.037143 0.114286
0 0.585000 0.664286 0.017143 0.040952
0 0.636429 0.716190 0.021429 0.049524
0 0.540714 0.615238 0.021429 0.049524
0 0.626429 0.603810 0.024286 0.041905
0 0.628214 0.617143 0.015000 0.043810
0 0.412857 0.654762 0.021429 0.021905
0 0.499286 0.529524 0.018571 0.041905
0 0.518571 0.515238 0.020000 0.047619
0 0.484643 0.515714 0.019286 0.040952
0 0.483571 0.489524 0.064286 0.068571
0 0.736071 0.472857 0.019286 0.031429
0 0.743214 0.471429 0.009286 0.034286
0 0.731429 0.482857 0.034286 0.041905
0 0.671786 0.060476 0.015000 0.035238
0 0.798929 0.123810 0.012143 0.034286
0 0.856071 0.191429 0.010714 0.034286
0 0.856071 0.185238 0.019286 0.035238
0 0.961429 0.248095 0.022857 0.039048
0 0.962500 0.211905 0.019286 0.029524
