0 0.507568 0.348330 0.008873 0.026902
0 0.428497 0.603432 0.022965 0.086271
0 0.375000 0.716605 0.014092 0.030612
0 0.236952 0.778757 0.013570 0.051020
0 0.576200 0.758349 0.125261 0.106679
0 0.549843 0.876160 0.086117 0.089981
0 0.561326 0.952690 0.071503 0.079777
0 0.600470 0.949907 0.013048 0.068646
0 0.662056 0.756030 0.032881 0.024119
0 0.687370 0.692950 0.027140 0.025974
0 0.712422 0.790353 0.032359 0.027829
0 0.744520 0.746289 0.028706 0.101113
0 0.734864 0.907236 0.041754 0.094620
0 0.717902 0.983766 0.023486 0.028757
0 0.795146 0.798701 0.025574 0.070501
0 0.548800 0.582560 0.009916 0.029685
0 0.591075 0.596939 0.073591 0.075139
0 0.611691 0.526902 0.073069 0.077922
0 0.616388 0.455009 0.072025 0.067718
0 0.622390 0.350186 0.069415 0.054731
0 0.624217 0.280612 0.065762 0.067718
0 0.683194 0.371521 0.020877 0.023191
0 0.760699 0.531076 0.010960 0.030612
0 0.797234 0.523191 0.038100 0.146568
0 0.763309 0.108998 0.027662 0.112245
