0 0.646786 0.539048 0.067857 0.040000
0 0.515000 0.542857 0.067143 0.040000
0 0.311786 0.725714 0.086429 0.057143
0 0.313929 0.572857 0.069286 0.052381
0 0.856071 0.547143 0.067857 0.040952
0 0.750357 0.480952 0.059286 0.041905
0 0.517500 0.390000 0.040714 0.033333
0 0.346786 0.367143 0.022143 0.035238
0 0.366429 0.331905 0.048571 0.079048
0 0.377857 0.247143 0.015714 0.016190
0 0.353214 0.203333 0.013571 0.016190
0 0.342500 0.174762 0.012143 0.012381
0 0.318214 0.155238 0.012143 0.015238
0 0.465000 0.285714 0.034286 0.017143
0 0.270357 0.096190 0.009286 0.013333
0 0.275714 0.084286 0.010000 0.012381
0 0.283571 0.062857 0.010000 0.011429
0 0.269643 0.403333 0.009286 0.014286
0 0.282857 0.386667 0.007143 0.015238
0 0.292857 0.380952 0.008571 0.015238
0 0.268929 0.383810 0.007857 0.011429
0 0.267500 0.399524 0.006429 0.016190
0 0.280714 0.379524 0.007143 0.014286
0 0.291429 0.374286 0.007143 0.015238
0 0.268214 0.377619 0.007857 0.014286
