0 0.305714 0.014286 0.024286 0.017143
0 0.296071 0.028095 0.025000 0.016190
0 0.254286 0.096190 0.027143 0.017143
0 0.267143 0.136667 0.048571 0.058095
0 0.210000 0.214762 0.055714 0.067619
0 0.310714 0.105714 0.011429 0.032381
0 0.303929 0.100000 0.007857 0.030476
0 0.308929 0.091905 0.009286 0.025714
0 0.238214 0.297619 0.020714 0.040952
0 0.350357 0.088571 0.007857 0.038095
0 0.459643 0.045238 0.030714 0.050476
0 0.436071 0.028571 0.029286 0.047619
0 0.398929 0.025238 0.029286 0.031429
0 0.383929 0.049048 0.059286 0.039048
0 0.422857 0.084762 0.041429 0.074286
0 0.395000 0.151429 0.044286 0.059048
0 0.372500 0.212857 0.046429 0.080952
0 0.331429 0.189048 0.041429 0.065714
0 0.345714 0.297143 0.048571 0.083810
0 0.305000 0.256190 0.050000 0.074286
0 0.280357 0.328095 0.057857 0.107619
0 0.316429 0.391905 0.058571 0.120952
0 0.375357 0.394762 0.067857 0.107619
0 0.246429 0.425714 0.070000 0.118095
0 0.156071 0.289524 0.097857 0.057143
0 0.081429 0.345238 0.108571 0.073333
0 0.215000 0.534762 0.021429 0.052381
0 0.217143 0.797143 0.091429 0.196190
0 0.140357 0.800476 0.116429 0.208571
0 0.065357 0.794286 0.092143 0.154286
0 0.613929 0.392857 0.046429 0.100000
0 0.684643 0.049048 0.029286 0.042857
0 0.658571 0.060000 0.032857 0.059048
0 0.692500 0.099048 0.027857 0.040000
0 0.700357 0.157619 0.032143 0.044762
0 0.727500 0.060476 0.030714 0.050476
0 0.716429 0.027143 0.024286 0.046667
0 0.675714 0.204762 0.034286 0.062857
0 0.710714 0.210000 0.035714 0.050476
0 0.752857 0.200952 0.035714 0.062857
0 0.734643 0.148095 0.035000 0.061905
0 0.650357 0.183810 0.013571 0.041905
0 0.658929 0.146190 0.009286 0.039048
0 0.643929 0.144286 0.010714 0.035238
0 0.761429 0.072857 0.008571 0.035238
0 0.773571 0.071905 0.008571 0.025714
0 0.753929 0.065238 0.007857 0.025714
0 0.801429 0.028571 0.054286 0.026667
0 0.808929 0.044762 0.057857 0.022857
0 0.817500 0.062857 0.063571 0.030476
0 0.827857 0.086190 0.068571 0.037143
0 0.859286 0.143810 0.072857 0.043810
0 0.867500 0.174762 0.062143 0.042857
0 0.805714 0.191429 0.062857 0.059048
0 0.884643 0.224762 0.085000 0.055238
0 0.650714 0.272381 0.025714 0.059048
0 0.915000 0.280476 0.018571 0.046667
0 0.949286 0.310476 0.015714 0.049524
0 0.943571 0.296667 0.014286 0.040952
0 0.740000 0.393810 0.054286 0.084762
0 0.755000 0.496667 0.050000 0.113333
0 0.783571 0.679524 0.075714 0.157143
