0 0.594729 0.379870 0.005741 0.015770
0 0.644572 0.366419 0.003132 0.007421
0 0.649791 0.398887 0.005219 0.009276
0 0.598382 0.331633 0.003653 0.010204
0 0.599948 0.330705 0.002610 0.008349
0 0.611952 0.333024 0.005741 0.016698
0 0.598904 0.333024 0.007829 0.018553
0 0.584812 0.527829 0.016180 0.042672
0 0.562370 0.445269 0.013048 0.029685
0 0.551931 0.549165 0.032881 0.024119
0 0.563674 0.517161 0.008351 0.021336
0 0.554541 0.522727 0.007829 0.013915
0 0.554541 0.519944 0.007829 0.012059
0 0.547234 0.570965 0.016180 0.019481
0 0.565240 0.590909 0.017745 0.022263
0 0.537056 0.592764 0.005219 0.011132
0 0.548278 0.589054 0.013048 0.018553
0 0.550626 0.557514 0.019833 0.022263
0 0.530271 0.698052 0.006263 0.017625
0 0.536795 0.772263 0.044363 0.039889
0 0.642745 0.863173 0.007829 0.019481
0 0.643267 0.876160 0.006785 0.015770
0 0.643267 0.872913 0.009916 0.033395
0 0.588205 0.324212 0.012526 0.028757
0 0.509916 0.240724 0.011482 0.015770
0 0.603079 0.254638 0.002610 0.013915
0 0.599426 0.255102 0.003653 0.009276
0 0.601514 0.258813 0.008873 0.020408
0 0.559499 0.222635 0.003132 0.011132
0 0.586117 0.160482 0.002088 0.007421
0 0.586900 0.162801 0.002610 0.006494
0 0.591075 0.084416 0.001566 0.007421
0 0.584029 0.071892 0.005219 0.012059
0 0.569415 0.164657 0.003132 0.006494
