0 0.035714 0.593909 0.040000 0.040609
0 0.086786 0.655457 0.042143 0.034264
0 0.080000 0.708756 0.042857 0.034264
0 0.077857 0.753807 0.047143 0.038071
0 0.206071 0.756345 0.037857 0.076142
0 0.238214 0.755076 0.037857 0.073604
0 0.274286 0.743020 0.041429 0.074873
0 0.307857 0.735406 0.035714 0.064721
0 0.338929 0.734137 0.037857 0.067259
0 0.374643 0.727157 0.039286 0.076142
0 0.387857 0.744289 0.017143 0.024112
0 0.411429 0.731599 0.010000 0.041878
0 0.425714 0.732234 0.020000 0.015228
0 0.227857 0.615482 0.108571 0.055838
0 0.348214 0.599619 0.086429 0.049492
0 0.806429 0.479061 0.104286 0.069797
0 0.807143 0.536802 0.122857 0.068528
0 0.790357 0.597716 0.073571 0.060914
0 0.879643 0.512690 0.079286 0.060914
0 0.929643 0.506345 0.046429 0.030457
0 0.971786 0.484137 0.043571 0.052030
0 0.959286 0.612944 0.042857 0.043147
0 0.936071 0.802665 0.043571 0.046954
0 0.811786 0.834391 0.117857 0.107868
0 0.845714 0.685279 0.040000 0.048223
0 0.810000 0.651650 0.042857 0.049492
0 0.754286 0.736675 0.044286 0.049492
0 0.726786 0.703046 0.042143 0.045685
0 0.665714 0.795051 0.044286 0.052030
0 0.593214 0.837563 0.046429 0.055838
0 0.566429 0.795685 0.097143 0.093909
0 0.491429 0.852157 0.042857 0.044416
0 0.516786 0.888959 0.039286 0.052030
0 0.453214 0.913706 0.039286 0.043147
0 0.442143 0.844543 0.042857 0.036802
0 0.489643 0.727792 0.023571 0.077411
0 0.511071 0.718909 0.023571 0.074873
0 0.534286 0.709391 0.024286 0.083756
0 0.580357 0.702411 0.022143 0.059645
0 0.601071 0.683376 0.025000 0.079949
0 0.646429 0.656726 0.024286 0.077411
0 0.669286 0.648477 0.024286 0.071066
0 0.692500 0.638325 0.022143 0.065990
0 0.399286 0.969543 0.044286 0.055838
0 0.191429 0.946066 0.021429 0.021574
0 0.189643 0.945431 0.010714 0.017766
0 0.240000 0.923223 0.045714 0.041878
0 0.316786 0.906726 0.060714 0.062183
