0 0.122651 0.182282 0.004175 0.012059
0 0.143006 0.171150 0.008351 0.010204
0 0.152401 0.185993 0.004175 0.010204
0 0.164927 0.166512 0.003132 0.010204
0 0.152923 0.188312 0.004175 0.011132
0 0.165188 0.169295 0.004697 0.010204
0 0.172756 0.177644 0.005219 0.010204
0 0.172495 0.175325 0.003653 0.011132
0 0.018789 0.431818 0.008351 0.023191
0 0.043058 0.500000 0.009916 0.029685
0 0.051148 0.497681 0.010438 0.032468
0 0.058194 0.495826 0.009916 0.032468
0 0.346816 0.523191 0.025574 0.048237
0 0.304541 0.456865 0.038100 0.160482
0 0.173800 0.158163 0.004175 0.012059
0 0.171712 0.160946 0.004175 0.012059
0 0.151357 0.162338 0.007307 0.009276
0 0.149008 0.160946 0.007829 0.010204
0 0.144050 0.150742 0.004175 0.010204
0 0.149791 0.144712 0.003132 0.011132
0 0.157620 0.146104 0.011482 0.012059
0 0.156315 0.149351 0.006785 0.007421
0 0.163361 0.147032 0.007307 0.008349
0 0.171973 0.142857 0.009916 0.012987
0 0.177192 0.141929 0.003653 0.014842
0 0.157881 0.144249 0.013048 0.015770
0 0.161013 0.141002 0.012004 0.018553
0 0.185543 0.128015 0.003653 0.009276
0 0.185543 0.129406 0.004697 0.008349
0 0.175104 0.128942 0.001566 0.009276
0 0.174322 0.128015 0.003132 0.009276
0 0.174582 0.129870 0.006785 0.005566
0 0.176931 0.118275 0.014614 0.012059
0 0.191023 0.109462 0.007307 0.012987
0 0.179802 0.110853 0.008873 0.008349
0 0.186587 0.099722 0.010960 0.008349
0 0.192589 0.091837 0.008351 0.009276
0 0.199635 0.165584 0.016180 0.015770
0 0.192067 0.180427 0.013570 0.015770
0 0.201983 0.194805 0.007307 0.016698
0 0.168319 0.190167 0.006785 0.012987
0 0.161534 0.200371 0.006785 0.016698
0 0.313674 0.825139 0.064718 0.297774
0 0.369781 0.661874 0.031837 0.069573
0 0.405532 0.487941 0.052192 0.141002
0 0.458246 0.776438 0.011482 0.035250
0 0.460073 0.791280 0.017223 0.046382
0 0.476775 0.739796 0.020355 0.038033
0 0.570198 0.832096 0.023486 0.033395
0 0.565240 0.819573 0.020877 0.034323
0 0.564979 0.813544 0.022443 0.031540
0 0.561326 0.811224 0.022443 0.028757
0 0.561065 0.805195 0.019833 0.029685
0 0.559760 0.802876 0.018267 0.026902
0 0.557672 0.795918 0.024530 0.029685
0 0.553236 0.788033 0.025052 0.028757
0 0.552453 0.780612 0.021399 0.028757
0 0.548800 0.776902 0.019311 0.032468
0 0.550365 0.769944 0.018267 0.024119
0 0.546190 0.764378 0.022443 0.027829
0 0.546973 0.757885 0.020877 0.025974
0 0.545668 0.756494 0.020355 0.025046
0 0.542015 0.753247 0.021399 0.027829
0 0.542276 0.751391 0.017745 0.029685
0 0.540710 0.744898 0.020877 0.025974
0 0.539144 0.737477 0.021921 0.024119
0 0.590031 0.739332 0.028706 0.027829
0 0.588466 0.731911 0.024530 0.035250
0 0.582203 0.720779 0.024530 0.033395
0 0.605689 0.718460 0.020355 0.038033
0 0.627349 0.730983 0.018789 0.029685
0 0.643789 0.716141 0.020355 0.025974
0 0.652923 0.706865 0.013570 0.029685
0 0.656054 0.726345 0.010438 0.037106
0 0.639875 0.743043 0.008351 0.040816
0 0.642223 0.736549 0.005741 0.024119
0 0.706942 0.850186 0.023486 0.034323
0 0.528706 0.654917 0.036534 0.044527
0 0.562891 0.604824 0.022443 0.024119
0 0.529489 0.459647 0.014092 0.021336
0 0.519311 0.454545 0.012526 0.024119
0 0.479123 0.408163 0.006263 0.018553
0 0.472599 0.359462 0.010960 0.013915
0 0.457463 0.347403 0.019311 0.038033
0 0.437891 0.362709 0.022965 0.024119
0 0.431367 0.349258 0.018267 0.028757
0 0.411795 0.343228 0.012526 0.014842
0 0.408142 0.334416 0.019833 0.028757
0 0.429802 0.324212 0.006785 0.013915
0 0.431628 0.326994 0.016701 0.015770
0 0.433194 0.320037 0.019833 0.012987
0 0.444676 0.309833 0.005219 0.020408
0 0.441545 0.292208 0.005219 0.014842
0 0.418058 0.305659 0.008351 0.015770
0 0.431628 0.274119 0.008351 0.013915
0 0.403967 0.282004 0.011482 0.020408
0 0.398486 0.260668 0.008873 0.016698
0 0.394833 0.242579 0.007829 0.017625
0 0.406315 0.240260 0.009916 0.011132
0 0.386221 0.200371 0.005219 0.014842
0 0.379436 0.207792 0.007307 0.009276
0 0.375261 0.218924 0.022965 0.016698
0 0.425365 0.265306 0.006263 0.012987
0 0.350209 0.231447 0.012526 0.026902
0 0.343424 0.217996 0.009395 0.014842
0 0.369520 0.187384 0.008351 0.014842
0 0.354645 0.180427 0.015136 0.015770
0 0.373695 0.172078 0.009395 0.017625
0 0.380219 0.168831 0.010960 0.020408
0 0.378392 0.144249 0.010438 0.013915
0 0.378132 0.142393 0.010960 0.013915
0 0.377610 0.142393 0.013048 0.015770
0 0.366388 0.134508 0.010438 0.012987
0 0.358299 0.133581 0.003653 0.011132
0 0.356472 0.133581 0.003132 0.007421
0 0.327244 0.151206 0.014614 0.025974
0 0.347077 0.119666 0.013570 0.012987
0 0.345772 0.089981 0.005741 0.011132
0 0.340031 0.087199 0.007829 0.009276
0 0.336639 0.073284 0.002088 0.007421
0 0.336639 0.406772 0.030271 0.080705
0 0.374739 0.414657 0.006263 0.012987
0 0.374739 0.421150 0.010438 0.027829
0 0.364823 0.308442 0.004175 0.010204
0 0.367954 0.308442 0.004175 0.010204
0 0.366127 0.304267 0.005741 0.014842
0 0.343424 0.285250 0.006263 0.015770
0 0.275313 0.286178 0.005741 0.015770
0 0.366388 0.309369 0.008351 0.019481
0 0.343685 0.288033 0.006785 0.017625
0 0.276096 0.288497 0.008351 0.018553
0 0.269572 0.229592 0.008873 0.019481
0 0.269572 0.230519 0.004697 0.010204
0 0.279228 0.190167 0.004175 0.009276
0 0.279749 0.190631 0.008351 0.019481
0 0.290449 0.173006 0.012004 0.026902
0 0.295407 0.256957 0.012526 0.029685
0 0.297495 0.313080 0.028184 0.084416
0 0.286273 0.098794 0.010960 0.019481
0 0.262526 0.587199 0.009395 0.027829
0 0.263048 0.594156 0.009395 0.030612
0 0.314457 0.101577 0.009916 0.019481
0 0.305585 0.094620 0.002610 0.007421
0 0.306628 0.105288 0.003653 0.006494
0 0.276096 0.089518 0.002088 0.006494
0 0.276096 0.072356 0.002088 0.005566
0 0.274269 0.066790 0.002610 0.007421
0 0.306889 0.070501 0.002088 0.005566
0 0.306367 0.108071 0.003132 0.008349
0 0.305846 0.096011 0.003132 0.006494
0 0.276618 0.092301 0.003132 0.006494
0 0.276357 0.074212 0.002610 0.005566
0 0.274008 0.068182 0.002088 0.006494
0 0.307150 0.071892 0.002610 0.004638
0 0.287056 0.061688 0.006263 0.019481
0 0.304019 0.054267 0.006785 0.012059
0 0.300887 0.041280 0.006785 0.013915
0 0.284969 0.025974 0.004175 0.009276
0 0.280010 0.026902 0.002610 0.005566
