0 0.196429 0.260152 0.027143 0.045685
0 0.258214 0.019670 0.017857 0.019036
0 0.336071 0.923223 0.036429 0.092640
0 0.376071 0.968909 0.016429 0.049492
0 0.385357 0.930203 0.019286 0.050761
0 0.396786 0.897208 0.012143 0.022843
0 0.400000 0.884518 0.008571 0.025381
0 0.478214 0.958756 0.012143 0.044416
0 0.516071 0.901650 0.012143 0.054569
0 0.482500 0.877538 0.012143 0.046954
0 0.417143 0.821066 0.021429 0.022843
0 0.422143 0.798223 0.022857 0.022843
0 0.436429 0.733503 0.017143 0.020305
0 0.436071 0.710660 0.023571 0.020305
0 0.440000 0.669416 0.024286 0.021574
0 0.443929 0.649112 0.022143 0.021574
0 0.446429 0.630711 0.020000 0.020305
0 0.425000 0.772843 0.022857 0.022843
0 0.471429 0.727792 0.011429 0.041878
0 0.489286 0.710025 0.011429 0.031726
0 0.494286 0.650381 0.011429 0.036802
0 0.483571 0.605330 0.010000 0.035533
0 0.500714 0.557107 0.008571 0.035533
0 0.490357 0.514594 0.009286 0.031726
0 0.457143 0.548223 0.017143 0.060914
0 0.431071 0.515863 0.025000 0.082487
0 0.443214 0.535533 0.025000 0.071066
0 0.456429 0.472716 0.017143 0.059645
0 0.466071 0.442893 0.013571 0.032995
0 0.469286 0.414975 0.008571 0.030457
0 0.374286 0.276650 0.014286 0.022843
0 0.626429 0.093909 0.014286 0.027919
0 0.547500 0.164340 0.035000 0.031726
0 0.560714 0.197970 0.027143 0.032995
0 0.522143 0.258883 0.008571 0.025381
0 0.507143 0.286802 0.008571 0.022843
0 0.501786 0.360406 0.010714 0.025381
0 0.511786 0.413706 0.009286 0.030457
0 0.496429 0.443528 0.010000 0.029188
0 0.537857 0.482868 0.008571 0.036802
0 0.527857 0.671320 0.010000 0.045685
0 0.702857 0.566624 0.002857 0.011421
0 0.707500 0.562183 0.002143 0.010152
0 0.711071 0.562183 0.003571 0.010152
0 0.673571 0.492386 0.010000 0.040609
0 0.699643 0.352792 0.002143 0.010152
0 0.689286 0.328046 0.002857 0.013959
0 0.696786 0.329315 0.003571 0.011421
0 0.692143 0.326142 0.002857 0.007614
0 0.694286 0.322970 0.004286 0.011421
0 0.691071 0.294416 0.002143 0.010152
0 0.692500 0.295051 0.003571 0.008883
0 0.709643 0.182741 0.017857 0.020305
0 0.675714 0.279822 0.008571 0.029188
