0 0.252500 0.254442 0.072143 0.067259
0 0.437143 0.157995 0.068571 0.062183
0 0.301429 0.133883 0.097143 0.110406
0 0.296786 0.641497 0.016429 0.041878
0 0.323571 0.605330 0.018571 0.038071
0 0.117500 0.096447 0.012143 0.035533
0 0.353214 0.037437 0.009286 0.039340
0 0.397500 0.022208 0.007857 0.036802
0 0.461071 0.431472 0.007857 0.043147
0 0.474643 0.464467 0.009286 0.032995
0 0.527857 0.397208 0.011429 0.032995
0 0.484643 0.436548 0.015000 0.038071
0 0.497857 0.451142 0.014286 0.041878
0 0.505714 0.427030 0.010000 0.036802
0 0.509643 0.437817 0.007857 0.025381
0 0.521429 0.435279 0.008571 0.040609
0 0.481786 0.470178 0.010714 0.044416
0 0.467857 0.512690 0.008571 0.043147
0 0.464643 0.541878 0.006429 0.038071
0 0.038571 0.883883 0.022857 0.029188
0 0.044643 0.854061 0.022143 0.038071
0 0.037500 0.831218 0.023571 0.038071
0 0.023214 0.752538 0.020714 0.035533
