0 0.213205 0.438776 0.018267 0.074212
0 0.373956 0.602505 0.031837 0.065863
0 0.405532 0.593228 0.020877 0.069573
0 0.426148 0.597403 0.020355 0.068646
0 0.422495 0.646104 0.023486 0.062152
0 0.425104 0.649351 0.044363 0.050093
0 0.434760 0.560761 0.020877 0.054731
0 0.471816 0.616883 0.030271 0.083488
0 0.517484 0.474490 0.018267 0.056586
0 0.519050 0.466141 0.025574 0.115955
0 0.515136 0.814471 0.024008 0.072356
0 0.686326 0.956865 0.030271 0.067718
0 0.750000 0.922542 0.030271 0.049165
0 0.757046 0.857607 0.023486 0.056586
0 0.710073 0.685529 0.087161 0.257885
0 0.416754 0.586735 0.077766 0.076994
0 0.593685 0.474026 0.016180 0.040816
0 0.593424 0.462430 0.015658 0.051020
0 0.593163 0.468924 0.016180 0.056586
0 0.576722 0.201763 0.038622 0.110390
0 0.619259 0.113173 0.031837 0.072356
0 0.479645 0.224954 0.032359 0.080705
0 0.488257 0.166976 0.024530 0.077922
0 0.493476 0.193414 0.012004 0.038033
0 0.490084 0.103896 0.009395 0.025974
0 0.487474 0.096939 0.012526 0.036178
0 0.488518 0.100186 0.012526 0.037106
