0 0.407620 0.863636 0.044885 0.100186
0 0.470511 0.651206 0.029749 0.061224
0 0.685804 0.251855 0.010438 0.023191
0 0.778967 0.068182 0.012004 0.017625
0 0.801931 0.017625 0.006785 0.009276
0 0.840031 0.747217 0.008873 0.034323
0 0.329593 0.728200 0.005741 0.024119
0 0.303497 0.763915 0.005741 0.015770
0 0.306889 0.761596 0.004175 0.016698
0 0.278184 0.801020 0.006263 0.013915
0 0.277923 0.816790 0.012004 0.021336
0 0.306367 0.773655 0.016701 0.016698
0 0.330898 0.733766 0.010438 0.029685
0 0.094468 0.984230 0.009395 0.024119
0 0.793058 0.023191 0.002610 0.009276
0 0.890658 0.656772 0.010960 0.025974
