0 0.134643 0.765238 0.059286 0.138095
0 0.227857 0.203810 0.044286 0.099048
0 0.251071 0.078095 0.042143 0.095238
0 0.626429 0.147619 0.071429 0.055238
0 0.634643 0.282381 0.013571 0.031429
0 0.518571 0.145238 0.010000 0.033333
0 0.559286 0.531429 0.037143 0.112381
0 0.554643 0.692381 0.040714 0.121905
0 0.547857 0.873333 0.048571 0.154286
0 0.601429 0.676667 0.038571 0.124762
0 0.517500 0.493333 0.039286 0.114286
0 0.608214 0.284762 0.012143 0.028571
0 0.617143 0.275238 0.010000 0.028571
0 0.529643 0.161429 0.010714 0.027619
0 0.555000 0.158571 0.010000 0.025714
0 0.539286 0.104762 0.014286 0.024762
0 0.488214 0.451905 0.012143 0.023810
0 0.487500 0.454286 0.009286 0.041905
0 0.554643 0.166667 0.007857 0.036190
0 0.529286 0.170000 0.007143 0.035238
0 0.538571 0.116190 0.007143 0.032381
0 0.448214 0.082857 0.032143 0.076190
0 0.183571 0.457143 0.054286 0.121905
0 0.158929 0.608571 0.055000 0.125714
0 0.238571 0.621905 0.018571 0.020952
0 0.239286 0.624762 0.018571 0.049524
0 0.207143 0.322381 0.042857 0.100000
0 0.221429 0.022381 0.022857 0.042857
0 0.165714 0.145238 0.020000 0.039048
0 0.244643 0.339048 0.017857 0.026667
0 0.245000 0.349048 0.014286 0.050476
