0 0.141786 0.203680 0.002143 0.008883
0 0.140000 0.201777 0.002857 0.010152
0 0.061786 0.916878 0.003571 0.006345
0 0.060714 0.912437 0.004286 0.007614
0 0.214286 0.931472 0.020000 0.015228
0 0.352143 0.780457 0.012857 0.022843
0 0.364286 0.776650 0.014286 0.027919
0 0.376429 0.776015 0.014286 0.026650
0 0.390000 0.779188 0.014286 0.027919
0 0.408571 0.780457 0.014286 0.027919
0 0.421786 0.783629 0.015000 0.029188
0 0.436429 0.784898 0.014286 0.029188
0 0.448214 0.779188 0.012143 0.025381
0 0.493929 0.651650 0.015000 0.029188
0 0.465714 0.648477 0.015714 0.027919
0 0.366071 0.647208 0.015000 0.030457
0 0.353571 0.649746 0.014286 0.027919
0 0.322143 0.643401 0.014286 0.030457
0 0.337500 0.643401 0.015000 0.025381
0 0.477857 0.782995 0.017143 0.032995
0 0.535357 0.789975 0.016429 0.034264
0 0.581786 0.793782 0.017857 0.034264
0 0.596071 0.661168 0.016429 0.030457
0 0.580000 0.659264 0.015714 0.026650
0 0.566071 0.657995 0.013571 0.026650
0 0.553571 0.661168 0.015714 0.030457
0 0.408571 0.648477 0.017143 0.032995
0 0.393929 0.645939 0.013571 0.025381
0 0.382500 0.649112 0.013571 0.026650
0 0.437500 0.647843 0.015000 0.029188
0 0.451071 0.647208 0.016429 0.030457
