0 0.453214 0.052381 0.032143 0.087619
0 0.455000 0.154286 0.034286 0.102857
0 0.413214 0.210952 0.030714 0.103810
0 0.305714 0.072381 0.012857 0.028571
0 0.294286 0.232857 0.022857 0.039048
0 0.308929 0.236190 0.016429 0.024762
0 0.303214 0.292381 0.082143 0.047619
0 0.452143 0.284762 0.035714 0.097143
0 0.299643 0.348571 0.076429 0.043810
0 0.302500 0.400952 0.072143 0.045714
0 0.412143 0.396190 0.032857 0.097143
0 0.455000 0.403810 0.032857 0.102857
0 0.298571 0.460476 0.080000 0.048571
0 0.295357 0.513333 0.086429 0.051429
0 0.298571 0.571429 0.082857 0.045714
0 0.297857 0.626190 0.075714 0.044762
0 0.287500 0.691429 0.082143 0.045714
0 0.451071 0.845238 0.033571 0.092381
0 0.631786 0.832857 0.035000 0.120952
0 0.629286 0.693810 0.040000 0.113333
0 0.452500 0.682857 0.035000 0.120000
0 0.625357 0.556667 0.033571 0.084762
0 0.450714 0.541429 0.034286 0.113333
0 0.407500 0.557619 0.036429 0.113333
0 0.612143 0.097619 0.032857 0.088571
0 0.613571 0.198095 0.028571 0.076190
0 0.619643 0.303333 0.033571 0.105714
0 0.625714 0.438095 0.035714 0.106667
0 0.490357 0.801429 0.010714 0.031429
0 0.346071 0.049048 0.005000 0.012381
