0 0.735714 0.085238 0.040000 0.058095
0 0.861786 0.482381 0.067857 0.105714
0 0.484643 0.360952 0.039286 0.112381
0 0.113214 0.676667 0.109286 0.067619
0 0.127500 0.604286 0.102143 0.065714
0 0.150000 0.529524 0.108571 0.074286
0 0.206429 0.805238 0.055714 0.120952
0 0.266786 0.745238 0.049286 0.160952
0 0.537857 0.212381 0.012857 0.028571
0 0.538214 0.200952 0.009286 0.020952
0 0.519286 0.396190 0.010000 0.030476
0 0.470357 0.223810 0.049286 0.123810
0 0.338929 0.184286 0.080714 0.044762
0 0.343214 0.306190 0.093571 0.035238
0 0.336429 0.268571 0.075714 0.045714
0 0.341429 0.353333 0.091429 0.043810
0 0.197143 0.151429 0.011429 0.038095
0 0.205000 0.259524 0.032857 0.016190
0 0.200357 0.285714 0.027857 0.024762
0 0.985000 0.339524 0.021429 0.033333
