0 0.059643 0.442857 0.025000 0.045714
0 0.385000 0.435714 0.091429 0.147619
0 0.582500 0.184286 0.057857 0.086667
0 0.427500 0.143333 0.063571 0.067619
0 0.176429 0.554286 0.044286 0.041905
0 0.102857 0.507619 0.127143 0.095238
0 0.152500 0.570476 0.082143 0.062857
0 0.525000 0.783333 0.024286 0.048571
0 0.528929 0.742857 0.055000 0.144762
0 0.670357 0.842381 0.142143 0.176190
0 0.658929 0.571429 0.125000 0.123810
0 0.658214 0.370476 0.096429 0.093333
0 0.661071 0.291429 0.103571 0.108571
0 0.862857 0.064762 0.085714 0.057143
0 0.469286 0.063333 0.011429 0.021905
0 0.468929 0.064762 0.016429 0.036190
0 0.470714 0.079524 0.017143 0.044762
0 0.217857 0.386667 0.031429 0.045714
