0 0.852296 0.882189 0.010438 0.022263
0 0.854123 0.884972 0.005741 0.009276
0 0.866649 0.914193 0.013048 0.021336
0 0.884395 0.910019 0.016180 0.016698
0 0.882829 0.887755 0.009916 0.012987
0 0.877610 0.866419 0.012004 0.022263
0 0.864301 0.872913 0.010438 0.022263
0 0.826983 0.838126 0.044363 0.084416
0 0.795146 0.801020 0.044363 0.091837
0 0.639875 0.858998 0.051148 0.107607
0 0.611691 0.903989 0.051148 0.106679
0 0.614040 0.560297 0.021399 0.070501
0 0.101775 0.948980 0.050104 0.089054
0 0.058455 0.812616 0.050104 0.076067
0 0.205115 0.040816 0.017745 0.022263
0 0.206159 0.033395 0.007307 0.014842
0 0.472338 0.369666 0.039666 0.056586
