0 0.219957 0.790553 0.080830 0.153626
0 0.757153 0.867844 0.073677 0.151718
0 0.716381 0.382156 0.032189 0.035305
0 0.410944 0.470420 0.046495 0.051527
0 0.329399 0.580153 0.059371 0.068702
0 0.159156 0.672233 0.017883 0.046756
0 0.167024 0.641698 0.017883 0.039122
0 0.320100 0.482347 0.070815 0.042939
0 0.223176 0.586355 0.018598 0.029580
0 0.881259 0.551050 0.038627 0.029580
0 0.897353 0.466126 0.017883 0.029580
0 0.759657 0.364504 0.035765 0.041985
0 0.748927 0.330630 0.028612 0.029580
0 0.328326 0.460401 0.067239 0.039122
0 0.335122 0.433683 0.060801 0.037214
0 0.384478 0.360687 0.055079 0.032443
0 0.369456 0.384065 0.045064 0.039122
0 0.337625 0.381202 0.014306 0.021947
0 0.429542 0.302958 0.043634 0.023855
0 0.482833 0.214218 0.032904 0.012405
0 0.601931 0.187023 0.010730 0.017176
0 0.689914 0.235210 0.013591 0.021947
0 0.664163 0.189408 0.012160 0.016221
0 0.853362 0.431298 0.008584 0.030534
0 0.502861 0.275286 0.007153 0.016221
0 0.506080 0.234256 0.007868 0.014313
0 0.498569 0.232347 0.005722 0.016221
0 0.659156 0.368321 0.009299 0.022901
0 0.568670 0.375000 0.007153 0.020992
0 0.568670 0.367844 0.008584 0.018130
0 0.395207 0.343034 0.060801 0.031489
0 0.403791 0.326813 0.046495 0.021947
0 0.393419 0.295324 0.011445 0.020038
0 0.441702 0.283874 0.036481 0.020038
0 0.491774 0.203244 0.032189 0.017176
0 0.449213 0.270038 0.041488 0.032443
0 0.455293 0.263836 0.026466 0.016221
0 0.528612 0.270515 0.014306 0.021947
0 0.680973 0.208492 0.021459 0.016221
0 0.655222 0.172710 0.010014 0.011450
0 0.473534 0.248092 0.020029 0.036260
0 0.503934 0.191317 0.025036 0.016221
0 0.577969 0.122137 0.007153 0.009542
0 0.604077 0.121183 0.007868 0.005725
0 0.626609 0.159828 0.002861 0.008588
0 0.560443 0.200382 0.005007 0.015267
0 0.646996 0.157443 0.010730 0.009542
0 0.640916 0.147901 0.014306 0.019084
0 0.633047 0.148378 0.004292 0.008588
0 0.588698 0.115458 0.010014 0.017176
