0 0.621429 0.859137 0.024286 0.050761
0 0.652857 0.959391 0.017143 0.043147
0 0.691429 0.689086 0.035714 0.060914
0 0.700357 0.732234 0.023571 0.043147
0 0.733571 0.675761 0.022857 0.039340
0 0.718214 0.514594 0.029286 0.039340
0 0.569286 0.526650 0.012857 0.038071
0 0.566429 0.465102 0.011429 0.049492
0 0.604286 0.411802 0.011429 0.044416
0 0.617857 0.293147 0.012857 0.045685
0 0.618214 0.212563 0.010714 0.054569
0 0.582857 0.398477 0.015714 0.076142
0 0.625714 0.487944 0.012857 0.052030
0 0.585000 0.482868 0.011429 0.049492
0 0.621786 0.411168 0.010714 0.043147
0 0.618929 0.346447 0.012143 0.048223
0 0.604643 0.484772 0.015000 0.071066
0 0.601429 0.332487 0.015714 0.068528
0 0.601429 0.226523 0.011429 0.052030
0 0.567500 0.373731 0.005000 0.019036
0 0.567857 0.368655 0.002857 0.011421
0 0.615714 0.065355 0.012857 0.046954
0 0.598571 0.154188 0.011429 0.049492
0 0.617857 0.130076 0.012857 0.049492
0 0.596786 0.082487 0.010714 0.048223
0 0.580714 0.102792 0.012857 0.045685
0 0.932500 0.959391 0.053571 0.068528
0 0.948571 0.979061 0.024286 0.031726
0 0.933571 0.173858 0.015714 0.060914
0 0.887143 0.090102 0.014286 0.045685
