0 0.886429 0.795051 0.085714 0.300761
0 0.522500 0.896574 0.030714 0.120558
0 0.381786 0.557741 0.026429 0.064721
0 0.175714 0.805203 0.038571 0.085025
0 0.144643 0.529188 0.035000 0.055838
0 0.300000 0.479695 0.025714 0.058376
0 0.292143 0.327411 0.055714 0.040609
0 0.748214 0.351523 0.055000 0.045685
0 0.856429 0.323604 0.057143 0.043147
0 0.863929 0.288706 0.050714 0.036802
0 0.496071 0.329949 0.052143 0.040609
0 0.332857 0.263325 0.050000 0.039340
0 0.887143 0.462563 0.007143 0.024112
0 0.080357 0.257614 0.050714 0.035533
0 0.354643 0.124365 0.035000 0.053299
0 0.501786 0.100254 0.016429 0.030457
0 0.536786 0.092005 0.016429 0.036802
0 0.503929 0.246827 0.017857 0.041878
0 0.712143 0.011421 0.004286 0.017766
0 0.714286 0.010787 0.002857 0.016497
0 0.721786 0.019036 0.003571 0.020305
0 0.720357 0.008883 0.002143 0.015228
0 0.676071 0.191624 0.015000 0.038071
0 0.686429 0.246827 0.032857 0.092640
0 0.085714 0.088832 0.105714 0.098985
