0 0.241429 0.117619 0.125714 0.210476
0 0.293214 0.519048 0.025000 0.059048
0 0.333214 0.678095 0.025000 0.081905
0 0.327143 0.667619 0.025714 0.049524
0 0.122143 0.825714 0.134286 0.245714
0 0.399643 0.677619 0.025000 0.058095
0 0.433929 0.354762 0.017857 0.054286
0 0.524286 0.342857 0.014286 0.051429
0 0.571429 0.412857 0.031429 0.052381
0 0.592857 0.381429 0.015714 0.065714
0 0.611786 0.407619 0.022143 0.059048
0 0.664286 0.411429 0.017143 0.064762
0 0.690357 0.398571 0.022143 0.069524
0 0.711071 0.407619 0.016429 0.072381
0 0.702857 0.162381 0.054286 0.105714
0 0.773214 0.183810 0.060714 0.106667
0 0.847857 0.174762 0.088571 0.113333
0 0.417500 0.147143 0.015000 0.042857
0 0.559643 0.148095 0.065000 0.096190
