0 0.362857 0.771905 0.048571 0.071429
0 0.547500 0.700952 0.089286 0.182857
0 0.507143 0.463333 0.081429 0.130476
0 0.435000 0.227143 0.044286 0.071429
0 0.354643 0.406667 0.056429 0.099048
0 0.338214 0.298095 0.047857 0.080000
0 0.313571 0.211905 0.044286 0.071429
0 0.305357 0.143333 0.035000 0.056190
0 0.304286 0.094286 0.037143 0.053333
0 0.240714 0.173333 0.017143 0.043810
0 0.399286 0.124286 0.038571 0.058095
0 0.387500 0.077143 0.033571 0.040000
0 0.502857 0.091429 0.071429 0.036190
0 0.514643 0.115714 0.076429 0.033333
0 0.532857 0.132857 0.080000 0.048571
0 0.559286 0.173333 0.074286 0.043810
0 0.603214 0.230000 0.055000 0.077143
0 0.660357 0.300000 0.106429 0.059048
0 0.684643 0.352857 0.113571 0.067619
0 0.709643 0.410000 0.122143 0.069524
0 0.738214 0.471429 0.127857 0.083810
0 0.918929 0.657143 0.107857 0.198095
0 0.822143 0.374286 0.022857 0.057143
0 0.410000 0.309524 0.017143 0.060952
0 0.440714 0.389524 0.014286 0.051429
0 0.452857 0.382381 0.020000 0.054286
0 0.682143 0.229524 0.064286 0.083810
0 0.953929 0.346190 0.092143 0.080952
0 0.936429 0.271905 0.094286 0.067619
0 0.804286 0.207619 0.051429 0.072381
0 0.751786 0.134762 0.072143 0.044762
0 0.723929 0.113333 0.079286 0.040000
0 0.635714 0.140476 0.011429 0.046667
0 0.645357 0.148571 0.010714 0.040000
0 0.593214 0.104762 0.016429 0.047619
0 0.573929 0.050952 0.013571 0.042857
0 0.603214 0.019048 0.010714 0.036190
0 0.612857 0.018095 0.011429 0.036190
0 0.693571 0.054286 0.062857 0.036190
0 0.646786 0.028095 0.055000 0.031429
0 0.701071 0.074286 0.065000 0.041905
0 0.228214 0.484762 0.025000 0.070476
0 0.398571 0.625714 0.101429 0.222857
0 0.753214 0.534286 0.125000 0.110476
0 0.737500 0.196667 0.099286 0.113333
0 0.048214 0.031905 0.035000 0.042857
0 0.310000 0.056667 0.052857 0.037143
0 0.663214 0.041905 0.067857 0.047619
0 0.229286 0.472857 0.020000 0.042857
0 0.363214 0.770952 0.020714 0.063810
