0 0.170407 0.897032 0.050626 0.137291
0 0.210856 0.815863 0.039666 0.043599
0 0.227557 0.769017 0.031315 0.042672
0 0.263309 0.692022 0.012004 0.051948
0 0.263831 0.675788 0.004697 0.025046
0 0.293841 0.677180 0.006263 0.027829
0 0.298017 0.677644 0.008351 0.051020
0 0.317067 0.680427 0.043319 0.075139
0 0.335073 0.674397 0.006263 0.040816
0 0.293841 0.609462 0.075157 0.055659
0 0.299582 0.557050 0.024008 0.023191
0 0.365344 0.414193 0.017745 0.021336
0 0.357255 0.404917 0.017223 0.019481
0 0.439457 0.353896 0.005219 0.021336
0 0.438674 0.360390 0.008873 0.021336
0 0.425365 0.645640 0.010438 0.029685
0 0.425626 0.659555 0.007829 0.046382
0 0.563674 0.474954 0.017745 0.024119
0 0.544885 0.432746 0.027140 0.032468
0 0.531054 0.408163 0.016180 0.018553
0 0.539405 0.378942 0.013048 0.017625
0 0.533142 0.367811 0.013048 0.017625
0 0.390658 0.267625 0.026618 0.017625
0 0.434760 0.193878 0.004175 0.011132
0 0.455898 0.190167 0.004697 0.014842
0 0.443372 0.249072 0.006785 0.023191
0 0.443111 0.249536 0.003132 0.011132
0 0.425104 0.228200 0.013048 0.029685
0 0.229645 0.907699 0.043841 0.034323
