0 0.051502 0.897424 0.094421 0.199427
0 0.109084 0.660305 0.082260 0.181298
0 0.165594 0.448950 0.099428 0.145992
0 0.346924 0.607347 0.124464 0.088740
0 0.314378 0.795802 0.129471 0.103053
0 0.361230 0.522901 0.120172 0.095420
0 0.370887 0.434637 0.119456 0.083015
0 0.393777 0.359733 0.112303 0.085878
0 0.398069 0.282920 0.110873 0.073473
0 0.287554 0.890744 0.147353 0.117366
0 0.339771 0.699905 0.028612 0.035305
0 0.052217 0.577290 0.024320 0.057252
0 0.271817 0.195134 0.022890 0.035305
0 0.336910 0.220897 0.021459 0.044847
0 0.196710 0.330153 0.035765 0.041985
0 0.383763 0.202767 0.042203 0.029580
0 0.461016 0.241889 0.032189 0.044847
0 0.496066 0.204198 0.027897 0.057252
0 0.408083 0.199427 0.033619 0.034351
0 0.413090 0.174618 0.036481 0.026718
0 0.456009 0.173664 0.036481 0.028626
0 0.452432 0.142653 0.035050 0.031489
0 0.500000 0.148378 0.037196 0.023855
0 0.516094 0.165076 0.039342 0.026718
0 0.324034 0.058206 0.035765 0.038168
0 0.297210 0.072519 0.015021 0.043893
0 0.281116 0.116889 0.015737 0.048664
0 0.308298 0.096374 0.018598 0.040076
0 0.210658 0.166508 0.020744 0.031489
0 0.350143 0.115935 0.019313 0.039122
0 0.396638 0.066794 0.017883 0.041985
0 0.347997 0.097328 0.017883 0.036260
0 0.331545 0.093989 0.019313 0.039122
0 0.406652 0.132634 0.016452 0.040076
0 0.447783 0.042462 0.014306 0.039122
0 0.431330 0.152672 0.042918 0.047710
0 0.561874 0.171279 0.040773 0.020038
0 0.563305 0.157920 0.036481 0.023855
0 0.653791 0.294847 0.040057 0.028626
0 0.555079 0.350191 0.031474 0.045802
0 0.578326 0.229962 0.023605 0.047710
0 0.565808 0.273378 0.025751 0.046756
0 0.561874 0.300095 0.027897 0.044847
0 0.564735 0.319656 0.033619 0.030534
0 0.563662 0.334447 0.035765 0.039122
0 0.641273 0.355439 0.037911 0.031489
0 0.633047 0.280057 0.042918 0.033397
0 0.644492 0.266698 0.035765 0.027672
0 0.620172 0.399809 0.025751 0.059160
0 0.544349 0.414599 0.021459 0.052481
0 0.644492 0.402672 0.008584 0.055344
0 0.592632 0.232347 0.020744 0.048664
0 0.683476 0.866889 0.025036 0.031489
0 0.683119 0.863073 0.027182 0.063931
0 0.581187 0.747615 0.043634 0.035305
0 0.536123 0.472328 0.020744 0.062977
0 0.520744 0.567748 0.031474 0.040076
0 0.540773 0.422233 0.018598 0.031489
0 0.698140 0.218511 0.017167 0.038168
0 0.695637 0.223760 0.020744 0.048664
0 0.641989 0.245706 0.040773 0.029580
0 0.240701 0.101622 0.027897 0.039122
0 0.229614 0.117366 0.027182 0.032443
0 0.238197 0.090649 0.040057 0.026718
0 0.301502 0.018130 0.032189 0.030534
0 0.430973 0.014313 0.012160 0.028626
0 0.609442 0.023378 0.011445 0.044847
0 0.600501 0.033874 0.010730 0.037214
0 0.517525 0.056775 0.017883 0.039122
0 0.549714 0.041508 0.013591 0.041031
0 0.564378 0.037214 0.010014 0.041985
0 0.581187 0.023378 0.006438 0.042939
0 0.591559 0.022901 0.011445 0.034351
0 0.599785 0.018130 0.009299 0.036260
0 0.536838 0.020038 0.012160 0.030534
0 0.449571 0.024332 0.016452 0.037214
0 0.561874 0.016698 0.010730 0.031489
