0 0.428571 0.829048 0.058571 0.120952
0 0.715357 0.220000 0.027857 0.064762
0 0.693214 0.583333 0.059286 0.100000
0 0.315000 0.729048 0.018571 0.033333
0 0.508571 0.502381 0.032857 0.077143
0 0.558929 0.284286 0.029286 0.060000
0 0.575357 0.231429 0.026429 0.057143
0 0.584286 0.177143 0.027143 0.053333
0 0.600714 0.226667 0.017143 0.036190
0 0.598571 0.228095 0.008571 0.016190
0 0.545714 0.040476 0.005714 0.012381
0 0.590000 0.046190 0.011429 0.010476
0 0.580714 0.080952 0.004286 0.020952
0 0.585357 0.070952 0.006429 0.018095
0 0.541786 0.030952 0.003571 0.012381
0 0.540357 0.038095 0.009286 0.009524
0 0.610714 0.076190 0.021429 0.041905
0 0.617500 0.041905 0.022143 0.038095
0 0.907143 0.262381 0.030000 0.079048
0 0.891786 0.042381 0.026429 0.061905
