0 0.956159 0.531540 0.032359 0.068646
0 0.820720 0.161874 0.038100 0.034323
0 0.441545 0.641929 0.033403 0.090909
0 0.403706 0.625232 0.034969 0.089054
0 0.508090 0.576067 0.030793 0.092764
0 0.520355 0.495362 0.027140 0.068646
0 0.538361 0.406772 0.024530 0.062152
0 0.549322 0.333952 0.025574 0.061224
0 0.545407 0.182746 0.017745 0.051948
0 0.364301 0.680427 0.008351 0.025046
0 0.367693 0.663729 0.007829 0.015770
0 0.338987 0.592301 0.031837 0.076994
0 0.311587 0.582096 0.037578 0.082560
0 0.286795 0.562616 0.034969 0.075139
0 0.259134 0.552412 0.038100 0.084416
0 0.224948 0.542208 0.039666 0.086271
0 0.173278 0.539425 0.017745 0.032468
0 0.155271 0.519481 0.043319 0.085343
0 0.092380 0.492579 0.041754 0.081633
