0 0.291071 0.305203 0.029286 0.036802
0 0.347857 0.269036 0.011429 0.045685
0 0.366071 0.262690 0.012143 0.050761
0 0.381071 0.262056 0.012143 0.046954
0 0.410000 0.249365 0.012857 0.052030
0 0.427143 0.253807 0.011429 0.043147
0 0.705714 0.938452 0.034286 0.052030
0 0.667500 0.888959 0.030714 0.046954
0 0.606071 0.772843 0.022143 0.048223
0 0.613929 0.706218 0.016429 0.057107
0 0.697143 0.742386 0.032857 0.027919
0 0.693571 0.715736 0.034286 0.030457
0 0.693571 0.683376 0.035714 0.031726
0 0.686429 0.651015 0.034286 0.030457
0 0.680357 0.621827 0.033571 0.027919
0 0.676429 0.592640 0.032857 0.030457
0 0.686429 0.559010 0.028571 0.026650
0 0.678571 0.536168 0.030000 0.024112
0 0.674286 0.506345 0.027143 0.025381
0 0.603214 0.390863 0.023571 0.045685
0 0.539286 0.353426 0.025714 0.041878
0 0.665357 0.453046 0.029286 0.025381
0 0.671786 0.479695 0.032143 0.027919
0 0.751071 0.449873 0.003571 0.008883
0 0.752857 0.441624 0.002857 0.007614
0 0.752857 0.475254 0.002857 0.008883
0 0.772143 0.485406 0.004286 0.011421
0 0.881071 0.626904 0.010714 0.012690
0 0.783214 0.445431 0.010714 0.012690
0 0.886071 0.657360 0.015000 0.020305
0 0.890357 0.664340 0.012143 0.016497
0 0.889286 0.689086 0.007143 0.012690
