0 0.845000 0.188571 0.091429 0.095238
0 0.714643 0.251905 0.109286 0.193333
0 0.143929 0.741905 0.242143 0.213333
0 0.466429 0.192857 0.065714 0.130476
0 0.558214 0.099524 0.079286 0.136190
0 0.222143 0.307619 0.167143 0.102857
0 0.236786 0.220000 0.153571 0.085714
0 0.232857 0.156667 0.138571 0.079048
0 0.231429 0.109048 0.145714 0.084762
0 0.256429 0.053333 0.124286 0.076190
0 0.108929 0.474286 0.047857 0.070476
0 0.105714 0.428571 0.044286 0.059048
0 0.493571 0.382857 0.097143 0.192381
0 0.522143 0.424286 0.028571 0.056190
0 0.635357 0.493810 0.030714 0.052381
0 0.663571 0.571429 0.028571 0.051429
0 0.645714 0.614286 0.031429 0.053333
0 0.602857 0.565714 0.032857 0.060952
0 0.367500 0.090476 0.025000 0.053333
0 0.365714 0.105238 0.027143 0.056190
0 0.631786 0.515714 0.030714 0.060000
0 0.643214 0.630952 0.029286 0.077143
0 0.657857 0.587143 0.021429 0.080952
0 0.597857 0.577619 0.032857 0.065714
