0 0.134286 0.076190 0.027143 0.049524
0 0.132143 0.143333 0.021429 0.042857
0 0.134643 0.251905 0.029286 0.060000
0 0.351071 0.303333 0.016429 0.040952
0 0.327143 0.326667 0.014286 0.040000
0 0.175000 0.357143 0.035714 0.080000
0 0.134286 0.391905 0.034286 0.082857
0 0.185714 0.471905 0.038571 0.092381
0 0.198929 0.632381 0.040714 0.095238
0 0.253571 0.694762 0.047143 0.126667
0 0.127500 0.802857 0.043571 0.127619
0 0.272857 0.855714 0.052857 0.153333
0 0.352500 0.293810 0.017857 0.025714
0 0.326429 0.323810 0.015714 0.028571
