0 0.579399 0.871183 0.127325 0.209924
0 0.517883 0.634065 0.077253 0.115458
0 0.494993 0.548664 0.054363 0.066794
0 0.484263 0.497137 0.040057 0.062977
0 0.468169 0.438931 0.020744 0.051527
0 0.680615 0.785305 0.030758 0.095420
0 0.622318 0.686069 0.022890 0.072519
0 0.679542 0.880725 0.031474 0.095420
0 0.685980 0.916031 0.040057 0.103053
0 0.694206 0.716126 0.025036 0.081107
0 0.645923 0.483302 0.011445 0.046756
0 0.713162 0.578721 0.024320 0.039122
0 0.597997 0.566317 0.025751 0.041031
0 0.541488 0.515267 0.022890 0.047710
0 0.639127 0.541031 0.013591 0.053435
0 0.601931 0.532443 0.007868 0.038168
0 0.604077 0.547710 0.010730 0.026718
0 0.612661 0.510973 0.015021 0.048664
0 0.583333 0.533874 0.016452 0.035305
0 0.565093 0.502863 0.018598 0.038168
0 0.516094 0.497615 0.015021 0.046756
0 0.500715 0.473282 0.014306 0.036260
0 0.521102 0.477099 0.013591 0.038168
0 0.618741 0.525286 0.010014 0.020038
0 0.626252 0.523378 0.012160 0.023855
0 0.577253 0.508588 0.018598 0.040076
0 0.554006 0.482824 0.017883 0.020992
0 0.548999 0.470897 0.010730 0.029580
0 0.662732 0.473282 0.010730 0.032443
0 0.600143 0.494752 0.012876 0.044847
0 0.585479 0.492366 0.012160 0.040076
0 0.491059 0.382634 0.007868 0.020992
0 0.482117 0.384542 0.008584 0.015267
0 0.572604 0.398378 0.007868 0.025763
0 0.534335 0.397901 0.015737 0.015267
0 0.636266 0.623092 0.019313 0.047710
0 0.632690 0.642176 0.033619 0.062977
