0 0.021071 0.928299 0.022143 0.024112
0 0.010714 0.961294 0.021429 0.021574
0 0.186786 0.777284 0.056429 0.052030
0 0.222500 0.806472 0.020714 0.024112
0 0.324643 0.744924 0.019286 0.022843
0 0.258929 0.907995 0.019286 0.024112
0 0.356071 0.623096 0.019286 0.022843
0 0.391786 0.702411 0.017857 0.021574
0 0.422500 0.647843 0.016429 0.016497
0 0.348929 0.797589 0.017857 0.021574
0 0.311786 0.777284 0.020714 0.024112
0 0.302143 0.848350 0.031429 0.034264
0 0.308929 0.872462 0.046429 0.049492
0 0.496429 0.605330 0.025714 0.030457
0 0.543929 0.631345 0.029286 0.031726
0 0.579286 0.655457 0.020000 0.021574
0 0.670714 0.619924 0.030000 0.034264
0 0.521071 0.738579 0.020714 0.020305
0 0.450357 0.732868 0.022143 0.024112
0 0.469286 0.679569 0.018571 0.021574
0 0.491071 0.638959 0.013571 0.019036
0 0.507143 0.723350 0.020000 0.022843
0 0.602857 0.548858 0.018571 0.021574
0 0.606786 0.571701 0.017857 0.021574
0 0.619643 0.585025 0.017857 0.020305
0 0.928929 0.354061 0.027857 0.030457
0 0.982857 0.345812 0.017143 0.016497
0 0.977143 0.432107 0.017143 0.019036
0 0.919286 0.490482 0.018571 0.021574
0 0.982143 0.404822 0.018571 0.020305
0 0.747143 0.484772 0.032857 0.032995
0 0.685357 0.586294 0.029286 0.035533
0 0.756786 0.592640 0.017857 0.020305
0 0.803214 0.515228 0.019286 0.017766
0 0.799643 0.476523 0.017857 0.021574
0 0.665000 0.530457 0.037143 0.035533
0 0.696786 0.538706 0.026429 0.029188
0 0.770357 0.559010 0.019286 0.021574
0 0.186786 0.279188 0.003571 0.010152
0 0.189286 0.274746 0.004286 0.008883
