0 0.490000 0.496827 0.011429 0.026650
0 0.495357 0.754442 0.013571 0.049492
0 0.519643 0.795685 0.017857 0.048223
0 0.515714 0.693528 0.015714 0.041878
0 0.492143 0.581853 0.012857 0.036802
0 0.510714 0.583122 0.012857 0.036802
0 0.490714 0.327411 0.010000 0.017766
0 0.500000 0.319162 0.007143 0.021574
0 0.497857 0.293147 0.008571 0.017766
0 0.495357 0.237944 0.007857 0.019036
0 0.491786 0.144670 0.006429 0.010152
0 0.483214 0.131345 0.005000 0.008883
0 0.484286 0.143401 0.004286 0.010152
0 0.509286 0.518401 0.011429 0.034264
0 0.515357 0.395305 0.009286 0.024112
0 0.502143 0.342640 0.007143 0.017766
0 0.487500 0.274746 0.007857 0.016497
0 0.459643 0.196701 0.006429 0.012690
0 0.469643 0.189086 0.006429 0.012690
0 0.461429 0.140228 0.005714 0.011421
0 0.467500 0.075508 0.007857 0.024112
0 0.455357 0.109772 0.003571 0.013959
0 0.471071 0.142132 0.005000 0.012690
0 0.490000 0.361675 0.007143 0.022843
0 0.491429 0.442259 0.010000 0.031726
0 0.504643 0.412437 0.010714 0.030457
0 0.507857 0.451777 0.017143 0.071066
0 0.588214 0.494289 0.020714 0.082487
0 0.494643 0.204315 0.006429 0.017766
0 0.487857 0.300761 0.008571 0.020305
0 0.527857 0.489213 0.014286 0.054569
0 0.505000 0.369924 0.012857 0.041878
0 0.537857 0.142766 0.008571 0.013959
0 0.852857 0.391497 0.008571 0.016497
0 0.825000 0.349619 0.014286 0.021574
