0 0.124739 0.775510 0.061587 0.168831
0 0.193633 0.502783 0.059499 0.135436
0 0.228079 0.374768 0.042797 0.105751
0 0.254175 0.239332 0.057411 0.150278
0 0.411273 0.239332 0.043841 0.135436
0 0.507829 0.086271 0.042797 0.141002
0 0.530793 0.322820 0.061587 0.042672
0 0.526618 0.578850 0.072025 0.079777
0 0.616127 0.063080 0.047495 0.042672
0 0.668580 0.055195 0.009395 0.034323
0 0.553758 0.200835 0.028184 0.028757
0 0.602557 0.128479 0.027662 0.028757
0 0.601253 0.344620 0.028184 0.023191
0 0.455115 0.374304 0.037578 0.112245
0 0.435804 0.524119 0.030271 0.035250
0 0.668841 0.342301 0.013048 0.033395
0 0.672234 0.320501 0.012526 0.034323
0 0.601253 0.454545 0.073069 0.053803
0 0.600209 0.405380 0.063674 0.050093
0 0.605428 0.372449 0.027140 0.023191
0 0.545407 0.457328 0.028184 0.022263
0 0.537317 0.638219 0.032881 0.035250
0 0.685021 0.737013 0.014092 0.030612
0 0.575157 0.900742 0.036534 0.027829
0 0.524530 0.938312 0.038622 0.051020
0 0.585595 0.743043 0.043841 0.061224
0 0.761221 0.346011 0.009916 0.050093
