0 0.483214 0.613333 0.037857 0.078095
0 0.686786 0.761429 0.085000 0.065714
0 0.406786 0.465238 0.046429 0.058095
0 0.458214 0.394286 0.042143 0.051429
0 0.471786 0.330952 0.036429 0.040952
0 0.422857 0.390476 0.048571 0.057143
0 0.363214 0.468095 0.049286 0.056190
0 0.587500 0.224762 0.026429 0.032381
0 0.609286 0.190476 0.020000 0.028571
0 0.627143 0.136190 0.020000 0.022857
0 0.553571 0.263810 0.028571 0.041905
0 0.498929 0.331429 0.026429 0.032381
0 0.533929 0.284286 0.025000 0.037143
0 0.391071 0.287143 0.010714 0.025714
0 0.906429 0.597143 0.031429 0.024762
0 0.274286 0.463333 0.015714 0.035238
0 0.300714 0.479524 0.022857 0.023810
0 0.912143 0.588571 0.015714 0.024762
0 0.300714 0.469524 0.012857 0.022857
0 0.275000 0.452857 0.011429 0.029524
0 0.687500 0.905714 0.023571 0.045714
0 0.687857 0.888095 0.018571 0.035238
0 0.766429 0.042381 0.014286 0.014286
