0 0.153929 0.878095 0.099286 0.186667
0 0.344286 0.968571 0.025714 0.036190
0 0.435357 0.880476 0.033571 0.044762
0 0.324643 0.778095 0.125000 0.194286
0 0.345357 0.639524 0.126429 0.180000
0 0.207857 0.626667 0.081429 0.171429
0 0.481429 0.608095 0.067143 0.193333
0 0.377500 0.510000 0.136429 0.134286
0 0.295357 0.520952 0.032143 0.059048
0 0.790000 0.533810 0.030000 0.056190
0 0.248214 0.283810 0.025000 0.051429
0 0.220357 0.130000 0.069286 0.132381
0 0.305357 0.264286 0.063571 0.136190
0 0.404286 0.310476 0.110000 0.110476
0 0.563929 0.261905 0.050714 0.123810
0 0.674286 0.343333 0.114286 0.103810
0 0.567143 0.110952 0.045714 0.098095
0 0.673571 0.099524 0.090000 0.086667
0 0.758214 0.176667 0.023571 0.052381
0 0.850000 0.282857 0.135714 0.097143
0 0.861071 0.211905 0.132143 0.090476
0 0.857500 0.145238 0.122143 0.060000
0 0.875357 0.093333 0.097857 0.083810
0 0.881071 0.059524 0.106429 0.056190
