0 0.348214 0.526650 0.046429 0.055838
0 0.253214 0.536168 0.052143 0.074873
0 0.240000 0.401015 0.048571 0.083756
0 0.164286 0.788071 0.057143 0.093909
0 0.056429 0.676396 0.060000 0.088832
0 0.209286 0.927665 0.062857 0.104061
0 0.524643 0.738579 0.062143 0.053299
0 0.525714 0.913706 0.062857 0.088832
0 0.574643 0.788706 0.042143 0.079949
0 0.632857 0.826142 0.028571 0.121827
0 0.642500 0.602792 0.042143 0.091371
0 0.612857 0.564086 0.042857 0.095178
0 0.544286 0.440355 0.041429 0.083756
0 0.488929 0.394670 0.043571 0.086294
0 0.704286 0.652919 0.041429 0.100254
0 0.736786 0.657995 0.042143 0.100254
0 0.798571 0.739213 0.044286 0.110406
0 0.837500 0.756345 0.040714 0.101523
0 0.826429 0.907360 0.034286 0.106599
0 0.873214 0.800761 0.045000 0.106599
0 0.321786 0.460025 0.053571 0.069797
0 0.327857 0.330584 0.050000 0.107868
0 0.387500 0.310914 0.045000 0.068528
0 0.283929 0.249365 0.040714 0.082487
0 0.096786 0.346447 0.099286 0.131980
0 0.029643 0.142766 0.046429 0.062183
0 0.168571 0.091371 0.047143 0.073604
0 0.192500 0.111041 0.040714 0.062183
0 0.212857 0.145305 0.047143 0.077411
0 0.239643 0.185279 0.043571 0.071066
0 0.262500 0.215102 0.039286 0.077411
0 0.147500 0.056472 0.052143 0.077411
0 0.497143 0.296320 0.011429 0.021574
0 0.499643 0.281091 0.010714 0.019036
0 0.447143 0.230330 0.007143 0.024112
0 0.585714 0.423223 0.008571 0.024112
0 0.595000 0.414975 0.010000 0.022843
0 0.639643 0.438452 0.007857 0.024112
0 0.648929 0.429569 0.009286 0.024112
0 0.859643 0.641497 0.010714 0.019036
0 0.849286 0.645939 0.011429 0.017766
0 0.781071 0.571066 0.019286 0.025381
0 0.780357 0.555838 0.026429 0.027919
0 0.286429 0.703680 0.011429 0.024112
0 0.273929 0.706853 0.013571 0.022843
0 0.466786 0.867386 0.007857 0.026650
0 0.537143 0.982868 0.005714 0.016497
0 0.329286 0.138959 0.010000 0.026650
0 0.329286 0.157360 0.017143 0.025381
0 0.328571 0.168782 0.012857 0.027919
0 0.320357 0.180838 0.007857 0.031726
0 0.105000 0.111041 0.012857 0.026650
0 0.071786 0.093274 0.015000 0.024112
0 0.048929 0.116117 0.016429 0.029188
0 0.145000 0.241751 0.011429 0.026650
0 0.141071 0.290609 0.013571 0.030457
0 0.248214 0.135787 0.007857 0.020305
0 0.661429 0.436548 0.017143 0.027919
0 0.716071 0.472081 0.022143 0.032995
0 0.854643 0.590102 0.019286 0.022843
0 0.893929 0.842005 0.016429 0.021574
0 0.890357 0.826142 0.015000 0.020305
0 0.108214 0.917513 0.019286 0.017766
0 0.111071 0.933376 0.013571 0.016497
