0 0.372651 0.279685 0.051148 0.043599
0 0.663361 0.153989 0.043841 0.042672
0 0.776096 0.188776 0.046973 0.036178
0 0.294363 0.306122 0.052192 0.046382
0 0.252871 0.237477 0.049582 0.042672
0 0.084029 0.181818 0.049061 0.040816
0 0.179802 0.213358 0.049582 0.050093
0 0.188152 0.249072 0.133090 0.104824
0 0.828027 0.200371 0.048539 0.042672
0 0.351514 0.563544 0.007829 0.023191
0 0.370825 0.537570 0.006785 0.025046
0 0.367693 0.512987 0.008873 0.020408
0 0.370564 0.516234 0.016701 0.013915
0 0.639353 0.638683 0.010438 0.023191
0 0.637265 0.629870 0.009395 0.024119
0 0.642745 0.604360 0.009916 0.021336
0 0.682933 0.586735 0.009916 0.019481
0 0.643267 0.607143 0.018267 0.013915
0 0.683194 0.589054 0.019833 0.016698
0 0.869781 0.397032 0.007829 0.029685
0 0.941806 0.278293 0.022443 0.018553
0 0.905010 0.280148 0.018789 0.016698
0 0.885177 0.260204 0.019833 0.017625
0 0.839770 0.257421 0.018789 0.015770
0 0.945459 0.275046 0.009916 0.019481
0 0.908142 0.277365 0.010438 0.020408
0 0.888309 0.257885 0.010438 0.018553
0 0.842119 0.252783 0.009916 0.017625
0 0.871347 0.390074 0.006785 0.021336
0 0.785752 0.224490 0.007829 0.022263
0 0.787839 0.231447 0.028706 0.023191
0 0.635438 0.177180 0.015136 0.018553
0 0.638048 0.172542 0.006785 0.020408
0 0.636221 0.172078 0.006263 0.010204
0 0.410491 0.095547 0.006785 0.025974
0 0.416754 0.093228 0.005741 0.023191
