0 0.760699 0.877551 0.042276 0.100186
0 0.902140 0.924397 0.076722 0.060297
0 0.881263 0.862245 0.068372 0.058442
0 0.861691 0.808905 0.059499 0.053803
0 0.849948 0.757885 0.052714 0.046382
0 0.424061 0.616883 0.050626 0.259740
0 0.606211 0.570037 0.056889 0.051020
0 0.600470 0.523655 0.048539 0.051020
0 0.600470 0.480056 0.045407 0.039889
0 0.554802 0.380798 0.032359 0.039889
0 0.520616 0.335807 0.016180 0.038961
0 0.445459 0.347403 0.018267 0.043599
0 0.441545 0.408627 0.028184 0.078850
0 0.267745 0.298237 0.026096 0.039889
0 0.563152 0.328386 0.035491 0.051948
0 0.597599 0.329314 0.028184 0.029685
0 0.591597 0.311688 0.028706 0.029685
0 0.558977 0.304267 0.031315 0.029685
0 0.600992 0.279221 0.006785 0.022263
0 0.581942 0.269017 0.022965 0.025974
0 0.580376 0.236085 0.036534 0.039889
0 0.568894 0.153061 0.025052 0.024119
0 0.458507 0.242579 0.015136 0.032468
0 0.459290 0.214286 0.012526 0.027829
0 0.464248 0.167904 0.013048 0.025974
0 0.466858 0.139147 0.010960 0.033395
0 0.469990 0.106215 0.012004 0.023191
0 0.567589 0.102505 0.012004 0.023191
0 0.565762 0.140074 0.028184 0.018553
0 0.560282 0.132189 0.042276 0.028757
0 0.527140 0.076531 0.031315 0.080705
0 0.520877 0.046846 0.010438 0.023191
0 0.530793 0.006957 0.003132 0.013915
0 0.524530 0.006957 0.004175 0.010204
0 0.493737 0.468924 0.011482 0.030612
0 0.493998 0.461967 0.007829 0.024119
