0 0.151429 0.839467 0.100000 0.176396
0 0.232500 0.743020 0.059286 0.092640
0 0.278214 0.648477 0.049286 0.106599
0 0.297143 0.893401 0.045714 0.086294
0 0.330714 0.925127 0.054286 0.104061
0 0.420357 0.729061 0.046429 0.095178
0 0.401429 0.660533 0.048571 0.097716
0 0.515000 0.413706 0.037143 0.073604
0 0.543571 0.450508 0.038571 0.076142
0 0.624643 0.495558 0.046429 0.090102
0 0.669643 0.529822 0.013571 0.031726
0 0.669286 0.529188 0.011429 0.022843
0 0.610357 0.204315 0.046429 0.086294
0 0.641429 0.229061 0.044286 0.082487
0 0.799286 0.172589 0.102857 0.129442
