0 0.566071 0.956218 0.020714 0.067259
0 0.611429 0.882614 0.018571 0.054569
0 0.591429 0.901015 0.010000 0.035533
0 0.579643 0.905457 0.010714 0.031726
0 0.568929 0.866751 0.009286 0.032995
0 0.577500 0.864848 0.009286 0.031726
0 0.597500 0.439721 0.020714 0.069797
0 0.662500 0.392132 0.029286 0.088832
0 0.640714 0.285533 0.028571 0.088832
0 0.434643 0.413706 0.042143 0.154822
0 0.584643 0.052030 0.017857 0.058376
0 0.641429 0.184010 0.018571 0.065990
0 0.798929 0.514594 0.035000 0.029188
0 0.857500 0.574239 0.037857 0.034264
0 0.951071 0.496193 0.053571 0.043147
