0 0.358727 0.759542 0.149499 0.194656
0 0.480329 0.870229 0.080830 0.160305
0 0.679185 0.907443 0.122318 0.169847
0 0.822246 0.743798 0.050787 0.113550
0 0.882690 0.774332 0.054363 0.107824
0 0.951001 0.820134 0.062232 0.121183
0 0.891989 0.653149 0.018598 0.054389
0 0.782546 0.846374 0.018598 0.049618
0 0.674893 0.812023 0.019313 0.057252
0 0.494278 0.607347 0.014306 0.039122
0 0.423820 0.613550 0.015021 0.043893
0 0.515021 0.719943 0.020029 0.035305
0 0.547210 0.808683 0.012876 0.039122
0 0.448856 0.567748 0.013591 0.038168
0 0.808655 0.592557 0.013591 0.045802
0 0.324034 0.375477 0.010014 0.027672
0 0.302575 0.521469 0.061516 0.058206
0 0.693848 0.610687 0.085837 0.078244
0 0.760730 0.717080 0.059371 0.105916
0 0.700286 0.694656 0.062947 0.103053
0 0.645565 0.664599 0.060801 0.092557
0 0.297926 0.614504 0.067954 0.080153
0 0.211016 0.559160 0.062947 0.080153
0 0.247139 0.481870 0.052217 0.047710
0 0.091559 0.349714 0.058655 0.044847
0 0.077253 0.335878 0.050072 0.036260
0 0.077611 0.260496 0.009299 0.024809
0 0.263233 0.398378 0.010014 0.031489
0 0.639843 0.365935 0.007868 0.031489
0 0.697425 0.391698 0.022890 0.023855
0 0.663805 0.392653 0.011445 0.021947
0 0.679542 0.340649 0.008584 0.015267
0 0.682403 0.333015 0.005722 0.015267
0 0.468884 0.401240 0.013591 0.016221
0 0.457082 0.395992 0.015737 0.019084
0 0.245351 0.331584 0.010014 0.025763
0 0.117310 0.364504 0.057225 0.047710
0 0.140558 0.377863 0.067954 0.047710
0 0.157010 0.389790 0.062232 0.044847
0 0.043991 0.431298 0.039342 0.049618
0 0.185265 0.399809 0.064378 0.055344
0 0.137339 0.327290 0.047210 0.045802
0 0.226037 0.335401 0.012876 0.025763
0 0.082976 0.293416 0.012876 0.020038
0 0.054363 0.304866 0.012876 0.014313
0 0.140916 0.285305 0.017167 0.017176
0 0.128040 0.291985 0.010014 0.024809
0 0.216738 0.318702 0.021459 0.020992
0 0.216381 0.414122 0.009299 0.017176
0 0.226395 0.405534 0.006438 0.019084
0 0.319742 0.594943 0.010014 0.029580
0 0.355150 0.672233 0.016452 0.023855
0 0.371602 0.653149 0.012160 0.039122
0 0.386266 0.645038 0.014306 0.036260
0 0.381974 0.623569 0.015737 0.035305
0 0.625894 0.691794 0.015737 0.038168
0 0.728183 0.718034 0.014306 0.037214
0 0.715308 0.736164 0.020029 0.042939
0 0.789700 0.635496 0.018598 0.036260
0 0.908441 0.709447 0.020029 0.039122
0 0.649857 0.568702 0.013591 0.024809
0 0.657368 0.560592 0.007153 0.023855
0 0.661660 0.552958 0.010014 0.021947
