0 0.567589 0.780148 0.030793 0.111317
0 0.504175 0.608998 0.022965 0.056586
0 0.573852 0.413265 0.022443 0.076994
0 0.528184 0.375232 0.022965 0.069573
0 0.542015 0.240724 0.020355 0.052876
0 0.432150 0.378942 0.027140 0.076994
0 0.408403 0.368275 0.023486 0.066790
0 0.343946 0.344156 0.017745 0.053803
0 0.319676 0.353432 0.029749 0.076067
0 0.292015 0.344156 0.030793 0.063080
0 0.262004 0.333024 0.033403 0.076067
0 0.235386 0.328386 0.033403 0.070501
0 0.176148 0.312152 0.030793 0.067718
0 0.107516 0.291744 0.035491 0.069573
0 0.917797 0.475881 0.032881 0.066790
0 0.811848 0.466141 0.028706 0.058442
0 0.779228 0.465213 0.027140 0.067718
0 0.975731 0.404917 0.047495 0.051020
