0 0.584286 0.910952 0.047143 0.094286
0 0.279286 0.784286 0.031429 0.080952
0 0.782857 0.416190 0.035714 0.040000
0 0.809286 0.419524 0.030000 0.039048
0 0.014643 0.426190 0.020714 0.044762
0 0.542857 0.267619 0.020000 0.024762
0 0.398571 0.127619 0.011429 0.017143
0 0.428929 0.056190 0.019286 0.011429
0 0.431429 0.061905 0.015714 0.011429
0 0.670357 0.186667 0.033571 0.030476
0 0.312143 0.145238 0.018571 0.035238
0 0.323571 0.214762 0.020000 0.037143
0 0.646071 0.181429 0.017857 0.020000
0 0.578929 0.175714 0.022143 0.018095
0 0.088929 0.204762 0.017857 0.032381
0 0.197143 0.129048 0.020000 0.033333
0 0.182857 0.009048 0.008571 0.010476
0 0.313929 0.021429 0.010714 0.014286
0 0.335357 0.051905 0.019286 0.018095
0 0.321786 0.185714 0.015000 0.020952
0 0.122143 0.109524 0.011429 0.017143
0 0.177500 0.121429 0.006429 0.014286
0 0.141786 0.768095 0.015000 0.037143
0 0.377143 0.298571 0.010000 0.016190
0 0.404643 0.426667 0.009286 0.020952
0 0.431429 0.428571 0.008571 0.019048
0 0.139643 0.765238 0.012143 0.018095
0 0.177143 0.119048 0.005714 0.009524
0 0.376429 0.294286 0.005714 0.009524
0 0.404286 0.422857 0.007143 0.009524
0 0.431071 0.424762 0.006429 0.009524
