0 0.466071 0.688452 0.019286 0.067259
0 0.355357 0.738579 0.025000 0.065990
0 0.327143 0.889594 0.044286 0.063452
0 0.488929 0.886421 0.023571 0.085025
0 0.490000 0.772843 0.018571 0.071066
0 0.471071 0.487944 0.013571 0.052030
0 0.473929 0.411802 0.012143 0.046954
0 0.476071 0.355964 0.012143 0.041878
0 0.496786 0.347081 0.012143 0.041878
0 0.495714 0.524112 0.012857 0.040609
0 0.488929 0.677030 0.017857 0.059645
0 0.437857 0.182741 0.011429 0.027919
0 0.449643 0.051396 0.010714 0.021574
0 0.428571 0.095812 0.010000 0.026650
0 0.412857 0.242386 0.012857 0.027919
0 0.395714 0.744924 0.020000 0.055838
0 0.515714 0.265863 0.011429 0.036802
0 0.493929 0.405457 0.013571 0.046954
0 0.516786 0.361675 0.013571 0.040609
0 0.520714 0.633249 0.014286 0.058376
0 0.496429 0.593274 0.017143 0.062183
0 0.496429 0.453046 0.014286 0.048223
0 0.476071 0.302665 0.013571 0.044416
0 0.705357 0.085660 0.017857 0.031726
0 0.692857 0.086294 0.015714 0.025381
0 0.678929 0.081218 0.016429 0.025381
0 0.666429 0.081853 0.015714 0.024112
0 0.653214 0.084391 0.015000 0.029188
0 0.642500 0.087563 0.013571 0.030457
0 0.623571 0.068528 0.022857 0.025381
0 0.627857 0.060914 0.021429 0.022843
0 0.756071 0.030457 0.015000 0.020305
0 0.739286 0.029188 0.017143 0.020305
0 0.698571 0.060279 0.022857 0.019036
0 0.778929 0.126904 0.013571 0.025381
0 0.765357 0.124365 0.013571 0.025381
0 0.752143 0.126269 0.010000 0.029188
0 0.738214 0.129442 0.013571 0.027919
0 0.669643 0.128173 0.013571 0.025381
0 0.626071 0.128807 0.015000 0.029188
0 0.681429 0.125635 0.011429 0.025381
0 0.608929 0.031726 0.016429 0.020305
0 0.674286 0.056472 0.021429 0.021574
0 0.723571 0.027284 0.014286 0.019036
0 0.692143 0.027919 0.015714 0.020305
0 0.772500 0.029188 0.015000 0.025381
0 0.613214 0.086294 0.015000 0.025381
0 0.610714 0.126904 0.012857 0.027919
0 0.640714 0.126269 0.008571 0.024112
0 0.652857 0.128173 0.012857 0.025381
0 0.696429 0.125000 0.012857 0.034264
0 0.710357 0.125635 0.012143 0.032995
0 0.725000 0.125000 0.014286 0.034264
0 0.428929 0.660533 0.016429 0.059645
0 0.417500 0.799492 0.022143 0.068528
0 0.460357 0.800761 0.017857 0.078680
0 0.816429 0.971447 0.054286 0.049492
0 0.469286 0.604061 0.015714 0.058376
0 0.471071 0.547589 0.013571 0.049492
0 0.478571 0.231599 0.011429 0.036802
0 0.498929 0.185279 0.010714 0.040609
0 0.461429 0.075508 0.010000 0.026650
0 0.488214 0.016497 0.009286 0.027919
0 0.501786 0.065990 0.016429 0.071066
0 0.497500 0.270939 0.012143 0.036802
0 0.520714 0.714467 0.018571 0.071066
0 0.520000 0.803299 0.018571 0.086294
0 0.955000 0.750000 0.038571 0.086294
0 0.290357 0.975888 0.053571 0.043147
