0 0.245000 0.225238 0.052857 0.141905
0 0.252143 0.384762 0.055714 0.150476
0 0.371786 0.250476 0.045000 0.129524
0 0.447857 0.157619 0.047143 0.138095
0 0.453214 0.565714 0.052143 0.150476
0 0.538214 0.453810 0.047857 0.145714
0 0.556786 0.612381 0.053571 0.148571
0 0.256429 0.726190 0.055714 0.162857
0 0.662857 0.480000 0.041429 0.038095
0 0.665000 0.453333 0.041429 0.026667
0 0.666429 0.389524 0.020000 0.022857
0 0.722143 0.455714 0.027143 0.040952
0 0.650714 0.205238 0.045714 0.037143
0 0.646786 0.170476 0.037857 0.030476
