0 0.537857 0.795238 0.041429 0.102857
0 0.297143 0.739048 0.068571 0.097143
0 0.409286 0.594286 0.048571 0.059048
0 0.592143 0.545714 0.034286 0.051429
0 0.631786 0.445238 0.032143 0.039048
0 0.672500 0.408571 0.023571 0.030476
0 0.716429 0.336667 0.017143 0.023810
0 0.613214 0.386190 0.023571 0.027619
0 0.528929 0.484286 0.025000 0.035238
0 0.536071 0.439524 0.033571 0.035238
0 0.558571 0.445714 0.025714 0.041905
0 0.580714 0.424286 0.024286 0.037143
0 0.627857 0.363333 0.018571 0.023810
0 0.771786 0.381429 0.006429 0.016190
0 0.738214 0.381429 0.007857 0.018095
0 0.476429 0.387143 0.007143 0.018095
0 0.501786 0.383810 0.006429 0.020952
0 0.973214 0.787143 0.032143 0.035238
0 0.977500 0.775714 0.013571 0.033333
0 0.315714 0.632857 0.011429 0.020000
0 0.299286 0.631429 0.008571 0.020952
0 0.315714 0.641905 0.014286 0.028571
0 0.298571 0.639048 0.015714 0.026667
