0 0.700357 0.641497 0.042143 0.107868
0 0.746071 0.618020 0.033571 0.111675
0 0.828571 0.610406 0.034286 0.106599
0 0.864286 0.607868 0.035714 0.106599
0 0.904643 0.610406 0.035000 0.116751
0 0.940000 0.595178 0.035714 0.096447
0 0.877143 0.797589 0.064286 0.052030
0 0.881071 0.442259 0.036429 0.110406
0 0.847143 0.460660 0.028571 0.109137
0 0.815714 0.470812 0.034286 0.106599
0 0.786429 0.465736 0.028571 0.093909
0 0.752857 0.472716 0.031429 0.102792
0 0.718571 0.481599 0.034286 0.112944
0 0.682857 0.477792 0.030000 0.100254
0 0.651429 0.484772 0.025714 0.104061
0 0.597143 0.484137 0.024286 0.082487
0 0.443571 0.536168 0.028571 0.082487
0 0.560714 0.500000 0.027143 0.106599
0 0.370357 0.547589 0.027857 0.107868
0 0.339643 0.551396 0.022143 0.107868
0 0.303214 0.553934 0.026429 0.105330
0 0.277143 0.722716 0.040000 0.112944
0 0.213571 0.697970 0.027143 0.101523
0 0.182143 0.710660 0.027143 0.109137
0 0.118571 0.716371 0.037143 0.135787
0 0.082500 0.728426 0.027857 0.119289
0 0.020357 0.725254 0.025000 0.077411
0 0.368214 0.420685 0.059286 0.062183
0 0.743571 0.285533 0.060000 0.068528
0 0.958929 0.452411 0.035000 0.107868
0 0.625000 0.637056 0.031429 0.126904
0 0.403929 0.341371 0.066429 0.043147
0 0.154643 0.366751 0.059286 0.045685
0 0.234286 0.580584 0.027143 0.110406
0 0.202143 0.583756 0.024286 0.101523
0 0.170714 0.572970 0.021429 0.102792
0 0.128214 0.574873 0.029286 0.106599
0 0.086429 0.581853 0.031429 0.105330
0 0.070357 0.364848 0.013571 0.039340
0 0.085000 0.361041 0.008571 0.039340
0 0.335714 0.322335 0.022857 0.020305
0 0.880714 0.241117 0.018571 0.032995
0 0.336786 0.344543 0.023571 0.013959
0 0.219286 0.340102 0.010000 0.035533
0 0.208929 0.342005 0.007857 0.031726
0 0.199286 0.339467 0.007143 0.039340
0 0.711071 0.336929 0.012143 0.019036
0 0.515357 0.402919 0.012143 0.019036
0 0.495000 0.410533 0.010000 0.016497
0 0.553214 0.241751 0.009286 0.016497
0 0.228214 0.300761 0.009286 0.015228
0 0.689643 0.217640 0.010714 0.021574
0 0.461786 0.741751 0.012143 0.016497
0 0.187143 0.873731 0.025714 0.019036
0 0.184643 0.874365 0.012143 0.020305
0 0.054286 0.609137 0.020000 0.045685
0 0.051786 0.553934 0.022143 0.029188
