0 0.053214 0.782857 0.005000 0.003810
0 0.056071 0.781905 0.013571 0.007619
0 0.318929 0.766667 0.003571 0.003810
0 0.318929 0.766190 0.009286 0.004762
0 0.388214 0.767619 0.009286 0.005714
0 0.387143 0.767619 0.004286 0.005714
0 0.355714 0.599048 0.015714 0.038095
0 0.362500 0.518095 0.015000 0.030476
0 0.366071 0.481905 0.013571 0.028571
0 0.405000 0.470952 0.010000 0.027619
0 0.407143 0.432857 0.011429 0.027619
0 0.408571 0.394762 0.010000 0.029524
0 0.375000 0.376667 0.011429 0.029524
0 0.371071 0.414286 0.012143 0.026667
0 0.367857 0.446667 0.012857 0.028571
0 0.375000 0.340000 0.012857 0.026667
0 0.380714 0.276190 0.011429 0.026667
0 0.382500 0.247143 0.012143 0.021905
0 0.386071 0.216667 0.009286 0.023810
0 0.416071 0.217619 0.009286 0.023810
0 0.417143 0.189524 0.010000 0.024762
0 0.386786 0.185238 0.010714 0.025714
0 0.405714 0.140476 0.008571 0.021905
0 0.416786 0.123810 0.003571 0.009524
0 0.423929 0.123810 0.006429 0.003810
0 0.423571 0.118571 0.005714 0.004762
0 0.396071 0.083810 0.010714 0.026667
0 0.373929 0.115238 0.022143 0.013333
0 0.377143 0.101905 0.021429 0.013333
0 0.398929 0.044762 0.009286 0.022857
0 0.397857 0.019524 0.011429 0.020000
0 0.427500 0.017619 0.010714 0.023810
0 0.457857 0.056190 0.005714 0.011429
0 0.459643 0.205238 0.002143 0.004762
0 0.459643 0.208571 0.003571 0.009524
0 0.459643 0.219524 0.003571 0.008571
0 0.470357 0.286190 0.023571 0.014286
0 0.446071 0.333810 0.022143 0.014286
0 0.444643 0.361905 0.022143 0.015238
0 0.444643 0.377619 0.022143 0.014286
0 0.443929 0.391905 0.022143 0.014286
0 0.443571 0.452381 0.024286 0.015238
0 0.442500 0.467143 0.023571 0.014286
0 0.442857 0.485714 0.024286 0.013333
0 0.441786 0.516667 0.026429 0.014286
0 0.440357 0.532381 0.025000 0.015238
0 0.497143 0.550476 0.002857 0.009524
0 0.463929 0.570476 0.007857 0.003810
0 0.657143 0.261429 0.010000 0.029524
0 0.515357 0.547143 0.003571 0.008571
0 0.522857 0.547143 0.004286 0.008571
0 0.528214 0.546667 0.003571 0.007619
0 0.536429 0.547143 0.002857 0.008571
0 0.573929 0.546190 0.003571 0.008571
0 0.594286 0.545714 0.002857 0.009524
0 0.604643 0.546667 0.003571 0.009524
0 0.583571 0.547619 0.004286 0.011429
0 0.560714 0.546667 0.002857 0.009524
0 0.567500 0.547143 0.003571 0.008571
0 0.650714 0.745238 0.004286 0.004762
0 0.648571 0.745238 0.008571 0.004762
0 0.538571 0.762381 0.002857 0.002857
0 0.536429 0.761429 0.010000 0.006667
0 0.670357 0.794286 0.069286 0.028571
0 0.689286 0.961429 0.015714 0.046667
0 0.728214 0.964762 0.016429 0.047619
0 0.746429 0.966190 0.014286 0.039048
0 0.782500 0.957619 0.015000 0.040952
0 0.801429 0.959524 0.018571 0.046667
0 0.821786 0.952381 0.019286 0.045714
0 0.838214 0.949524 0.019286 0.047619
0 0.858214 0.944762 0.019286 0.041905
0 0.874643 0.940476 0.019286 0.042857
0 0.771071 0.816190 0.030714 0.019048
0 0.928571 0.727143 0.005714 0.002857
0 0.926786 0.728095 0.007857 0.004762
0 0.353214 0.651429 0.026429 0.059048
0 0.290357 0.097619 0.010714 0.021905
0 0.301786 0.104286 0.012143 0.023810
0 0.312857 0.109524 0.011429 0.020952
0 0.326071 0.108095 0.012143 0.025714
0 0.339643 0.112857 0.010714 0.021905
0 0.478571 0.022381 0.008571 0.021905
