0 0.565714 0.148095 0.027143 0.063810
0 0.616429 0.129048 0.028571 0.060000
0 0.666071 0.246667 0.030714 0.072381
0 0.589286 0.542857 0.037143 0.104762
0 0.739286 0.346190 0.040000 0.079048
0 0.680357 0.780476 0.047857 0.136190
0 0.178214 0.537619 0.050714 0.107619
0 0.111071 0.350000 0.087857 0.046667
0 0.099286 0.905714 0.075714 0.171429
0 0.059643 0.495238 0.087857 0.045714
0 0.077143 0.448571 0.082857 0.043810
0 0.086071 0.402857 0.085000 0.049524
0 0.062143 0.603333 0.024286 0.023810
0 0.127857 0.529524 0.020000 0.024762
0 0.111071 0.487143 0.016429 0.029524
0 0.180714 0.362857 0.017143 0.028571
0 0.135357 0.448571 0.020714 0.030476
0 0.127500 0.442857 0.016429 0.028571
0 0.233929 0.273810 0.046429 0.103810
0 0.165000 0.139048 0.071429 0.040000
0 0.144643 0.202381 0.069286 0.040952
0 0.157857 0.168095 0.071429 0.037143
0 0.220000 0.061905 0.044286 0.060952
0 0.129643 0.280000 0.079286 0.053333
0 0.133571 0.230476 0.071429 0.047619
0 0.948214 0.343333 0.082143 0.042857
0 0.957500 0.379524 0.079286 0.052381
0 0.847857 0.463810 0.042857 0.091429
0 0.940357 0.471905 0.016429 0.035238
0 0.824643 0.765714 0.066429 0.133333
0 0.921071 0.745238 0.060714 0.147619
0 0.943571 0.306667 0.075714 0.038095
0 0.930000 0.264286 0.071429 0.044762
0 0.910714 0.234762 0.072857 0.039048
0 0.783571 0.062857 0.010000 0.032381
0 0.889643 0.055714 0.012143 0.033333
0 0.860000 0.201905 0.067143 0.047619
0 0.840357 0.139048 0.065000 0.038095
0 0.815000 0.040000 0.058571 0.038095
0 0.824286 0.067143 0.057143 0.035238
0 0.826786 0.093810 0.057857 0.042857
