0 0.050000 0.300952 0.012857 0.007619
0 0.062857 0.287143 0.037143 0.016190
0 0.087143 0.268571 0.037143 0.019048
0 0.106429 0.282381 0.037143 0.020000
0 0.165714 0.270000 0.065714 0.039048
0 0.159286 0.255238 0.081429 0.034286
0 0.127143 0.253810 0.027143 0.018095
0 0.123214 0.210000 0.023571 0.016190
0 0.229643 0.193810 0.009286 0.006667
0 0.228571 0.190000 0.005714 0.008571
0 0.048571 0.297619 0.005714 0.010476
0 0.254286 0.124286 0.004286 0.010476
0 0.257500 0.121905 0.003571 0.009524
0 0.264286 0.116667 0.004286 0.012381
0 0.275357 0.073333 0.005000 0.011429
0 0.158929 0.574762 0.010714 0.020000
0 0.408571 0.041905 0.008571 0.020952
0 0.405357 0.068095 0.007857 0.016190
0 0.406429 0.079524 0.002857 0.008571
0 0.406429 0.077143 0.002857 0.007619
0 0.413214 0.090000 0.009286 0.014286
0 0.415357 0.134286 0.015000 0.036190
0 0.404286 0.209524 0.018571 0.043810
0 0.413929 0.187143 0.010714 0.018095
0 0.427143 0.217619 0.012857 0.020000
0 0.426071 0.275714 0.013571 0.021905
0 0.462857 0.211429 0.005714 0.015238
0 0.361429 0.276190 0.025714 0.032381
0 0.388571 0.334286 0.017143 0.028571
0 0.427857 0.323333 0.015714 0.027619
0 0.414643 0.387619 0.023571 0.070476
0 0.443571 0.408095 0.015714 0.031429
0 0.458214 0.292381 0.005000 0.015238
0 0.441786 0.478571 0.017857 0.037143
0 0.417143 0.550476 0.032857 0.135238
0 0.441429 0.733810 0.030000 0.065714
0 0.462500 0.861905 0.026429 0.076190
0 0.756786 0.776190 0.056429 0.041905
0 0.739643 0.734286 0.052143 0.043810
0 0.743929 0.603333 0.037857 0.056190
0 0.768214 0.589048 0.039286 0.052381
0 0.729286 0.495714 0.040000 0.029524
0 0.653571 0.483333 0.042857 0.027619
0 0.639643 0.498571 0.005000 0.016190
0 0.694286 0.428571 0.007143 0.017143
0 0.598214 0.470952 0.006429 0.018095
0 0.650714 0.419048 0.051429 0.040000
0 0.629286 0.364762 0.031429 0.024762
0 0.625714 0.350000 0.034286 0.020000
0 0.622143 0.338095 0.034286 0.019048
0 0.666429 0.343333 0.014286 0.014286
0 0.656071 0.323810 0.013571 0.011429
0 0.525357 0.370000 0.035000 0.023810
0 0.526071 0.356190 0.032143 0.017143
0 0.524643 0.342857 0.032143 0.019048
0 0.510357 0.323810 0.036429 0.022857
0 0.514643 0.310476 0.032143 0.019048
0 0.510357 0.296667 0.025000 0.021905
0 0.612500 0.290952 0.019286 0.023810
