0 0.172500 0.785714 0.210714 0.121905
0 0.184643 0.661905 0.187857 0.106667
0 0.782857 0.754762 0.121429 0.250476
0 0.248214 0.484286 0.147857 0.080952
0 0.287857 0.422857 0.134286 0.076190
0 0.280000 0.365714 0.137143 0.068571
0 0.336429 0.242857 0.098571 0.059048
0 0.360000 0.162857 0.082857 0.055238
0 0.220000 0.554286 0.185714 0.108571
0 0.587857 0.445714 0.140000 0.074286
0 0.582857 0.391429 0.125714 0.070476
0 0.578929 0.339524 0.112143 0.071429
0 0.580000 0.291905 0.094286 0.069524
0 0.563571 0.229524 0.100000 0.055238
0 0.555000 0.175714 0.088571 0.052381
0 0.558571 0.148095 0.081429 0.040952
0 0.429286 0.420000 0.018571 0.060952
0 0.532143 0.571429 0.018571 0.055238
0 0.482143 0.420000 0.015714 0.059048
0 0.493571 0.411905 0.015714 0.056190
0 0.630000 0.143333 0.034286 0.060000
0 0.743214 0.103333 0.039286 0.046667
0 0.817143 0.087619 0.047143 0.043810
0 0.853929 0.133333 0.050714 0.047619
0 0.789643 0.048571 0.036429 0.041905
0 0.766786 0.023333 0.036429 0.033333
0 0.619643 0.096667 0.032143 0.048571
0 0.606786 0.059048 0.027857 0.045714
0 0.553214 0.060000 0.062143 0.041905
0 0.548929 0.045238 0.063571 0.033333
0 0.548571 0.028571 0.051429 0.030476
0 0.373929 0.075714 0.026429 0.023810
0 0.466071 0.101429 0.010714 0.027619
0 0.465000 0.090952 0.010000 0.035238
0 0.831786 0.159048 0.010714 0.038095
0 0.787143 0.090476 0.010000 0.034286
0 0.828929 0.166190 0.013571 0.037143
0 0.785714 0.100000 0.010000 0.026667
0 0.336071 0.190952 0.036429 0.031429
0 0.364643 0.186190 0.032143 0.029524
0 0.318929 0.211429 0.010714 0.040000
0 0.319286 0.211905 0.038571 0.029524
0 0.600714 0.507143 0.161429 0.103810
0 0.429286 0.404286 0.018571 0.039048
0 0.887857 0.172857 0.055714 0.069524
0 0.373214 0.118571 0.072143 0.044762
0 0.622143 0.671429 0.045714 0.059048
