0 0.407500 0.683333 0.045000 0.092381
0 0.445000 0.616667 0.038571 0.065714
0 0.514643 0.548571 0.040714 0.043810
0 0.465714 0.538571 0.037143 0.048571
0 0.363929 0.515714 0.026429 0.044762
0 0.398929 0.494762 0.030714 0.039048
0 0.441071 0.493333 0.032143 0.040000
0 0.454286 0.449048 0.027143 0.029524
0 0.423214 0.462857 0.030714 0.038095
0 0.408929 0.441429 0.026429 0.027619
0 0.388571 0.401905 0.041429 0.059048
0 0.341786 0.430476 0.017857 0.028571
0 0.335000 0.397143 0.015714 0.028571
0 0.869286 0.553333 0.080000 0.047619
0 0.908929 0.504286 0.055000 0.037143
0 0.930357 0.519524 0.065000 0.033333
0 0.960357 0.533333 0.062143 0.032381
0 0.904286 0.690952 0.018571 0.044762
0 0.088571 0.908095 0.027143 0.054286
0 0.072857 0.907619 0.027143 0.055238
0 0.050714 0.829524 0.024286 0.032381
0 0.334286 0.803810 0.018571 0.040000
0 0.342500 0.758571 0.010714 0.031429
0 0.053929 0.837143 0.027857 0.043810
0 0.334643 0.812857 0.016429 0.044762
0 0.722500 0.669048 0.013571 0.031429
0 0.686071 0.623810 0.013571 0.032381
0 0.720714 0.678571 0.024286 0.025714
0 0.685357 0.635714 0.017857 0.025714
0 0.645000 0.539048 0.010000 0.028571
0 0.718571 0.501429 0.047143 0.054286
0 0.669286 0.579524 0.008571 0.029524
0 0.666071 0.580476 0.026429 0.018095
0 0.212500 0.435238 0.042143 0.040000
0 0.210714 0.555714 0.055714 0.067619
0 0.848214 0.600952 0.029286 0.020952
0 0.857500 0.590476 0.009286 0.019048
0 0.850357 0.588571 0.009286 0.019048
