0 0.265136 0.766698 0.010438 0.026902
0 0.572808 0.522263 0.007829 0.018553
0 0.530532 0.460111 0.010960 0.012987
0 0.524008 0.435065 0.009395 0.020408
0 0.475731 0.319109 0.006785 0.009276
0 0.457203 0.314935 0.007307 0.010204
0 0.135699 0.175788 0.005219 0.008349
0 0.573591 0.540353 0.019833 0.023191
0 0.530793 0.477273 0.017745 0.025046
0 0.457724 0.326531 0.014614 0.012987
0 0.137787 0.186456 0.005219 0.009276
0 0.270094 0.794063 0.012004 0.025974
0 0.474948 0.335807 0.010438 0.012987
0 0.526357 0.448980 0.012004 0.018553
0 0.299322 0.099258 0.003653 0.009276
0 0.307672 0.097866 0.001566 0.000928
0 0.300887 0.105751 0.004697 0.009276
0 0.309499 0.105751 0.005219 0.003711
