0 0.495000 0.966371 0.012857 0.054569
0 0.490000 0.817893 0.011429 0.049492
0 0.446786 0.822970 0.005000 0.021574
0 0.450357 0.891497 0.005000 0.024112
0 0.450000 0.669416 0.005714 0.013959
0 0.464643 0.684010 0.013571 0.040609
0 0.447143 0.583756 0.010000 0.038071
0 0.486786 0.539340 0.007857 0.035533
0 0.448929 0.422589 0.007857 0.030457
0 0.407143 0.895305 0.024286 0.077411
0 0.501786 0.468909 0.012143 0.062183
0 0.498571 0.330584 0.007143 0.034264
0 0.466786 0.356599 0.007857 0.022843
0 0.463571 0.201777 0.007143 0.020305
0 0.451071 0.322970 0.009286 0.024112
0 0.483571 0.334391 0.002857 0.011421
0 0.483571 0.331853 0.004286 0.011421
0 0.477857 0.176396 0.005714 0.020305
0 0.488214 0.078680 0.006429 0.025381
0 0.488929 0.133883 0.007857 0.029188
0 0.449643 0.165609 0.007857 0.024112
0 0.461429 0.083122 0.007143 0.029188
0 0.474643 0.064721 0.012143 0.040609
0 0.483929 0.039975 0.006429 0.024112
0 0.446786 0.057741 0.006429 0.016497
0 0.492857 0.185914 0.014286 0.067259
0 0.213571 0.125635 0.012857 0.015228
0 0.194286 0.123731 0.018571 0.013959
0 0.199286 0.173223 0.011429 0.021574
0 0.227143 0.164975 0.008571 0.020305
0 0.217857 0.167513 0.010000 0.017766
0 0.212857 0.152284 0.010000 0.015228
0 0.222143 0.150381 0.010000 0.013959
0 0.203214 0.155457 0.013571 0.016497
0 0.192500 0.155457 0.009286 0.013959
0 0.221429 0.106599 0.015714 0.015228
