0 0.581429 0.880476 0.064286 0.067619
0 0.437143 0.868571 0.025714 0.072381
0 0.365714 0.796667 0.058571 0.039048
0 0.036429 0.886667 0.008571 0.009524
0 0.050357 0.884762 0.010714 0.009524
0 0.056786 0.866667 0.010714 0.013333
0 0.210357 0.882857 0.056429 0.066667
0 0.228571 0.913333 0.052857 0.060952
0 0.260000 0.869524 0.017143 0.020952
0 0.171429 0.776667 0.038571 0.071429
0 0.140000 0.670476 0.038571 0.066667
0 0.232857 0.752857 0.008571 0.010476
0 0.291786 0.741905 0.009286 0.011429
0 0.290000 0.726667 0.008571 0.011429
0 0.312500 0.726190 0.012143 0.010476
0 0.307500 0.746667 0.010714 0.009524
0 0.378571 0.693810 0.008571 0.010476
0 0.382500 0.680476 0.009286 0.010476
0 0.377143 0.670000 0.007143 0.008571
0 0.366429 0.660000 0.008571 0.013333
0 0.358571 0.662857 0.008571 0.011429
0 0.401429 0.675714 0.007143 0.008571
0 0.417500 0.681905 0.007857 0.013333
0 0.359643 0.629048 0.007857 0.008571
0 0.368571 0.623810 0.007143 0.011429
0 0.440714 0.620476 0.008571 0.010476
0 0.442143 0.635238 0.008571 0.011429
0 0.450357 0.640000 0.007857 0.013333
0 0.458571 0.623810 0.007143 0.009524
0 0.450714 0.615714 0.007143 0.008571
0 0.432500 0.605238 0.007857 0.008571
0 0.431071 0.587619 0.007857 0.009524
0 0.447857 0.580952 0.007143 0.009524
0 0.438571 0.580000 0.007143 0.009524
0 0.484643 0.570952 0.009286 0.012381
0 0.887857 0.957143 0.050000 0.076190
0 0.922500 0.937619 0.037857 0.071429
0 0.932143 0.987619 0.014286 0.013333
0 0.953214 0.980952 0.016429 0.011429
0 0.948571 0.969524 0.012857 0.011429
0 0.517500 0.695714 0.026429 0.046667
0 0.503214 0.570476 0.007857 0.013333
0 0.512857 0.563810 0.008571 0.009524
0 0.515357 0.604286 0.007857 0.010476
0 0.523214 0.603810 0.007857 0.009524
0 0.525357 0.593333 0.007857 0.009524
0 0.521786 0.583810 0.007857 0.009524
0 0.543214 0.581429 0.013571 0.014286
0 0.551071 0.566190 0.009286 0.010476
0 0.562500 0.565714 0.007857 0.011429
0 0.558214 0.554286 0.010714 0.011429
0 0.597857 0.614286 0.010000 0.009524
0 0.597857 0.603333 0.007143 0.010476
0 0.611429 0.610952 0.015714 0.029524
0 0.625000 0.602381 0.014286 0.025714
0 0.641786 0.599524 0.019286 0.021905
0 0.596786 0.569048 0.009286 0.016190
0 0.638214 0.560000 0.009286 0.015238
0 0.576786 0.541429 0.007857 0.008571
0 0.603929 0.521429 0.009286 0.010476
0 0.609286 0.531905 0.010000 0.008571
0 0.615714 0.513810 0.007143 0.012381
0 0.622143 0.520952 0.007143 0.009524
0 0.607500 0.508571 0.006429 0.009524
0 0.632500 0.441905 0.007857 0.009524
0 0.640714 0.454286 0.010000 0.011429
0 0.659643 0.449048 0.009286 0.010476
0 0.663571 0.457143 0.008571 0.011429
0 0.667143 0.568571 0.050000 0.053333
0 0.724286 0.542381 0.020000 0.023810
0 0.706071 0.512381 0.012143 0.015238
0 0.692143 0.438571 0.010000 0.014286
0 0.693929 0.426190 0.007857 0.010476
0 0.701786 0.439524 0.007857 0.012381
0 0.704286 0.427143 0.008571 0.010476
0 0.679643 0.397143 0.009286 0.009524
0 0.689643 0.400476 0.009286 0.010476
0 0.692500 0.365238 0.009286 0.016190
0 0.700000 0.362381 0.007143 0.018095
0 0.743929 0.329048 0.007857 0.008571
0 0.738571 0.354762 0.007143 0.008571
0 0.742143 0.361905 0.007143 0.009524
0 0.739286 0.371429 0.008571 0.011429
0 0.727857 0.369048 0.010000 0.014286
0 0.728929 0.353810 0.012143 0.012381
0 0.722143 0.402857 0.008571 0.011429
0 0.720000 0.417619 0.010000 0.014286
0 0.731071 0.406667 0.007857 0.009524
0 0.739286 0.424286 0.007143 0.010476
0 0.731071 0.437143 0.009286 0.011429
0 0.701786 0.390476 0.007857 0.013333
0 0.712857 0.396190 0.007143 0.009524
0 0.718571 0.391905 0.007143 0.010476
0 0.717143 0.383810 0.008571 0.011429
