0 0.132857 0.489524 0.231429 0.129524
0 0.500000 0.542381 0.091429 0.233333
0 0.612143 0.442857 0.084286 0.167619
0 0.508214 0.347619 0.069286 0.152381
0 0.370000 0.263810 0.074286 0.133333
0 0.379643 0.172857 0.063571 0.090476
0 0.519643 0.175238 0.055000 0.093333
0 0.580357 0.151905 0.057857 0.079048
0 0.883214 0.310000 0.176429 0.088571
0 0.871786 0.242857 0.143571 0.083810
0 0.779643 0.096667 0.122143 0.061905
0 0.763929 0.065238 0.112143 0.065714
0 0.397857 0.078571 0.052857 0.073333
0 0.453929 0.100952 0.019286 0.066667
0 0.434643 0.097619 0.022143 0.069524
0 0.617500 0.777619 0.126429 0.305714
