0 0.267143 0.786190 0.081429 0.090476
0 0.356786 0.613333 0.077857 0.072381
0 0.139643 0.520952 0.096429 0.095238
0 0.202143 0.428095 0.075714 0.080952
0 0.306786 0.274762 0.069286 0.067619
0 0.173214 0.477619 0.082143 0.080952
0 0.262500 0.364286 0.077857 0.079048
0 0.055357 0.345238 0.019286 0.023810
0 0.192143 0.222857 0.010000 0.017143
0 0.186429 0.213810 0.015714 0.029524
0 0.386071 0.563333 0.077857 0.075238
0 0.447500 0.433333 0.079286 0.076190
0 0.596786 0.399048 0.076429 0.076190
0 0.625714 0.312381 0.067143 0.070476
0 0.490714 0.351429 0.064286 0.064762
0 0.398214 0.134286 0.065000 0.066667
0 0.517143 0.310000 0.074286 0.061905
0 0.549286 0.234286 0.070000 0.062857
0 0.565000 0.198571 0.064286 0.060000
0 0.418214 0.092381 0.056429 0.062857
0 0.449643 0.047143 0.060714 0.065714
0 0.466071 0.024286 0.049286 0.048571
0 0.687857 0.124762 0.011429 0.026667
0 0.628214 0.080952 0.073571 0.066667
0 0.612143 0.113333 0.057143 0.051429
0 0.596071 0.139048 0.066429 0.068571
0 0.820000 0.143810 0.017143 0.028571
