0 0.897857 0.819048 0.055714 0.120000
0 0.978214 0.454762 0.029286 0.084762
0 0.320357 0.417143 0.025000 0.066667
0 0.412143 0.351905 0.020000 0.050476
0 0.422500 0.351905 0.015000 0.046667
0 0.898214 0.528571 0.072143 0.066667
0 0.873929 0.424762 0.046429 0.030476
0 0.862143 0.406667 0.050000 0.038095
0 0.885357 0.435714 0.053571 0.033333
0 0.764643 0.359048 0.019286 0.032381
0 0.786786 0.327143 0.042143 0.027619
0 0.680000 0.268571 0.038571 0.043810
0 0.630357 0.268571 0.033571 0.041905
0 0.597857 0.265238 0.025714 0.040952
0 0.540714 0.297143 0.128571 0.074286
0 0.507857 0.352381 0.097143 0.053333
0 0.488571 0.379524 0.104286 0.039048
0 0.467143 0.413333 0.130000 0.055238
0 0.540000 0.232857 0.021429 0.027619
0 0.546071 0.219524 0.019286 0.021905
0 0.553214 0.210476 0.017857 0.026667
0 0.406071 0.258571 0.037857 0.031429
0 0.409286 0.236190 0.027143 0.032381
0 0.403214 0.220476 0.035000 0.021905
0 0.650357 0.615238 0.233571 0.135238
0 0.651071 0.729524 0.265000 0.161905
0 0.118929 0.543810 0.060714 0.072381
0 0.287143 0.254286 0.060000 0.034286
0 0.027143 0.217143 0.011429 0.019048
0 0.005714 0.217143 0.010000 0.019048
0 0.061429 0.327143 0.014286 0.039048
