0 0.316071 0.506667 0.006429 0.022857
0 0.229643 0.874762 0.012143 0.035238
0 0.195357 0.910952 0.012143 0.035238
0 0.264286 0.889524 0.012857 0.040000
0 0.410714 0.870952 0.011429 0.042857
0 0.615000 0.886190 0.044286 0.143810
0 0.371071 0.695238 0.012143 0.068571
0 0.624643 0.696190 0.037857 0.120000
0 0.592857 0.472857 0.037143 0.109524
0 0.573929 0.344762 0.009286 0.026667
0 0.559643 0.125238 0.002143 0.016190
0 0.746786 0.214762 0.029286 0.052381
0 0.657500 0.516667 0.055000 0.124762
0 0.754286 0.930476 0.020000 0.055238
0 0.753929 0.918571 0.017857 0.035238
