0 0.346071 0.560000 0.083571 0.306667
0 0.035000 0.057619 0.038571 0.065714
0 0.074286 0.052857 0.044286 0.073333
0 0.110357 0.052381 0.039286 0.074286
0 0.352857 0.117143 0.032857 0.068571
0 0.328214 0.315238 0.035000 0.083810
0 0.296429 0.490952 0.040000 0.103810
0 0.238571 0.831905 0.052857 0.140000
0 0.805357 0.896667 0.057857 0.151429
0 0.664643 0.256667 0.033571 0.079048
0 0.331071 0.209048 0.036429 0.079048
0 0.653214 0.133810 0.026429 0.065714
0 0.585357 0.691429 0.040714 0.129524
0 0.131071 0.865714 0.059286 0.135238
0 0.906786 0.420476 0.039286 0.088571
0 0.903214 0.301429 0.037857 0.109524
0 0.897500 0.222857 0.032143 0.070476
0 0.612500 0.270952 0.030714 0.075238
0 0.844286 0.673810 0.055714 0.120952
0 0.166429 0.238095 0.068571 0.040000
0 0.176429 0.199524 0.064286 0.039048
0 0.182500 0.166667 0.067857 0.030476
0 0.194286 0.132381 0.061429 0.036190
0 0.206786 0.104286 0.059286 0.037143
0 0.222500 0.020476 0.067857 0.029524
0 0.945357 0.030476 0.067857 0.034286
0 0.956071 0.056667 0.063571 0.042857
0 0.963929 0.091905 0.072143 0.046667
0 0.966071 0.151905 0.042143 0.027619
0 0.942500 0.746190 0.050714 0.119048
0 0.218214 0.047143 0.055000 0.039048
0 0.147143 0.173333 0.011429 0.028571
0 0.145357 0.161429 0.009286 0.021905
0 0.078571 0.561429 0.028571 0.025714
0 0.038571 0.704762 0.028571 0.024762
0 0.155357 0.599524 0.019286 0.027619
0 0.243929 0.480476 0.016429 0.027619
0 0.350357 0.340000 0.013571 0.022857
0 0.376786 0.336190 0.013571 0.022857
0 0.245714 0.479524 0.032857 0.035238
0 0.350000 0.348571 0.011429 0.032381
0 0.379286 0.347619 0.011429 0.030476
0 0.796786 0.089048 0.009286 0.031429
0 0.839286 0.217143 0.012857 0.032381
0 0.924643 0.309524 0.012143 0.034286
0 0.930000 0.424286 0.007143 0.014286
0 0.935000 0.426190 0.015714 0.029524
0 0.908214 0.520476 0.022143 0.027619
0 0.854643 0.544762 0.015000 0.026667
0 0.848929 0.051429 0.016429 0.034286
