0 0.058214 0.078680 0.045000 0.035533
0 0.082857 0.192893 0.044286 0.038071
0 0.153571 0.172589 0.047143 0.043147
0 0.156429 0.118020 0.111429 0.078680
0 0.318929 0.188452 0.107857 0.082487
0 0.293571 0.236041 0.068571 0.063452
0 0.360357 0.102792 0.006429 0.012690
0 0.417143 0.284898 0.031429 0.031726
0 0.538214 0.191624 0.005000 0.010152
0 0.520714 0.290609 0.038571 0.040609
0 0.507143 0.329315 0.054286 0.054569
0 0.472857 0.553299 0.041429 0.048223
0 0.599286 0.448604 0.042857 0.046954
0 0.592857 0.388959 0.040000 0.041878
0 0.644643 0.410533 0.042143 0.044416
0 0.685357 0.376904 0.042143 0.045685
0 0.707143 0.466371 0.041429 0.049492
0 0.777143 0.433376 0.038571 0.044416
0 0.793571 0.500000 0.064286 0.068528
0 0.816786 0.585025 0.059286 0.063452
0 0.852857 0.490482 0.041429 0.046954
0 0.917143 0.544416 0.045714 0.050761
0 0.881786 0.588198 0.042143 0.052030
0 0.951071 0.601523 0.040714 0.040609
0 0.916786 0.854061 0.056429 0.065990
0 0.683214 0.689086 0.043571 0.045685
0 0.883214 0.269036 0.007857 0.010152
0 0.798571 0.347716 0.004286 0.012690
0 0.685714 0.256980 0.005714 0.003807
0 0.684643 0.249365 0.006429 0.006345
0 0.566429 0.838832 0.004286 0.012690
