0 0.399643 0.779048 0.156429 0.318095
0 0.555357 0.590000 0.059286 0.092381
0 0.670357 0.602857 0.062143 0.074286
0 0.511786 0.220000 0.036429 0.040000
0 0.257857 0.476190 0.040000 0.074286
0 0.246071 0.323333 0.037857 0.060000
0 0.303929 0.081429 0.027857 0.029524
0 0.471071 0.175714 0.033571 0.037143
0 0.435714 0.137619 0.030000 0.033333
0 0.399643 0.100000 0.026429 0.024762
0 0.378214 0.063810 0.035000 0.043810
0 0.341071 0.020952 0.023571 0.026667
0 0.170714 0.252857 0.051429 0.094286
0 0.205357 0.361429 0.010714 0.029524
0 0.217500 0.344762 0.010714 0.030476
0 0.052500 0.046667 0.020714 0.028571
0 0.078214 0.040952 0.022143 0.030476
0 0.092500 0.060476 0.047857 0.027619
0 0.119286 0.018095 0.022857 0.024762
0 0.102857 0.081905 0.007143 0.017143
0 0.141786 0.115714 0.009286 0.025714
0 0.146071 0.114286 0.006429 0.020952
0 0.201429 0.106190 0.007143 0.018095
0 0.200357 0.099524 0.006429 0.016190
0 0.563571 0.977619 0.011429 0.027619
0 0.513929 0.960000 0.012143 0.026667
0 0.620000 0.296190 0.010000 0.024762
0 0.606071 0.311429 0.007857 0.022857
0 0.416071 0.482381 0.009286 0.016190
0 0.417857 0.494286 0.014286 0.026667
0 0.480000 0.081429 0.032857 0.027619
0 0.571429 0.059048 0.032857 0.020952
0 0.625000 0.070476 0.028571 0.032381
0 0.752857 0.180952 0.028571 0.028571
0 0.773929 0.267143 0.039286 0.033333
0 0.799286 0.288095 0.037143 0.035238
0 0.817857 0.310000 0.042857 0.037143
0 0.842143 0.333333 0.041429 0.034286
0 0.865714 0.352381 0.045714 0.040000
0 0.892857 0.375714 0.047143 0.040952
0 0.919643 0.400476 0.045000 0.042857
0 0.949286 0.422381 0.048571 0.046667
0 0.956786 0.740952 0.020714 0.019048
0 0.951429 0.745238 0.032857 0.040952
0 0.935000 0.901905 0.110000 0.135238
