0 0.054643 0.124286 0.067857 0.073333
0 0.250357 0.180000 0.075000 0.085714
0 0.291071 0.510000 0.089286 0.109524
0 0.266071 0.374286 0.076429 0.093333
0 0.390357 0.736667 0.092143 0.119048
0 0.422143 0.354286 0.074286 0.091429
0 0.503571 0.239048 0.072857 0.080000
0 0.733929 0.393333 0.089286 0.085714
0 0.674286 0.830952 0.105714 0.132381
0 0.824286 0.569048 0.097143 0.098095
0 0.552500 0.807619 0.083571 0.108571
0 0.573214 0.406190 0.073571 0.084762
0 0.888571 0.359524 0.021429 0.025714
0 0.627857 0.180476 0.012857 0.018095
0 0.694643 0.162381 0.010714 0.035238
0 0.691071 0.160952 0.033571 0.017143
0 0.625357 0.188095 0.025000 0.033333
0 0.884286 0.363810 0.030000 0.022857
0 0.707857 0.054762 0.011429 0.035238
0 0.694643 0.076190 0.013571 0.038095
0 0.954643 0.222857 0.012143 0.019048
0 0.966786 0.215714 0.017857 0.031429
