0 0.095000 0.183810 0.135714 0.139048
0 0.060000 0.160952 0.067143 0.049524
0 0.095000 0.290476 0.118571 0.148571
0 0.233929 0.217143 0.073571 0.083810
0 0.300714 0.041429 0.055714 0.061905
0 0.385714 0.063333 0.062857 0.084762
0 0.303214 0.218095 0.060714 0.087619
0 0.407500 0.270476 0.056429 0.089524
0 0.283571 0.315714 0.114286 0.185714
0 0.357143 0.369524 0.088571 0.125714
0 0.475000 0.088095 0.048571 0.065714
0 0.517500 0.097619 0.043571 0.084762
0 0.561429 0.108571 0.050000 0.102857
0 0.671429 0.079524 0.055714 0.090476
0 0.676071 0.248571 0.080714 0.133333
0 0.738214 0.029524 0.015000 0.036190
0 0.741786 0.185714 0.016429 0.043810
0 0.854643 0.200952 0.065000 0.158095
0 0.762500 0.305238 0.016429 0.039048
0 0.791071 0.340952 0.012143 0.034286
0 0.824286 0.344286 0.012857 0.029524
0 0.848214 0.338095 0.037857 0.093333
0 0.803571 0.393810 0.012857 0.039048
0 0.821786 0.478571 0.053571 0.140000
0 0.707500 0.711905 0.055000 0.040952
0 0.827143 0.715238 0.092857 0.228571
