0 0.351786 0.770000 0.137857 0.395238
0 0.055357 0.312381 0.082143 0.140952
0 0.205000 0.049524 0.065714 0.083810
0 0.247857 0.059524 0.034286 0.071429
0 0.576786 0.145238 0.082143 0.084762
0 0.792500 0.177619 0.099286 0.061905
0 0.446786 0.440952 0.015000 0.057143
0 0.528571 0.465238 0.015714 0.048571
0 0.548929 0.476667 0.015000 0.056190
0 0.547857 0.443333 0.014286 0.054286
0 0.552857 0.426667 0.015714 0.055238
0 0.221071 0.209048 0.167857 0.092381
0 0.324286 0.200952 0.022857 0.030476
0 0.393929 0.215714 0.015000 0.054286
0 0.394286 0.325714 0.020000 0.055238
0 0.472500 0.330000 0.010714 0.048571
0 0.544286 0.317619 0.017143 0.054286
0 0.533571 0.293810 0.015714 0.056190
0 0.465000 0.239524 0.020000 0.054286
0 0.556786 0.224286 0.017857 0.035238
0 0.585357 0.175238 0.013571 0.055238
0 0.558929 0.228095 0.033571 0.031429
0 0.690714 0.221429 0.011429 0.044762
0 0.685000 0.177619 0.041429 0.040952
0 0.512500 0.100952 0.016429 0.051429
0 0.659286 0.059524 0.011429 0.046667
0 0.089286 0.060476 0.022857 0.046667
0 0.335714 0.032857 0.011429 0.044762
0 0.354286 0.033810 0.010000 0.039048
0 0.971429 0.121905 0.025714 0.043810
0 0.950714 0.258571 0.017143 0.033333
0 0.948214 0.266190 0.039286 0.029524
