0 0.813571 0.464286 0.095714 0.071429
0 0.951071 0.454762 0.087857 0.054286
0 0.571071 0.495714 0.100714 0.048571
0 0.427143 0.515238 0.097143 0.066667
0 0.274643 0.531905 0.102143 0.061905
0 0.393929 0.418095 0.087857 0.047619
0 0.137857 0.442381 0.112857 0.054286
0 0.136071 0.543333 0.123571 0.065714
0 0.325357 0.470000 0.095000 0.075238
0 0.748571 0.418095 0.225714 0.112381
0 0.389286 0.223810 0.012857 0.032381
0 0.322500 0.174762 0.027857 0.042857
0 0.279286 0.186190 0.058571 0.037143
0 0.534286 0.249048 0.035714 0.058095
0 0.565000 0.249524 0.030000 0.053333
0 0.503929 0.180952 0.033571 0.049524
0 0.533929 0.182857 0.029286 0.041905
0 0.574286 0.174286 0.027143 0.043810
0 0.716786 0.241429 0.042143 0.063810
0 0.826071 0.221429 0.056429 0.029524
