0 0.315714 0.629524 0.038571 0.099048
0 0.359286 0.638571 0.031429 0.098095
0 0.319643 0.067619 0.039286 0.080000
0 0.310714 0.152381 0.050000 0.087619
0 0.299643 0.251905 0.065000 0.100000
0 0.288214 0.367143 0.087857 0.147619
0 0.580000 0.556667 0.105714 0.204762
0 0.468929 0.715238 0.116429 0.304762
0 0.454643 0.454286 0.083571 0.173333
0 0.450714 0.245714 0.058571 0.108571
0 0.513929 0.209048 0.066429 0.086667
0 0.852500 0.362381 0.183571 0.100000
0 0.827857 0.291429 0.154286 0.099048
0 0.715714 0.137619 0.125714 0.065714
0 0.692857 0.104286 0.107143 0.065714
0 0.631429 0.031429 0.085714 0.045714
0 0.421071 0.032857 0.036429 0.060000
