0 0.024286 0.721429 0.021429 0.021905
0 0.044643 0.703333 0.020714 0.016190
0 0.017143 0.694762 0.022857 0.018095
0 0.217857 0.941905 0.027143 0.020952
0 0.222143 0.920952 0.027143 0.017143
0 0.224286 0.888571 0.028571 0.015238
0 0.224643 0.869524 0.030714 0.022857
0 0.216786 0.836667 0.027857 0.018095
0 0.217500 0.853333 0.026429 0.022857
0 0.188214 0.803810 0.032143 0.019048
0 0.217143 0.797619 0.025714 0.027619
0 0.208929 0.781429 0.023571 0.025714
0 0.205000 0.768095 0.028571 0.018095
0 0.278929 0.840476 0.029286 0.012381
0 0.282143 0.829048 0.032857 0.016190
0 0.282500 0.790000 0.026429 0.021905
0 0.437857 0.952381 0.034286 0.055238
0 0.347857 0.735714 0.040000 0.073333
0 0.322500 0.656667 0.022143 0.039048
0 0.503571 0.972857 0.061429 0.054286
0 0.527857 0.955238 0.061429 0.081905
0 0.693571 0.946667 0.017143 0.032381
0 0.694286 0.947619 0.011429 0.020952
0 0.646786 0.812857 0.020714 0.037143
0 0.650357 0.818095 0.013571 0.019048
0 0.795357 0.874762 0.062143 0.090476
0 0.888214 0.668571 0.065000 0.083810
0 0.910000 0.696190 0.064286 0.083810
0 0.786429 0.517619 0.032857 0.014286
0 0.788929 0.518095 0.012143 0.017143
0 0.934286 0.407619 0.080000 0.076190
0 0.796786 0.254286 0.145000 0.137143
0 0.861786 0.190476 0.066429 0.072381
0 0.721429 0.047143 0.014286 0.027619
0 0.568571 0.180476 0.065714 0.069524
0 0.555357 0.754762 0.023571 0.031429
0 0.557500 0.759048 0.016429 0.022857
0 0.626786 0.595238 0.019286 0.038095
0 0.628571 0.597619 0.011429 0.023810
0 0.665357 0.578571 0.032143 0.039048
0 0.507143 0.497619 0.034286 0.090476
0 0.592500 0.452381 0.082143 0.125714
0 0.468214 0.445714 0.016429 0.038095
0 0.416429 0.448095 0.035714 0.096190
0 0.587857 0.336667 0.018571 0.037143
0 0.438214 0.168095 0.023571 0.044762
0 0.450357 0.066190 0.036429 0.071429
0 0.167857 0.207619 0.024286 0.030476
0 0.256071 0.347619 0.043571 0.083810
0 0.208214 0.211905 0.046429 0.092381
0 0.183571 0.131905 0.038571 0.069524
0 0.088929 0.155714 0.020714 0.021905
0 0.073571 0.150476 0.015714 0.020952
0 0.058929 0.168095 0.016429 0.020000
0 0.050000 0.152381 0.015714 0.013333
0 0.041429 0.167143 0.017143 0.020000
0 0.052143 0.133333 0.020000 0.017143
0 0.053571 0.118095 0.012857 0.022857
0 0.034643 0.030952 0.017857 0.020000
0 0.038571 0.036190 0.034286 0.026667
0 0.027500 0.059048 0.020714 0.022857
0 0.015000 0.070000 0.025714 0.025714
0 0.035714 0.147143 0.017143 0.020000
