0 0.396429 0.687817 0.065714 0.050761
0 0.448929 0.610406 0.062143 0.043147
0 0.673929 0.621193 0.063571 0.046954
0 0.606429 0.695431 0.068571 0.053299
0 0.372857 0.350254 0.065714 0.060914
0 0.129286 0.342640 0.062857 0.045685
0 0.079286 0.531091 0.062857 0.044416
0 0.087857 0.598350 0.062857 0.049492
0 0.060000 0.746193 0.061429 0.043147
0 0.516429 0.138325 0.030000 0.081218
0 0.800357 0.755076 0.062143 0.045685
0 0.835714 0.509518 0.065714 0.044416
0 0.919286 0.512056 0.064286 0.049492
0 0.938571 0.650381 0.068571 0.044416
0 0.678929 0.229061 0.009286 0.024112
0 0.355357 0.951777 0.010714 0.020305
0 0.585357 0.119289 0.006429 0.022843
0 0.263214 0.086929 0.067857 0.097716
0 0.381786 0.211294 0.013571 0.021574
0 0.481429 0.158629 0.008571 0.022843
0 0.581786 0.211929 0.007857 0.022843
0 0.581429 0.218274 0.015714 0.025381
0 0.381071 0.213198 0.010714 0.038071
0 0.481071 0.161802 0.009286 0.036802
0 0.724286 0.240482 0.007143 0.024112
