0 0.189286 0.916190 0.034286 0.043810
0 0.199286 0.711905 0.128571 0.101905
0 0.294643 0.490000 0.117857 0.080952
0 0.324643 0.434762 0.110714 0.075238
0 0.340714 0.387143 0.104286 0.067619
0 0.352857 0.334762 0.098571 0.073333
0 0.276786 0.350000 0.015000 0.040952
0 0.322143 0.250476 0.012857 0.040000
0 0.117143 0.588571 0.030000 0.055238
0 0.910000 0.428571 0.068571 0.104762
0 0.688929 0.230952 0.066429 0.183810
0 0.966071 0.193810 0.052143 0.063810
0 0.945000 0.128571 0.048571 0.057143
0 0.926429 0.077619 0.042857 0.054286
0 0.888929 0.157143 0.015000 0.026667
0 0.888571 0.164762 0.017143 0.040000
0 0.572143 0.342381 0.041429 0.086667
0 0.595000 0.247143 0.040000 0.082857
0 0.607143 0.170476 0.041429 0.085714
0 0.618214 0.111905 0.033571 0.065714
0 0.628929 0.060476 0.029286 0.060000
0 0.565357 0.082381 0.012143 0.035238
0 0.521071 0.625714 0.069286 0.146667
0 0.550000 0.469048 0.058571 0.126667
0 0.447500 0.561429 0.072143 0.124762
0 0.408571 0.761905 0.087143 0.180952
0 0.478214 0.832857 0.089286 0.223810
0 0.331429 0.232857 0.014286 0.048571
0 0.381429 0.116190 0.014286 0.030476
0 0.400000 0.221905 0.084286 0.064762
0 0.419286 0.192857 0.067143 0.050476
0 0.436429 0.165238 0.075714 0.052381
0 0.447500 0.139524 0.075000 0.046667
0 0.747143 0.423810 0.017143 0.045714
0 0.531429 0.041429 0.011429 0.025714
0 0.494286 0.047143 0.034286 0.023810
