0 0.468571 0.773477 0.021429 0.074873
0 0.543571 0.539975 0.018571 0.059645
0 0.483929 0.376904 0.013571 0.043147
0 0.516071 0.042513 0.012143 0.031726
0 0.415000 0.216371 0.011429 0.036802
0 0.486429 0.231599 0.014286 0.044416
0 0.339286 0.503807 0.042857 0.043147
0 0.479643 0.464467 0.016429 0.053299
0 0.460000 0.308376 0.020000 0.078680
0 0.393929 0.619289 0.029286 0.106599
0 0.418929 0.357234 0.029286 0.135787
0 0.577500 0.168782 0.020714 0.104061
0 0.165000 0.704315 0.052857 0.048223
0 0.064286 0.716371 0.050000 0.039340
0 0.406786 0.015228 0.019286 0.022843
0 0.402143 0.032360 0.020000 0.026650
0 0.267143 0.475888 0.007143 0.020305
0 0.200357 0.479695 0.006429 0.017766
0 0.388214 0.270939 0.005000 0.016497
0 0.367143 0.403553 0.005714 0.020305
0 0.395357 0.185279 0.003571 0.017766
0 0.392500 0.197335 0.005000 0.021574
0 0.413929 0.083756 0.003571 0.017766
0 0.190714 0.372462 0.017143 0.046954
