0 0.238571 0.551429 0.161429 0.095238
0 0.887857 0.711429 0.110000 0.222857
0 0.126429 0.304762 0.021429 0.045714
0 0.121429 0.418095 0.030000 0.051429
0 0.197500 0.330000 0.020714 0.046667
0 0.216429 0.328095 0.018571 0.046667
0 0.191429 0.311429 0.011429 0.022857
0 0.273929 0.339524 0.083571 0.111429
0 0.362143 0.357143 0.074286 0.097143
0 0.432500 0.414762 0.067857 0.048571
0 0.400714 0.466190 0.021429 0.035238
0 0.540357 0.361429 0.103571 0.088571
0 0.956786 0.480476 0.075000 0.132381
0 0.823571 0.391429 0.065714 0.099048
0 0.857143 0.526667 0.088571 0.137143
0 0.915000 0.362857 0.071429 0.106667
0 0.891429 0.243810 0.042857 0.081905
0 0.801786 0.294286 0.053571 0.076190
0 0.792857 0.228571 0.045714 0.062857
0 0.735714 0.182381 0.050000 0.054286
0 0.783571 0.172381 0.038571 0.053333
0 0.728571 0.170952 0.012857 0.020000
0 0.777143 0.124286 0.032857 0.042857
0 0.978571 0.140952 0.028571 0.034286
0 0.968214 0.126667 0.027857 0.030476
0 0.965000 0.098095 0.020000 0.020952
0 0.925714 0.043810 0.015714 0.020952
0 0.924286 0.077143 0.014286 0.034286
0 0.905714 0.073333 0.012857 0.034286
0 0.730000 0.090000 0.031429 0.042857
0 0.766071 0.076667 0.032143 0.046667
0 0.761429 0.020000 0.025714 0.038095
0 0.762500 0.049524 0.027857 0.036190
0 0.624643 0.107619 0.035000 0.047619
0 0.547857 0.271905 0.050000 0.079048
0 0.566429 0.187143 0.035714 0.077143
0 0.323214 0.202857 0.026429 0.040000
0 0.350714 0.169524 0.014286 0.030476
0 0.427500 0.101429 0.009286 0.025714
0 0.452500 0.073333 0.012143 0.032381
0 0.471071 0.068095 0.009286 0.037143
0 0.465000 0.065238 0.008571 0.033333
0 0.478571 0.117619 0.038571 0.058095
0 0.508214 0.069048 0.032143 0.037143
0 0.585000 0.138571 0.034286 0.048571
0 0.592857 0.095714 0.032857 0.039048
0 0.603571 0.061905 0.028571 0.041905
0 0.610714 0.036190 0.027143 0.038095
