0 0.196786 0.967619 0.030714 0.047619
0 0.047857 0.746667 0.037143 0.045714
0 0.073929 0.703333 0.036429 0.052381
0 0.141429 0.851905 0.060000 0.042857
0 0.100714 0.820952 0.060000 0.032381
0 0.197143 0.644762 0.138571 0.095238
0 0.232500 0.572857 0.106429 0.077143
0 0.263929 0.505714 0.113571 0.076190
0 0.281786 0.453333 0.112143 0.068571
0 0.185357 0.406667 0.032143 0.043810
0 0.172857 0.277619 0.011429 0.039048
0 0.141786 0.296667 0.019286 0.040952
0 0.573214 0.901905 0.026429 0.051429
0 0.950714 0.372857 0.070000 0.086667
0 0.912143 0.284762 0.057143 0.081905
0 0.883571 0.106190 0.040000 0.048571
0 0.787143 0.152381 0.038571 0.053333
0 0.723214 0.103333 0.032143 0.044762
0 0.654643 0.279048 0.042143 0.089524
0 0.946071 0.240476 0.019286 0.040952
0 0.965000 0.204286 0.015714 0.037143
0 0.847143 0.062857 0.010000 0.032381
0 0.842500 0.060000 0.012143 0.032381
0 0.808214 0.049048 0.015000 0.029524
0 0.808571 0.055238 0.011429 0.032381
0 0.621786 0.166667 0.030714 0.074286
0 0.545714 0.208095 0.034286 0.067619
0 0.537857 0.279048 0.037143 0.087619
0 0.525357 0.374762 0.043571 0.101905
0 0.513571 0.495714 0.055714 0.143810
0 0.498929 0.659524 0.060714 0.164762
0 0.439286 0.444762 0.015714 0.043810
0 0.573214 0.358571 0.015000 0.035238
0 0.571786 0.370476 0.010714 0.043810
0 0.614643 0.016190 0.009286 0.019048
0 0.614643 0.024286 0.007857 0.031429
0 0.358571 0.259048 0.045714 0.028571
0 0.258929 0.270952 0.032143 0.029524
0 0.263214 0.263333 0.029286 0.027619
0 0.284286 0.257143 0.028571 0.024762
0 0.339286 0.241429 0.024286 0.027619
0 0.355357 0.238095 0.029286 0.028571
0 0.381429 0.240476 0.028571 0.025714
0 0.406429 0.248571 0.012857 0.026667
0 0.273571 0.242381 0.032857 0.023810
0 0.305357 0.230952 0.030714 0.025714
0 0.308929 0.242857 0.026429 0.020952
