0 0.028571 0.416667 0.025714 0.037143
0 0.022857 0.424286 0.018571 0.014286
0 0.076786 0.432381 0.025000 0.015238
0 0.135000 0.464762 0.085714 0.108571
0 0.093929 0.569524 0.052143 0.060952
0 0.063214 0.642381 0.073571 0.088571
0 0.034643 0.678571 0.023571 0.012381
0 0.010714 0.640952 0.021429 0.013333
0 0.024286 0.772381 0.027143 0.019048
0 0.100714 0.740476 0.021429 0.016190
0 0.104286 0.820000 0.025714 0.019048
0 0.114286 0.799524 0.020000 0.014286
0 0.160714 0.533810 0.012857 0.020000
0 0.207500 0.587619 0.035000 0.043810
0 0.228571 0.567619 0.015714 0.013333
0 0.186429 0.570476 0.018571 0.011429
0 0.185357 0.556667 0.020714 0.012381
0 0.333571 0.512857 0.014286 0.016190
0 0.184286 0.740476 0.015714 0.014286
0 0.190714 0.737619 0.025714 0.018095
0 0.205357 0.964762 0.035000 0.047619
0 0.221429 0.906667 0.020000 0.032381
0 0.232857 0.925714 0.027143 0.038095
0 0.251786 0.920000 0.020714 0.024762
0 0.249643 0.937143 0.017857 0.024762
0 0.258214 0.937619 0.015000 0.023810
0 0.274286 0.971429 0.014286 0.024762
0 0.300714 0.982857 0.012857 0.022857
0 0.286786 0.987143 0.015000 0.023810
0 0.399643 0.955238 0.016429 0.028571
0 0.398929 0.952857 0.015000 0.044762
0 0.387143 0.780952 0.085714 0.060952
0 0.452143 0.532857 0.080000 0.100000
0 0.432500 0.614286 0.062143 0.062857
0 0.538214 0.496190 0.073571 0.093333
0 0.582857 0.361905 0.075714 0.104762
0 0.682143 0.234286 0.075714 0.099048
0 0.763929 0.186667 0.070714 0.095238
0 0.970714 0.050476 0.025714 0.030476
0 0.978214 0.042857 0.017857 0.022857
0 0.762857 0.435238 0.152857 0.192381
0 0.862143 0.483810 0.071429 0.087619
0 0.706786 0.615714 0.013571 0.012381
0 0.691786 0.723333 0.012143 0.023810
0 0.671786 0.745714 0.013571 0.015238
0 0.600357 0.728571 0.010714 0.019048
0 0.591786 0.753333 0.007857 0.015238
0 0.539286 0.870476 0.008571 0.017143
