0 0.215714 0.656667 0.057143 0.151429
0 0.212857 0.291429 0.055714 0.160000
0 0.215714 0.110952 0.050000 0.124762
0 0.438929 0.301905 0.043571 0.121905
0 0.443929 0.115238 0.056429 0.215238
0 0.567500 0.179048 0.016429 0.032381
0 0.683214 0.085714 0.023571 0.051429
0 0.722857 0.316190 0.012857 0.045714
0 0.692500 0.318571 0.017857 0.052381
0 0.646786 0.507143 0.017857 0.016190
0 0.671786 0.745238 0.036429 0.020000
0 0.530714 0.842857 0.042857 0.036190
0 0.618929 0.914762 0.015000 0.031429
0 0.630357 0.922857 0.015000 0.036190
0 0.533929 0.476667 0.053571 0.147619
