0 0.069643 0.808095 0.066429 0.136190
0 0.124286 0.479524 0.050000 0.069524
0 0.719286 0.512381 0.057143 0.059048
0 0.780357 0.453333 0.055000 0.062857
0 0.847500 0.459048 0.049286 0.053333
0 0.047857 0.359048 0.048571 0.059048
0 0.005714 0.649048 0.010000 0.018095
0 0.564643 0.427143 0.012143 0.023810
0 0.595000 0.420476 0.014286 0.014286
0 0.595714 0.380952 0.015714 0.019048
0 0.508571 0.348095 0.014286 0.012381
0 0.419286 0.302857 0.005714 0.020952
0 0.403929 0.252857 0.005000 0.020000
0 0.379643 0.247619 0.005000 0.019048
0 0.386429 0.247619 0.004286 0.019048
0 0.433929 0.262857 0.003571 0.017143
0 0.442500 0.262857 0.005000 0.019048
0 0.426429 0.257143 0.004286 0.015238
0 0.493929 0.350000 0.006429 0.020000
0 0.766071 0.140000 0.005000 0.019048
0 0.912143 0.786667 0.015714 0.028571
0 0.910357 0.800952 0.010714 0.019048
0 0.918571 0.808571 0.015714 0.026667
0 0.947143 0.359048 0.047143 0.055238
0 0.566071 0.419048 0.009286 0.019048
0 0.597500 0.417143 0.010714 0.020952
