0 0.765714 0.673858 0.020000 0.065990
0 0.748214 0.605330 0.019286 0.063452
0 0.502857 0.470178 0.017143 0.049492
0 0.277500 0.327411 0.017857 0.050761
0 0.398214 0.522843 0.092143 0.172589
0 0.245714 0.470178 0.090000 0.079949
0 0.282143 0.755711 0.147143 0.486041
0 0.279286 0.545051 0.012857 0.041878
0 0.621429 0.236675 0.014286 0.046954
0 0.056786 0.031726 0.052143 0.063452
0 0.540714 0.137690 0.054286 0.092640
0 0.588929 0.076777 0.069286 0.059645
0 0.582857 0.043147 0.064286 0.053299
0 0.867857 0.937183 0.030000 0.054569
0 0.916429 0.918147 0.027143 0.049492
0 0.926429 0.913706 0.022857 0.068528
