0 0.460000 0.935279 0.038571 0.114213
0 0.942500 0.968274 0.025000 0.022843
0 0.104286 0.030457 0.008571 0.030457
0 0.049286 0.074873 0.035714 0.096447
0 0.045000 0.157995 0.010000 0.031726
0 0.172500 0.119924 0.057857 0.054569
0 0.063214 0.371193 0.013571 0.031726
0 0.110000 0.437183 0.072857 0.057107
0 0.186429 0.418147 0.075714 0.062183
0 0.301429 0.501269 0.075714 0.063452
0 0.206786 0.662437 0.009286 0.030457
0 0.290357 0.357868 0.012143 0.030457
0 0.239286 0.415609 0.011429 0.054569
0 0.258214 0.408629 0.012143 0.050761
0 0.266429 0.411168 0.011429 0.043147
0 0.276786 0.400381 0.013571 0.057107
0 0.288214 0.398477 0.010714 0.058376
0 0.299286 0.403553 0.010000 0.038071
0 0.310357 0.401015 0.009286 0.035533
0 0.320714 0.394670 0.012857 0.050761
0 0.330357 0.392766 0.009286 0.057107
0 0.342143 0.397208 0.010000 0.053299
0 0.352500 0.395305 0.013571 0.052030
0 0.360714 0.388959 0.011429 0.046954
0 0.370357 0.388325 0.010714 0.053299
0 0.382143 0.390863 0.012857 0.050761
0 0.390714 0.383249 0.012857 0.055838
0 0.401071 0.389594 0.010714 0.048223
0 0.423214 0.381345 0.012143 0.057107
0 0.432857 0.377538 0.007143 0.052030
0 0.445357 0.377538 0.013571 0.052030
0 0.439286 0.616751 0.011429 0.030457
0 0.427500 0.678934 0.009286 0.025381
0 0.497143 0.573604 0.008571 0.025381
0 0.516429 0.595812 0.008571 0.029188
0 0.625714 0.581853 0.012857 0.026650
0 0.733214 0.527284 0.010714 0.031726
0 0.848571 0.513325 0.014286 0.026650
0 0.882500 0.528553 0.010714 0.024112
0 0.948571 0.520939 0.014286 0.031726
0 0.776429 0.286168 0.012857 0.029188
0 0.773571 0.272843 0.011429 0.030457
0 0.843214 0.319162 0.099286 0.072335
0 0.682500 0.337563 0.139286 0.098985
0 0.741786 0.189086 0.006429 0.025381
0 0.487500 0.114213 0.005000 0.027919
0 0.506429 0.130711 0.005714 0.025381
0 0.488571 0.109137 0.005714 0.025381
0 0.493929 0.105964 0.007857 0.026650
0 0.498929 0.108503 0.005000 0.016497
0 0.495714 0.072335 0.004286 0.022843
0 0.499286 0.041244 0.004286 0.021574
0 0.502143 0.043147 0.004286 0.022843
0 0.506429 0.054569 0.007143 0.025381
0 0.514643 0.055203 0.005000 0.026650
0 0.520714 0.050761 0.004286 0.022843
0 0.521786 0.298858 0.006429 0.031726
0 0.523929 0.364848 0.102143 0.079949
0 0.863214 0.946701 0.012143 0.045685
0 0.791071 0.871193 0.010714 0.041878
0 0.802500 0.866117 0.010714 0.044416
0 0.821786 0.885787 0.009286 0.053299
0 0.857857 0.721447 0.011429 0.031726
0 0.800357 0.759518 0.010714 0.021574
0 0.732857 0.866751 0.010000 0.025381
0 0.739286 0.864848 0.007143 0.021574
0 0.686429 0.808376 0.007143 0.025381
0 0.664643 0.783629 0.009286 0.024112
0 0.663571 0.755711 0.010000 0.024112
0 0.757857 0.618655 0.012857 0.046954
0 0.529643 0.783629 0.007857 0.021574
0 0.546786 0.746827 0.009286 0.026650
0 0.769286 0.851523 0.011429 0.060914
0 0.780000 0.856599 0.011429 0.058376
