0 0.795714 0.784286 0.242857 0.120952
0 0.783929 0.652381 0.193571 0.123810
0 0.700714 0.533333 0.200000 0.116190
0 0.663929 0.437619 0.173571 0.103810
0 0.649643 0.291905 0.137857 0.096190
0 0.647500 0.220952 0.129286 0.074286
0 0.407857 0.583810 0.100000 0.201905
0 0.429286 0.377143 0.075714 0.154286
0 0.464286 0.154286 0.055714 0.108571
0 0.466786 0.050000 0.047857 0.094286
0 0.551786 0.030000 0.012143 0.046667
0 0.567500 0.029048 0.012143 0.056190
0 0.165714 0.050476 0.075714 0.095238
0 0.629286 0.066190 0.040000 0.023810
0 0.623214 0.053810 0.045000 0.039048
