0 0.472860 0.906308 0.015658 0.037106
0 0.475470 0.902134 0.054280 0.064007
0 0.457724 0.810761 0.010438 0.042672
0 0.469729 0.828850 0.019833 0.032468
0 0.484081 0.783859 0.014092 0.029685
0 0.495564 0.854824 0.023486 0.030612
0 0.479645 0.864564 0.026096 0.029685
0 0.542015 0.882653 0.036013 0.093692
0 0.604645 0.840909 0.020355 0.073284
0 0.585595 0.741187 0.014614 0.053803
0 0.548539 0.738404 0.020877 0.061224
0 0.490605 0.740724 0.037578 0.052876
0 0.494520 0.693414 0.023486 0.025046
0 0.510699 0.670223 0.048539 0.043599
0 0.515397 0.623377 0.044363 0.042672
0 0.584290 0.530612 0.023486 0.035250
0 0.562109 0.486085 0.022965 0.035250
0 0.545668 0.467069 0.015136 0.019481
0 0.537839 0.452226 0.014092 0.019481
0 0.548278 0.448052 0.016180 0.014842
0 0.530271 0.426716 0.006263 0.018553
0 0.606733 0.401670 0.005741 0.018553
0 0.609081 0.462894 0.006263 0.020408
0 0.595511 0.462894 0.006263 0.016698
0 0.588987 0.484230 0.005741 0.018553
0 0.615344 0.556122 0.007307 0.019481
0 0.615084 0.561688 0.006785 0.025046
0 0.609081 0.467069 0.006263 0.023191
0 0.589509 0.488404 0.008873 0.026902
0 0.594207 0.466141 0.007829 0.023191
0 0.692589 0.554731 0.050104 0.037106
0 0.698591 0.579777 0.017223 0.022263
0 0.705376 0.574675 0.016180 0.019481
0 0.727557 0.567254 0.005219 0.026902
0 0.736169 0.564935 0.005741 0.029685
0 0.731472 0.621521 0.020355 0.025974
0 0.756263 0.750464 0.020877 0.025974
0 0.739301 0.789425 0.023486 0.031540
0 0.774791 0.806586 0.020355 0.026902
0 0.748434 0.836271 0.070981 0.060297
0 0.697808 0.809833 0.008351 0.029685
0 0.706159 0.813080 0.011482 0.032468
0 0.706159 0.810297 0.007307 0.023191
0 0.696242 0.812616 0.009395 0.027829
0 0.704593 0.819109 0.009395 0.037106
0 0.764092 0.892393 0.080376 0.066790
0 0.801670 0.949443 0.028184 0.034323
0 0.798278 0.967069 0.030793 0.036178
0 0.703810 0.441095 0.005741 0.023191
0 0.588727 0.360390 0.006263 0.017625
0 0.597338 0.338590 0.003653 0.012987
0 0.626827 0.341837 0.004175 0.013915
0 0.641441 0.352041 0.004175 0.019481
0 0.597338 0.342764 0.004697 0.013915
0 0.627349 0.345083 0.004175 0.014842
0 0.641701 0.354360 0.008873 0.011132
0 0.629436 0.305195 0.004175 0.009276
0 0.629436 0.308442 0.005219 0.012059
0 0.628653 0.256030 0.006785 0.012987
0 0.628132 0.252783 0.007829 0.013915
0 0.545668 0.338590 0.004697 0.016698
0 0.543841 0.333024 0.003132 0.014842
0 0.551931 0.294527 0.022443 0.017625
0 0.564196 0.252319 0.014614 0.020408
0 0.585595 0.253711 0.009395 0.017625
0 0.592119 0.208720 0.007829 0.012987
0 0.618215 0.244434 0.002610 0.008349
0 0.618215 0.233302 0.003653 0.010204
0 0.621868 0.233302 0.002610 0.010204
0 0.606994 0.226345 0.003132 0.009276
0 0.618476 0.213822 0.002088 0.006494
0 0.614562 0.209184 0.002610 0.008349
0 0.613779 0.196660 0.002088 0.009276
0 0.611430 0.211039 0.002610 0.006494
0 0.624739 0.234230 0.002088 0.010204
0 0.625783 0.234694 0.002088 0.011132
0 0.618215 0.246753 0.002610 0.007421
0 0.617954 0.234230 0.004175 0.010204
0 0.622129 0.234694 0.003132 0.009276
0 0.606994 0.227273 0.004175 0.009276
0 0.611430 0.212894 0.002610 0.008349
0 0.618476 0.215677 0.003132 0.008349
0 0.613518 0.198052 0.002610 0.008349
0 0.614823 0.209647 0.003132 0.007421
0 0.613257 0.223562 0.005219 0.012987
0 0.624478 0.220315 0.005741 0.012059
0 0.622129 0.198980 0.006263 0.010204
0 0.598643 0.195269 0.004175 0.010204
0 0.617954 0.180427 0.005219 0.010204
0 0.617954 0.175325 0.005219 0.011132
0 0.618476 0.161410 0.006263 0.009276
0 0.616910 0.155380 0.005219 0.010204
0 0.614562 0.149814 0.003653 0.006494
0 0.614562 0.143321 0.003653 0.006494
0 0.602818 0.134045 0.005219 0.008349
0 0.613779 0.181818 0.002088 0.005566
0 0.611430 0.155844 0.001566 0.005566
0 0.604384 0.161874 0.002088 0.006494
0 0.601775 0.159091 0.001044 0.004638
0 0.598121 0.158627 0.002088 0.005566
0 0.613257 0.184137 0.002088 0.006494
0 0.611430 0.157236 0.002610 0.004638
0 0.604384 0.162801 0.002088 0.006494
0 0.601775 0.160019 0.002088 0.004638
0 0.598121 0.159555 0.002088 0.005566
0 0.596555 0.165584 0.003132 0.008349
0 0.595251 0.172078 0.003653 0.006494
0 0.612735 0.171150 0.002088 0.004638
0 0.613518 0.172542 0.002610 0.005566
