0 0.556071 0.618020 0.016429 0.055838
0 0.510714 0.566624 0.017143 0.049492
0 0.482500 0.423858 0.012143 0.027919
0 0.470714 0.343909 0.010000 0.027919
0 0.490714 0.304569 0.011429 0.022843
0 0.520357 0.309010 0.013571 0.029188
0 0.558571 0.348985 0.011429 0.030457
0 0.555000 0.181472 0.008571 0.020305
0 0.513214 0.046320 0.009286 0.016497
0 0.540714 0.025381 0.007143 0.015228
0 0.534286 0.449873 0.012857 0.046954
0 0.554286 0.148477 0.008571 0.030457
0 0.552857 0.112944 0.005714 0.022843
0 0.552857 0.036168 0.007143 0.021574
0 0.528214 0.061548 0.006429 0.016497
0 0.540000 0.334391 0.004286 0.016497
0 0.540000 0.331218 0.002857 0.012690
0 0.452857 0.990482 0.008571 0.016497
0 0.283571 0.979695 0.008571 0.027919
0 0.557143 0.248096 0.017143 0.085025
0 0.457143 0.284264 0.022857 0.083756
