0 0.312857 0.663810 0.071429 0.047619
0 0.406786 0.525714 0.055000 0.030476
0 0.387500 0.533810 0.010714 0.027619
0 0.458929 0.771429 0.110714 0.078095
0 0.476429 0.680952 0.085714 0.055238
0 0.544643 0.502857 0.045000 0.028571
0 0.150714 0.520476 0.037143 0.040952
0 0.239286 0.455238 0.015714 0.019048
0 0.297500 0.439524 0.023571 0.025714
0 0.321429 0.435714 0.030000 0.025714
0 0.340714 0.430952 0.027143 0.023810
0 0.420000 0.450952 0.032857 0.023810
0 0.452857 0.424286 0.021429 0.012381
0 0.457143 0.434286 0.030000 0.017143
0 0.462500 0.484286 0.039286 0.023810
0 0.472143 0.454286 0.028571 0.017143
0 0.485714 0.460952 0.032857 0.022857
0 0.527143 0.440476 0.025714 0.020000
0 0.557500 0.430476 0.022143 0.022857
0 0.537500 0.424762 0.025000 0.020952
0 0.594643 0.431905 0.027857 0.014286
0 0.651786 0.470000 0.015000 0.021905
0 0.713571 0.592381 0.064286 0.045714
0 0.846429 0.629048 0.071429 0.046667
0 0.395714 0.773333 0.012857 0.051429
0 0.590714 0.578095 0.011429 0.028571
0 0.602500 0.547619 0.012143 0.028571
0 0.617500 0.530000 0.009286 0.031429
0 0.190357 0.496667 0.020714 0.023810
0 0.222857 0.500000 0.007143 0.019048
0 0.231429 0.497143 0.007143 0.022857
0 0.297500 0.485238 0.005000 0.023810
0 0.305714 0.484762 0.010000 0.024762
0 0.285714 0.465238 0.005714 0.016190
0 0.494643 0.411905 0.026429 0.027619
0 0.280714 0.584286 0.164286 0.105714
0 0.210357 0.442381 0.027857 0.021905
0 0.127857 0.471905 0.050000 0.040952
0 0.133929 0.449524 0.037857 0.022857
0 0.176429 0.456190 0.035714 0.020952
0 0.140714 0.490952 0.007143 0.020000
0 0.132143 0.489048 0.005714 0.020000
0 0.291071 0.472857 0.006429 0.012381
0 0.628571 0.485238 0.024286 0.025714
0 0.591071 0.410952 0.022143 0.014286
0 0.516071 0.409048 0.016429 0.014286
0 0.270000 0.446667 0.020000 0.022857
0 0.248929 0.472381 0.050714 0.026667
0 0.601786 0.545714 0.007857 0.020952
0 0.192500 0.496190 0.010714 0.022857
0 0.424286 0.438095 0.004286 0.017143
