0 0.287143 0.311548 0.048571 0.041878
0 0.710000 0.220812 0.052857 0.043147
0 0.592143 0.628173 0.040000 0.065990
0 0.532500 0.464467 0.052143 0.035533
0 0.721429 0.553299 0.051429 0.048223
0 0.673929 0.801396 0.029286 0.102792
0 0.471071 0.508249 0.050714 0.039340
0 0.069643 0.326777 0.049286 0.039340
0 0.370357 0.253807 0.052143 0.040609
0 0.493571 0.075508 0.037143 0.036802
0 0.718571 0.488579 0.141429 0.086294
0 0.652500 0.459391 0.035000 0.032995
0 0.792143 0.465102 0.037143 0.034264
0 0.877857 0.462563 0.041429 0.034264
0 0.335714 0.654822 0.007143 0.020305
0 0.325714 0.666244 0.010000 0.025381
0 0.481429 0.633249 0.007143 0.022843
0 0.485357 0.772843 0.006429 0.022843
0 0.486071 0.745558 0.007857 0.013959
0 0.487857 0.720812 0.010000 0.020305
0 0.412143 0.614848 0.007143 0.021574
0 0.037857 0.089467 0.010000 0.024112
0 0.066071 0.175127 0.009286 0.022843
