0 0.358038 0.961039 0.022965 0.066790
0 0.387265 0.659555 0.036534 0.055659
0 0.459290 0.641929 0.020877 0.064935
0 0.491910 0.632653 0.021399 0.070501
0 0.484342 0.593692 0.018789 0.064935
0 0.537578 0.506494 0.018789 0.061224
0 0.722077 0.730983 0.021399 0.055659
0 0.718163 0.784323 0.026096 0.054731
0 0.717641 0.740260 0.045929 0.051948
0 0.716336 0.794063 0.053758 0.046382
0 0.683455 0.350649 0.018267 0.037106
0 0.695459 0.336271 0.015136 0.039889
0 0.679802 0.336271 0.014092 0.038033
0 0.702244 0.362709 0.019311 0.042672
0 0.707985 0.347866 0.019311 0.042672
0 0.718163 0.365955 0.016701 0.045455
0 0.720772 0.368738 0.013570 0.062152
0 0.907620 0.393321 0.024008 0.059369
