0 0.027140 0.710575 0.011482 0.016698
0 0.199374 0.798701 0.077244 0.063080
0 0.337161 0.735622 0.064718 0.051948
0 0.224426 0.912801 0.066806 0.064935
0 0.300365 0.747681 0.023486 0.048237
0 0.559238 0.751855 0.033925 0.117811
0 0.516701 0.762523 0.019833 0.025974
0 0.480428 0.720315 0.039144 0.101113
0 0.496347 0.599258 0.015658 0.027829
0 0.515397 0.615492 0.016180 0.030612
0 0.526096 0.596475 0.011482 0.055659
0 0.520355 0.346475 0.021921 0.084416
0 0.678236 0.417904 0.054802 0.056586
0 0.494781 0.260668 0.013570 0.025974
0 0.497390 0.239332 0.013570 0.035250
0 0.431889 0.204082 0.025574 0.096475
0 0.496868 0.138219 0.012526 0.029685
0 0.495042 0.059833 0.010960 0.025046
0 0.515136 0.069573 0.011482 0.040816
0 0.619259 0.038033 0.020355 0.040816
0 0.514875 0.070965 0.012004 0.043599
0 0.531576 0.025974 0.012004 0.044527
0 0.530010 0.019944 0.012004 0.030612
0 0.503132 0.166048 0.014614 0.029685
0 0.894050 0.275510 0.052192 0.055659
0 0.350731 0.529685 0.034447 0.033395
0 0.935282 0.039425 0.028184 0.023191
