0 0.378214 0.605964 0.020714 0.054569
0 0.449286 0.903553 0.024286 0.071066
0 0.272500 0.713832 0.025000 0.064721
0 0.143929 0.736041 0.035000 0.083756
0 0.180000 0.581853 0.028571 0.079949
0 0.062500 0.576777 0.030714 0.064721
0 0.110714 0.362944 0.025714 0.060914
0 0.179643 0.360406 0.020714 0.058376
0 0.286429 0.017766 0.022857 0.035533
0 0.121071 0.163071 0.049286 0.140863
0 0.032857 0.557107 0.037143 0.076142
0 0.115357 0.836294 0.057857 0.121827
0 0.043214 0.117386 0.029286 0.072335
0 0.034286 0.104695 0.035714 0.069797
0 0.016786 0.096447 0.029286 0.073604
0 0.152500 0.125635 0.026429 0.050761
0 0.165714 0.655457 0.030000 0.069797
0 0.311786 0.442259 0.010714 0.026650
0 0.254643 0.430203 0.009286 0.020305
0 0.242857 0.389594 0.007143 0.020305
0 0.264643 0.694162 0.005000 0.012690
0 0.263214 0.687817 0.007857 0.017766
0 0.288214 0.187183 0.023571 0.041878
0 0.228214 0.369924 0.007857 0.016497
0 0.226786 0.383883 0.006429 0.016497
0 0.229286 0.324873 0.005714 0.012690
0 0.227143 0.331853 0.007143 0.016497
0 0.223571 0.334391 0.005714 0.019036
