0 0.132143 0.625000 0.062857 0.123096
0 0.868214 0.809645 0.077857 0.104061
0 0.701071 0.611675 0.036429 0.114213
0 0.728571 0.271574 0.030000 0.086294
0 0.792857 0.282995 0.040000 0.109137
0 0.560714 0.517766 0.065714 0.180203
0 0.641429 0.661802 0.088571 0.288071
0 0.439643 0.912437 0.042143 0.144670
0 0.403571 0.923223 0.034286 0.118020
0 0.344643 0.376269 0.049286 0.092640
0 0.470714 0.296954 0.028571 0.065990
0 0.518571 0.269670 0.038571 0.069797
0 0.917857 0.480964 0.097143 0.131980
0 0.924286 0.371193 0.105714 0.120558
0 0.926786 0.325508 0.105000 0.120558
0 0.922143 0.260787 0.074286 0.079949
0 0.919643 0.226523 0.073571 0.097716
0 0.923571 0.190990 0.074286 0.102792
0 0.933929 0.152919 0.083571 0.112944
0 0.206071 0.206218 0.049286 0.046954
0 0.292857 0.169416 0.060000 0.067259
0 0.132143 0.175127 0.057143 0.048223
0 0.120714 0.244924 0.064286 0.058376
0 0.036429 0.289340 0.061429 0.071066
