0 0.383929 0.618095 0.157857 0.148571
0 0.377143 0.505238 0.121429 0.117143
0 0.226071 0.593810 0.135000 0.120952
0 0.135714 0.450000 0.064286 0.122857
0 0.222500 0.361905 0.073571 0.116190
0 0.286786 0.333333 0.072143 0.106667
0 0.466071 0.232857 0.075000 0.100000
0 0.559286 0.490952 0.118571 0.132381
0 0.421429 0.267619 0.074286 0.097143
0 0.352500 0.787619 0.157857 0.177143
0 0.205714 0.754762 0.171429 0.170476
0 0.790714 0.055714 0.080000 0.077143
0 0.710714 0.105714 0.080000 0.081905
0 0.670000 0.121429 0.080000 0.080952
0 0.638571 0.142857 0.080000 0.081905
0 0.581429 0.170952 0.080000 0.080952
0 0.686429 0.410476 0.104286 0.108571
0 0.872500 0.263810 0.092143 0.100952
0 0.784643 0.335714 0.087857 0.090476
0 0.517143 0.392857 0.085714 0.090476
0 0.801429 0.380000 0.027143 0.053333
0 0.448571 0.308571 0.017143 0.047619
0 0.415000 0.343810 0.024286 0.040000
0 0.273929 0.450476 0.026429 0.043810
0 0.167500 0.366190 0.023571 0.058095
0 0.060357 0.417143 0.050714 0.041905
0 0.272857 0.462857 0.038571 0.045714
0 0.415000 0.360476 0.042857 0.040952
0 0.112857 0.383333 0.025714 0.044762
