0 0.091786 0.108503 0.010714 0.019036
0 0.154286 0.234772 0.014286 0.020305
0 0.192857 0.311548 0.014286 0.024112
0 0.230000 0.383883 0.017143 0.034264
0 0.262500 0.455584 0.019286 0.032995
0 0.319643 0.560914 0.022143 0.048223
0 0.513571 0.962563 0.058571 0.057107
0 0.438929 0.894670 0.047857 0.071066
0 0.380357 0.960025 0.052143 0.074873
0 0.370357 0.656726 0.030714 0.054569
0 0.341786 0.586294 0.032143 0.043147
0 0.260714 0.391497 0.018571 0.031726
0 0.247857 0.421954 0.018571 0.031726
0 0.298214 0.512690 0.033571 0.076142
0 0.417500 0.755711 0.032143 0.067259
0 0.448571 0.784898 0.010000 0.026650
0 0.453214 0.725254 0.009286 0.026650
0 0.448214 0.779188 0.007857 0.022843
0 0.453214 0.722716 0.007857 0.019036
0 0.451071 0.718909 0.007857 0.019036
