0 0.076786 0.213333 0.137857 0.165714
0 0.407500 0.091429 0.073571 0.110476
0 0.207857 0.234762 0.038571 0.046667
0 0.222500 0.316667 0.032143 0.037143
0 0.287857 0.366190 0.022857 0.050476
0 0.385714 0.200476 0.018571 0.056190
0 0.352500 0.260000 0.022143 0.049524
0 0.434286 0.332381 0.064286 0.078095
0 0.342500 0.384762 0.026429 0.038095
0 0.367143 0.399524 0.017143 0.042857
0 0.329286 0.472381 0.030000 0.053333
0 0.332857 0.476667 0.048571 0.061905
0 0.369286 0.434762 0.022857 0.054286
0 0.391429 0.465714 0.024286 0.053333
0 0.396786 0.411905 0.030714 0.046667
0 0.365714 0.497143 0.025714 0.047619
0 0.409643 0.506667 0.020714 0.047619
0 0.446429 0.582857 0.022857 0.049524
0 0.378929 0.536667 0.020714 0.046667
0 0.248214 0.515238 0.027857 0.043810
0 0.810714 0.555238 0.032857 0.078095
