0 0.406786 0.184762 0.070714 0.196190
0 0.387500 0.569524 0.077857 0.215238
0 0.536071 0.490476 0.129286 0.114286
0 0.605714 0.874286 0.151429 0.139048
0 0.411071 0.796667 0.070714 0.162857
0 0.585357 0.584762 0.142143 0.120000
0 0.739643 0.233333 0.129286 0.165714
0 0.683571 0.184762 0.128571 0.169524
0 0.649286 0.085238 0.121429 0.136190
0 0.183929 0.252381 0.077857 0.186667
0 0.103571 0.208095 0.082857 0.202857
0 0.146071 0.174286 0.029286 0.047619
0 0.090357 0.437619 0.089286 0.199048
0 0.150357 0.656667 0.033571 0.025714
0 0.174643 0.679048 0.033571 0.030476
0 0.727500 0.742381 0.023571 0.031429
0 0.655357 0.402381 0.022143 0.027619
0 0.461071 0.366190 0.016429 0.037143
0 0.508571 0.209524 0.011429 0.032381
0 0.522857 0.258571 0.014286 0.027619
0 0.540714 0.316190 0.017143 0.038095
0 0.584643 0.332857 0.020714 0.037143
0 0.650357 0.435714 0.015000 0.018095
0 0.640000 0.432381 0.024286 0.020952
