0 0.636786 0.074286 0.066429 0.095238
0 0.332143 0.130000 0.035714 0.105714
0 0.332500 0.247143 0.036429 0.105714
0 0.490000 0.095714 0.028571 0.101905
0 0.668929 0.093810 0.062143 0.094286
0 0.570357 0.242857 0.067857 0.080000
0 0.494286 0.292857 0.048571 0.113333
0 0.319643 0.462381 0.045000 0.141905
0 0.315357 0.633333 0.033571 0.095238
0 0.930357 0.939048 0.105000 0.060952
0 0.943571 0.867619 0.087143 0.060952
0 0.849286 0.886667 0.088571 0.053333
0 0.877500 0.789524 0.086429 0.049524
0 0.940714 0.509048 0.081429 0.082857
0 0.859643 0.518571 0.076429 0.056190
0 0.855357 0.624286 0.083571 0.054286
0 0.772143 0.531429 0.074286 0.047619
0 0.691071 0.542857 0.060714 0.070476
0 0.608214 0.523810 0.085000 0.066667
0 0.623929 0.435238 0.082143 0.062857
0 0.518214 0.412857 0.036429 0.084762
0 0.600357 0.287143 0.076429 0.073333
0 0.968214 0.296190 0.039286 0.104762
0 0.926429 0.292381 0.037143 0.108571
0 0.885357 0.298095 0.042143 0.093333
0 0.824643 0.269048 0.065000 0.103810
0 0.793571 0.227619 0.064286 0.093333
0 0.791786 0.357619 0.013571 0.018095
0 0.856429 0.401429 0.020000 0.016190
0 0.866071 0.380476 0.022143 0.018095
0 0.571429 0.097143 0.010000 0.026667
0 0.565357 0.177619 0.007857 0.025714
0 0.555000 0.159524 0.005714 0.020000
0 0.528214 0.183810 0.010714 0.026667
0 0.696786 0.887619 0.013571 0.020952
0 0.637143 0.841905 0.081429 0.080000
0 0.547500 0.925238 0.070714 0.113333
0 0.316071 0.759048 0.039286 0.106667
0 0.318214 0.904286 0.039286 0.113333
