0 0.118571 0.347716 0.008571 0.027919
0 0.110000 0.348350 0.008571 0.029188
0 0.159286 0.376269 0.035714 0.019036
0 0.176071 0.325508 0.010714 0.049492
0 0.155000 0.361675 0.024286 0.025381
0 0.386071 0.449239 0.059286 0.027919
0 0.452857 0.184010 0.002857 0.010152
0 0.488571 0.859137 0.021429 0.017766
0 0.444286 0.517132 0.017143 0.013959
0 0.450714 0.438452 0.017143 0.013959
0 0.476786 0.459391 0.016429 0.015228
0 0.492500 0.441624 0.013571 0.012690
0 0.474286 0.421954 0.017143 0.013959
0 0.520714 0.444162 0.017143 0.015228
0 0.523929 0.461294 0.017857 0.013959
0 0.546071 0.464467 0.016429 0.012690
0 0.567500 0.465102 0.015000 0.011421
0 0.621786 0.435914 0.017857 0.013959
0 0.575000 0.430203 0.028571 0.020305
0 0.570714 0.442893 0.060000 0.032995
0 0.562500 0.490482 0.026429 0.021574
0 0.605714 0.503173 0.018571 0.016497
0 0.591429 0.467640 0.017143 0.013959
0 0.646429 0.454315 0.020000 0.017766
0 0.647500 0.438452 0.016429 0.013959
0 0.642143 0.473985 0.018571 0.016497
0 0.618571 0.471447 0.018571 0.013959
0 0.559643 0.413706 0.016429 0.012690
0 0.600357 0.068528 0.010714 0.025381
0 0.606429 0.038706 0.010000 0.021574
0 0.607143 0.062817 0.010000 0.024112
0 0.647857 0.145305 0.011429 0.024112
0 0.631786 0.196701 0.009286 0.020305
0 0.637143 0.242386 0.011429 0.020305
0 0.630714 0.145939 0.022857 0.063452
0 0.683214 0.210660 0.015000 0.032995
0 0.695357 0.288071 0.019286 0.040609
0 0.712500 0.298223 0.013571 0.030457
0 0.669643 0.300127 0.012143 0.024112
0 0.716071 0.346447 0.012143 0.025381
0 0.716071 0.374365 0.010714 0.022843
0 0.712143 0.417513 0.017143 0.038071
0 0.728571 0.378807 0.011429 0.026650
0 0.727857 0.418147 0.002857 0.006345
0 0.675000 0.413706 0.002857 0.007614
0 0.677857 0.420685 0.002857 0.008883
0 0.683214 0.419416 0.002143 0.006345
0 0.671429 0.424492 0.002857 0.011421
0 0.661429 0.419416 0.002857 0.006345
0 0.632857 0.399112 0.002857 0.011421
0 0.655714 0.545051 0.044286 0.029188
0 0.674286 0.532360 0.020000 0.019036
0 0.730357 0.529822 0.019286 0.013959
0 0.730714 0.063452 0.008571 0.020305
0 0.762143 0.395939 0.024286 0.038071
0 0.775714 0.496193 0.020000 0.022843
0 0.788214 0.526650 0.019286 0.017766
0 0.746429 0.494289 0.048571 0.054569
0 0.761429 0.554569 0.025714 0.022843
0 0.768929 0.536168 0.030714 0.026650
0 0.820000 0.532360 0.018571 0.016497
0 0.841429 0.459391 0.020000 0.020305
0 0.863214 0.442893 0.047857 0.038071
0 0.853214 0.519036 0.020714 0.015228
0 0.836786 0.552665 0.020714 0.016497
0 0.856429 0.539340 0.018571 0.015228
0 0.863214 0.576142 0.020714 0.015228
0 0.830000 0.573604 0.018571 0.015228
0 0.889643 0.553934 0.046429 0.026650
0 0.928571 0.543147 0.021429 0.015228
0 0.946786 0.562183 0.020714 0.017766
0 0.894286 0.538071 0.018571 0.012690
