0 0.213214 0.814286 0.095000 0.205714
0 0.250714 0.554286 0.025714 0.045714
0 0.126786 0.589048 0.033571 0.042857
0 0.108214 0.187619 0.080714 0.051429
0 0.465000 0.197619 0.084286 0.052381
0 0.502857 0.415714 0.018571 0.040952
0 0.532143 0.532857 0.020000 0.056190
0 0.532500 0.527143 0.015000 0.033333
0 0.560000 0.200952 0.065714 0.057143
0 0.668571 0.394762 0.098571 0.067619
0 0.637857 0.434762 0.020000 0.040952
0 0.638571 0.440952 0.032857 0.038095
0 0.851429 0.453333 0.102857 0.118095
0 0.792143 0.217143 0.091429 0.053333
0 0.895000 0.222381 0.088571 0.046667
