0 0.426071 0.694762 0.053571 0.162857
0 0.070000 0.771429 0.080000 0.160000
0 0.092500 0.562381 0.067857 0.153333
0 0.109286 0.375714 0.061429 0.134286
0 0.326786 0.189524 0.047857 0.120000
0 0.426429 0.323810 0.040000 0.120000
0 0.423214 0.490000 0.045000 0.141905
0 0.125000 0.236190 0.058571 0.129524
0 0.056071 0.301429 0.029286 0.056190
0 0.088214 0.047143 0.022143 0.054286
0 0.027143 0.043810 0.024286 0.043810
0 0.037500 0.662381 0.037857 0.033333
0 0.172857 0.727143 0.028571 0.031429
0 0.173929 0.733810 0.022143 0.065714
0 0.343214 0.743810 0.020714 0.026667
0 0.342500 0.742857 0.015000 0.064762
0 0.785000 0.939524 0.124286 0.088571
0 0.859286 0.757619 0.025714 0.063810
0 0.809286 0.538571 0.040000 0.023810
0 0.860357 0.499048 0.027857 0.024762
0 0.768929 0.342857 0.099286 0.066667
0 0.755000 0.209524 0.098571 0.070476
0 0.823214 0.104762 0.026429 0.034286
0 0.699286 0.073333 0.017143 0.040000
0 0.739286 0.041905 0.095714 0.064762
0 0.771429 0.093333 0.041429 0.041905
0 0.694643 0.415238 0.019286 0.026667
0 0.692143 0.430476 0.015714 0.022857
0 0.527857 0.815238 0.100000 0.076190
0 0.527857 0.729524 0.115714 0.072381
0 0.521429 0.643810 0.107143 0.070476
0 0.520714 0.276190 0.104286 0.068571
0 0.526429 0.207143 0.101429 0.067619
0 0.520714 0.087619 0.101429 0.068571
0 0.170714 0.239524 0.030000 0.033333
0 0.168571 0.255714 0.028571 0.052381
