0 0.155000 0.839524 0.024286 0.027619
0 0.246429 0.009048 0.007143 0.008571
0 0.157857 0.850952 0.045714 0.073333
0 0.247500 0.012857 0.007857 0.023810
0 0.194643 0.015238 0.026429 0.030476
0 0.095000 0.388095 0.050000 0.090476
0 0.165357 0.318571 0.043571 0.075238
0 0.799643 0.558095 0.109286 0.085714
0 0.732857 0.493810 0.120000 0.100000
0 0.647857 0.377143 0.117143 0.097143
0 0.602143 0.416667 0.015714 0.042857
0 0.526071 0.480000 0.016429 0.043810
0 0.542857 0.486667 0.011429 0.049524
0 0.778214 0.186667 0.049286 0.045714
0 0.598571 0.194286 0.057143 0.043810
0 0.447500 0.337143 0.046429 0.072381
0 0.433214 0.260000 0.050714 0.104762
0 0.390714 0.169048 0.040000 0.060000
0 0.695714 0.207619 0.050000 0.049524
0 0.737143 0.200952 0.045714 0.047619
0 0.595357 0.355714 0.079286 0.060000
0 0.852857 0.125714 0.051429 0.038095
0 0.046071 0.062381 0.056429 0.040952
0 0.050714 0.039524 0.050000 0.016190
0 0.058929 0.026190 0.047857 0.023810
0 0.280357 0.076190 0.009286 0.028571
0 0.306786 0.023333 0.037857 0.023810
0 0.311071 0.030476 0.043571 0.028571
0 0.307857 0.049524 0.045714 0.028571
0 0.304286 0.095238 0.022857 0.032381
0 0.303929 0.074762 0.020714 0.018095
0 0.420357 0.133333 0.009286 0.028571
0 0.436786 0.151429 0.007857 0.030476
0 0.447500 0.137143 0.010714 0.026667
0 0.419643 0.179524 0.019286 0.035238
0 0.401429 0.132857 0.007143 0.029524
0 0.389286 0.100476 0.008571 0.027619
0 0.396071 0.074286 0.007857 0.028571
0 0.390714 0.087143 0.005714 0.025714
0 0.367143 0.029524 0.005714 0.022857
0 0.381786 0.040952 0.005000 0.020952
0 0.363214 0.121905 0.023571 0.043810
0 0.458214 0.110952 0.020714 0.023810
0 0.463214 0.115714 0.017857 0.018095
0 0.468929 0.325238 0.010714 0.031429
0 0.525000 0.241429 0.008571 0.031429
0 0.496429 0.202857 0.014286 0.026667
0 0.541786 0.333810 0.010714 0.033333
0 0.501071 0.279048 0.013571 0.043810
0 0.515714 0.180952 0.012857 0.034286
0 0.492143 0.169048 0.008571 0.029524
0 0.493929 0.140476 0.007857 0.021905
0 0.551071 0.296190 0.013571 0.024762
0 0.803214 0.285238 0.012143 0.023810
0 0.752143 0.158571 0.008571 0.029524
0 0.693214 0.138095 0.020714 0.019048
0 0.943214 0.248095 0.013571 0.029524
