0 0.135714 0.410000 0.075714 0.042857
0 0.180357 0.585238 0.079286 0.040952
0 0.157500 0.771905 0.065000 0.075238
0 0.313571 0.711429 0.035714 0.030476
0 0.320714 0.696190 0.010000 0.013333
0 0.350714 0.693333 0.011429 0.022857
0 0.373214 0.723333 0.049286 0.052381
0 0.455357 0.789048 0.046429 0.101905
0 0.283214 0.827143 0.012143 0.010476
0 0.318571 0.856667 0.014286 0.014286
0 0.414286 0.810952 0.008571 0.014286
0 0.421071 0.859048 0.010714 0.019048
0 0.493571 0.899048 0.014286 0.032381
0 0.414643 0.908095 0.009286 0.029524
0 0.291071 0.315238 0.009286 0.019048
0 0.335000 0.395238 0.040000 0.030476
0 0.412500 0.385238 0.049286 0.044762
0 0.933571 0.587143 0.071429 0.040952
0 0.819643 0.454762 0.073571 0.035238
0 0.780714 0.635238 0.015714 0.015238
0 0.731786 0.760476 0.010714 0.016190
0 0.688571 0.647619 0.011429 0.009524
0 0.733929 0.700476 0.009286 0.010476
0 0.692500 0.605238 0.052143 0.040952
0 0.616071 0.674286 0.063571 0.076190
0 0.845714 0.685714 0.064286 0.032381
0 0.658929 0.959524 0.025000 0.018095
