0 0.825357 0.923858 0.047857 0.063452
0 0.824286 0.861041 0.075714 0.090102
0 0.908571 0.929569 0.061429 0.069797
0 0.778571 0.643401 0.040000 0.063452
0 0.785714 0.189086 0.025714 0.068528
0 0.726071 0.227157 0.029286 0.068528
0 0.747857 0.149112 0.020000 0.036802
0 0.833214 0.014594 0.015000 0.029188
0 0.473571 0.532995 0.041429 0.048223
0 0.482857 0.505076 0.042857 0.045685
0 0.523214 0.487944 0.019286 0.026650
0 0.522143 0.482868 0.010000 0.021574
0 0.515000 0.449239 0.042857 0.050761
0 0.433929 0.468909 0.040714 0.049492
0 0.397857 0.435279 0.032857 0.043147
0 0.454643 0.427665 0.095000 0.121827
0 0.417143 0.363579 0.064286 0.074873
0 0.337857 0.387690 0.060000 0.074873
0 0.375357 0.380711 0.039286 0.053299
0 0.310714 0.317259 0.087143 0.111675
0 0.313214 0.587563 0.040714 0.050761
