0 0.158571 0.513325 0.104286 0.072335
0 0.264643 0.505076 0.090714 0.078680
0 0.631786 0.529188 0.106429 0.086294
0 0.892143 0.506980 0.101429 0.087563
0 0.931429 0.360406 0.088571 0.065990
0 0.512143 0.921320 0.025714 0.111675
0 0.578571 0.917513 0.027143 0.091371
0 0.607857 0.910533 0.024286 0.087563
0 0.638214 0.916878 0.027857 0.090102
0 0.690714 0.909264 0.037143 0.100254
0 0.093929 0.063452 0.017857 0.020305
0 0.623214 0.625000 0.035000 0.092640
0 0.587857 0.626269 0.034286 0.085025
0 0.023214 0.921954 0.037857 0.085025
