0 0.005714 0.154188 0.005714 0.006345
0 0.052143 0.171320 0.008571 0.005076
0 0.041429 0.175761 0.007143 0.006345
0 0.053214 0.184645 0.007857 0.006345
0 0.092500 0.184010 0.016429 0.012690
0 0.115357 0.062183 0.006429 0.005076
0 0.112143 0.066624 0.005714 0.003807
0 0.121071 0.223985 0.007857 0.008883
0 0.162143 0.411802 0.001429 0.008883
0 0.167857 0.542513 0.002857 0.008883
0 0.170714 0.541878 0.002857 0.010152
0 0.172143 0.539975 0.002857 0.008883
0 0.165357 0.544416 0.002143 0.010152
0 0.069286 0.606599 0.002857 0.010152
0 0.390714 0.929569 0.042857 0.092640
0 0.406071 0.889594 0.003571 0.020305
0 0.379286 0.911168 0.004286 0.017766
0 0.432857 0.870558 0.047143 0.081218
0 0.432857 0.846447 0.002857 0.015228
0 0.449643 0.827411 0.002143 0.010152
0 0.468571 0.810279 0.002857 0.011421
0 0.455000 0.827411 0.002857 0.010152
0 0.455357 0.819797 0.003571 0.010152
0 0.431429 0.785533 0.008571 0.012690
0 0.431786 0.784898 0.005000 0.008883
0 0.503571 0.794416 0.041429 0.076142
0 0.531429 0.739848 0.027143 0.068528
0 0.570714 0.965102 0.004286 0.019036
0 0.570000 0.964467 0.004286 0.012690
0 0.473214 0.951142 0.016429 0.026650
0 0.612857 0.872462 0.012857 0.039340
0 0.472143 0.920051 0.021429 0.030457
0 0.514643 0.842640 0.015000 0.030457
0 0.496786 0.888325 0.015000 0.025381
0 0.476071 0.893401 0.017857 0.030457
0 0.490000 0.853426 0.015714 0.029188
0 0.526786 0.806472 0.013571 0.024112
0 0.545357 0.748096 0.012143 0.024112
0 0.536429 0.776650 0.012857 0.025381
0 0.548929 0.779188 0.016429 0.040609
0 0.614643 0.763959 0.012143 0.025381
0 0.766071 0.951142 0.010714 0.034264
0 0.871786 0.937817 0.015000 0.035533
0 0.832143 0.693528 0.010000 0.019036
0 0.837143 0.728426 0.014286 0.022843
0 0.848929 0.760787 0.013571 0.026650
0 0.857857 0.800761 0.014286 0.027919
0 0.946786 0.969543 0.020714 0.043147
0 0.932857 0.919416 0.018571 0.039340
0 0.923214 0.882614 0.013571 0.026650
0 0.902857 0.802030 0.015714 0.032995
0 0.911429 0.838198 0.017143 0.034264
0 0.910000 0.659264 0.018571 0.021574
0 0.946786 0.785533 0.016429 0.015228
0 0.951071 0.798858 0.019286 0.019036
0 0.953214 0.815355 0.020714 0.021574
0 0.975000 0.869924 0.022857 0.024112
0 0.966786 0.852792 0.020714 0.022843
0 0.963571 0.836294 0.022857 0.020305
0 0.901786 0.488579 0.042143 0.038071
0 0.878929 0.475254 0.015000 0.013959
0 0.846429 0.508249 0.011429 0.013959
0 0.807857 0.541244 0.017143 0.011421
0 0.767500 0.515228 0.010714 0.017766
0 0.755357 0.477792 0.006429 0.016497
0 0.753929 0.448604 0.005000 0.013959
0 0.756071 0.415609 0.006429 0.013959
0 0.781786 0.457487 0.009286 0.029188
0 0.977500 0.394036 0.010714 0.021574
0 0.950000 0.361041 0.007143 0.011421
0 0.945714 0.302030 0.001429 0.010152
0 0.938214 0.307741 0.002143 0.006345
0 0.936071 0.308376 0.002143 0.005076
0 0.929643 0.321066 0.002143 0.005076
0 0.934643 0.341371 0.002143 0.007614
0 0.855000 0.244289 0.017143 0.057107
0 0.973929 0.270305 0.013571 0.012690
0 0.971071 0.262056 0.007857 0.006345
0 0.800000 0.226523 0.005714 0.008883
0 0.722500 0.057107 0.013571 0.010152
0 0.690714 0.052030 0.005714 0.005076
0 0.703929 0.058376 0.005000 0.005076
0 0.706071 0.066624 0.005000 0.003807
0 0.720000 0.168147 0.005714 0.006345
0 0.721071 0.194162 0.005000 0.007614
0 0.738571 0.216371 0.004286 0.008883
0 0.750000 0.235406 0.005714 0.011421
0 0.722857 0.238579 0.004286 0.007614
0 0.722857 0.250635 0.002857 0.008883
0 0.731071 0.260152 0.003571 0.007614
0 0.723571 0.268401 0.004286 0.008883
0 0.712857 0.272208 0.008571 0.024112
0 0.748214 0.311548 0.005000 0.013959
0 0.742857 0.303934 0.004286 0.008883
0 0.733571 0.313452 0.004286 0.010152
0 0.700714 0.315990 0.005714 0.010152
0 0.684286 0.333756 0.007143 0.010152
0 0.706071 0.337563 0.006429 0.010152
0 0.751786 0.333756 0.012143 0.035533
0 0.736429 0.353426 0.011429 0.034264
0 0.728929 0.407995 0.012143 0.041878
0 0.720000 0.345178 0.007143 0.017766
0 0.682143 0.366751 0.007143 0.010152
0 0.692500 0.394670 0.006429 0.010152
0 0.716429 0.398477 0.005714 0.012690
0 0.662857 0.418147 0.007143 0.011421
0 0.629643 0.465736 0.009286 0.012690
0 0.668571 0.434010 0.007143 0.010152
0 0.699643 0.455584 0.006429 0.015228
0 0.730000 0.462563 0.005714 0.019036
0 0.663929 0.477792 0.007857 0.011421
0 0.645714 0.533629 0.010000 0.016497
0 0.681071 0.477157 0.007857 0.020305
0 0.686429 0.496827 0.008571 0.019036
0 0.706786 0.512690 0.015000 0.050761
0 0.647500 0.593909 0.009286 0.025381
0 0.620714 0.606599 0.010000 0.017766
