0 0.367500 0.428095 0.019286 0.039048
0 0.383214 0.499048 0.020714 0.040000
0 0.441429 0.420000 0.020000 0.038095
0 0.578571 0.901905 0.041429 0.087619
0 0.400357 0.616667 0.027857 0.071429
0 0.391071 0.546190 0.030714 0.077143
0 0.432143 0.758571 0.034286 0.079048
0 0.449643 0.864762 0.035000 0.089524
0 0.600000 0.813333 0.010000 0.017143
0 0.414643 0.524762 0.006429 0.015238
0 0.365714 0.335238 0.005714 0.017143
0 0.372143 0.340000 0.004286 0.009524
0 0.377143 0.471429 0.015714 0.015238
0 0.374286 0.459524 0.015714 0.012381
0 0.372857 0.452857 0.018571 0.012381
