0 0.502857 0.581218 0.021429 0.086294
0 0.537857 0.539975 0.024286 0.092640
0 0.467857 0.642132 0.025714 0.101523
0 0.356429 0.633249 0.025714 0.088832
0 0.320000 0.637056 0.025714 0.088832
0 0.415000 0.232868 0.021429 0.064721
0 0.386429 0.269670 0.022857 0.072335
0 0.388571 0.156091 0.018571 0.055838
0 0.419286 0.112944 0.017143 0.058376
0 0.373929 0.414975 0.023571 0.050761
0 0.475714 0.161168 0.020000 0.065990
0 0.409286 0.375000 0.022857 0.077411
0 0.393929 0.538706 0.020714 0.074873
0 0.400714 0.031726 0.021429 0.058376
0 0.374643 0.841371 0.027857 0.104061
0 0.071071 0.302030 0.055000 0.038071
0 0.187500 0.303299 0.046429 0.032995
0 0.156786 0.380711 0.047857 0.045685
0 0.260000 0.310914 0.052857 0.045685
0 0.038214 0.328680 0.076429 0.055838
0 0.164286 0.330584 0.130000 0.069797
