0 0.614643 0.818571 0.056429 0.088571
0 0.548929 0.782381 0.049286 0.077143
0 0.622143 0.753810 0.061429 0.088571
0 0.551071 0.719048 0.050714 0.076190
0 0.495000 0.681429 0.045714 0.075238
0 0.495357 0.635714 0.043571 0.058095
0 0.525714 0.622857 0.041429 0.059048
0 0.439643 0.601429 0.037857 0.058095
0 0.455000 0.563810 0.037143 0.057143
0 0.418214 0.493810 0.035000 0.058095
0 0.375357 0.434286 0.033571 0.047619
0 0.347143 0.392381 0.025714 0.040000
0 0.377500 0.389048 0.026429 0.039048
0 0.625357 0.667143 0.119286 0.159048
0 0.512500 0.543333 0.106429 0.140000
0 0.433571 0.444286 0.075714 0.107619
0 0.304643 0.329048 0.055000 0.088571
0 0.226786 0.183333 0.019286 0.021905
0 0.577143 0.135714 0.021429 0.018095
0 0.593214 0.136190 0.017857 0.017143
0 0.925714 0.381429 0.034286 0.029524
0 0.878929 0.406190 0.007857 0.018095
0 0.682857 0.126190 0.061429 0.044762
0 0.696071 0.134286 0.056429 0.047619
0 0.637857 0.116667 0.057143 0.039048
0 0.286071 0.022857 0.009286 0.013333
0 0.415714 0.086667 0.012857 0.015238
0 0.425000 0.087143 0.004286 0.010476
0 0.425357 0.080000 0.003571 0.009524
0 0.288571 0.389048 0.010000 0.016190
0 0.210000 0.238571 0.007143 0.012381
0 0.160714 0.180000 0.007143 0.011429
0 0.286429 0.380952 0.007143 0.015238
0 0.208929 0.232857 0.006429 0.010476
0 0.158929 0.174762 0.005000 0.012381
