0 0.211071 0.903810 0.025000 0.059048
0 0.373214 0.633333 0.017857 0.030476
0 0.453214 0.458095 0.015000 0.040000
0 0.649643 0.466667 0.016429 0.030476
0 0.156429 0.060952 0.010000 0.022857
0 0.217500 0.565714 0.022143 0.026667
0 0.251429 0.514286 0.018571 0.022857
0 0.132500 0.068571 0.013571 0.022857
0 0.452143 0.472381 0.012857 0.040000
0 0.641786 0.481429 0.033571 0.035238
0 0.373571 0.648571 0.018571 0.055238
0 0.229286 0.587143 0.030000 0.039048
0 0.158214 0.070476 0.016429 0.024762
0 0.134286 0.081905 0.018571 0.030476
0 0.261429 0.533810 0.034286 0.037143
0 0.232500 0.376190 0.076429 0.089524
0 0.237143 0.110952 0.054286 0.054286
0 0.347143 0.214286 0.045714 0.055238
0 0.856786 0.250476 0.065000 0.068571
0 0.908214 0.274762 0.059286 0.077143
0 0.565357 0.326190 0.053571 0.035238
0 0.467500 0.293333 0.049286 0.040000
0 0.210714 0.870952 0.090000 0.115238
0 0.311429 0.675714 0.017143 0.033333
0 0.168929 0.806190 0.022143 0.037143
0 0.153929 0.779048 0.025000 0.040000
0 0.448929 0.283333 0.006429 0.042857
0 0.435357 0.185238 0.015000 0.039048
0 0.576429 0.303810 0.011429 0.038095
0 0.392857 0.031429 0.014286 0.030476
0 0.572143 0.239048 0.011429 0.040000
0 0.556786 0.274286 0.012143 0.036190
0 0.643571 0.267143 0.010000 0.040952
0 0.657500 0.269048 0.010714 0.050476
0 0.261786 0.679048 0.022143 0.051429
0 0.070000 0.863810 0.031429 0.043810
0 0.131786 0.893333 0.030714 0.034286
0 0.103571 0.845238 0.030000 0.035238
0 0.087143 0.772381 0.032857 0.047619
0 0.235714 0.703333 0.020000 0.050476
0 0.198214 0.697143 0.030714 0.049524
0 0.213214 0.677143 0.027857 0.051429
0 0.149286 0.656667 0.037143 0.048571
0 0.069286 0.725714 0.138571 0.228571
0 0.672500 0.265714 0.037857 0.051429
0 0.399643 0.230952 0.045000 0.044762
0 0.492857 0.249048 0.048571 0.071429
0 0.756071 0.137619 0.053571 0.046667
0 0.778214 0.123810 0.043571 0.040000
0 0.633929 0.081905 0.045000 0.053333
0 0.551429 0.213810 0.070000 0.063810
0 0.525000 0.192381 0.067143 0.051429
0 0.494643 0.170476 0.070714 0.047619
0 0.494286 0.143810 0.065714 0.045714
0 0.444643 0.142381 0.059286 0.048571
0 0.421429 0.120476 0.060000 0.037143
0 0.402500 0.106190 0.059286 0.044762
0 0.379286 0.089524 0.058571 0.041905
0 0.361429 0.078095 0.054286 0.038095
0 0.343571 0.066667 0.041429 0.040000
0 0.567500 0.120952 0.056429 0.051429
0 0.672857 0.116667 0.054286 0.048571
0 0.638929 0.220476 0.072143 0.052381
0 0.667143 0.202857 0.064286 0.051429
0 0.685000 0.183810 0.071429 0.060952
0 0.715357 0.168571 0.066429 0.047619
0 0.730714 0.154286 0.064286 0.049524
0 0.788571 0.114286 0.054286 0.040000
0 0.783929 0.100000 0.066429 0.038095
0 0.818571 0.095714 0.057143 0.035238
0 0.836071 0.084762 0.056429 0.041905
0 0.917500 0.029048 0.050714 0.029524
0 0.895357 0.044762 0.036429 0.034286
0 0.871786 0.060476 0.045000 0.046667
0 0.776429 0.020952 0.050000 0.038095
0 0.749643 0.022381 0.047857 0.042857
0 0.731071 0.023810 0.046429 0.047619
0 0.677857 0.052857 0.051429 0.046667
0 0.673929 0.072857 0.046429 0.048571
0 0.656429 0.068571 0.050000 0.047619
0 0.605357 0.049048 0.052143 0.050476
0 0.188929 0.020476 0.010714 0.035238
0 0.317857 0.220000 0.010000 0.041905
0 0.449643 0.070000 0.006429 0.033333
0 0.556429 0.068571 0.014286 0.020952
0 0.588571 0.108571 0.057143 0.053333
0 0.612857 0.099048 0.058571 0.051429
0 0.536429 0.279048 0.008571 0.028571
