0 0.386071 0.251904 0.037857 0.074873
0 0.431071 0.236041 0.036429 0.076142
0 0.498571 0.037437 0.032857 0.067259
0 0.799286 0.159264 0.031429 0.077411
0 0.733929 0.894036 0.040714 0.102792
0 0.913571 0.894036 0.058571 0.085025
0 0.927500 0.839467 0.062143 0.082487
0 0.943929 0.789340 0.069286 0.086294
0 0.965000 0.686548 0.060000 0.081218
0 0.970000 0.630076 0.041429 0.077411
0 0.812857 0.793147 0.038571 0.096447
0 0.780357 0.737944 0.045000 0.105330
0 0.861429 0.609137 0.037143 0.093909
0 0.817143 0.579949 0.041429 0.098985
0 0.709286 0.619924 0.037143 0.082487
0 0.868929 0.362944 0.037857 0.098985
0 0.961429 0.284898 0.042857 0.090102
0 0.907857 0.239213 0.040000 0.090102
0 0.923214 0.121193 0.032143 0.072335
