0 0.285230 0.153525 0.044363 0.115955
0 0.223643 0.433673 0.048539 0.145640
0 0.149791 0.753711 0.070981 0.193878
0 0.464509 0.515770 0.052192 0.179963
0 0.345511 0.738868 0.055324 0.179035
0 0.588727 0.353896 0.026096 0.021336
0 0.587944 0.327458 0.060021 0.050093
0 0.537056 0.374304 0.028184 0.017625
0 0.535230 0.363636 0.023486 0.018553
0 0.595772 0.476345 0.053758 0.047310
0 0.578810 0.575139 0.036534 0.025974
0 0.523225 0.673933 0.032881 0.026902
0 0.658664 0.553803 0.008351 0.027829
0 0.663883 0.545455 0.010438 0.029685
0 0.497912 0.862245 0.078288 0.054731
0 0.579593 0.892393 0.032881 0.029685
0 0.582463 0.942486 0.040710 0.031540
0 0.775052 0.891002 0.012526 0.073284
