0 0.136429 0.062381 0.051429 0.100000
0 0.158929 0.114286 0.017857 0.047619
0 0.116429 0.140000 0.021429 0.028571
0 0.200357 0.073810 0.045000 0.103810
0 0.238929 0.269048 0.060714 0.103810
0 0.176071 0.301429 0.057857 0.124762
0 0.110714 0.318571 0.057143 0.130476
0 0.666429 0.080000 0.012857 0.041905
0 0.681429 0.113810 0.032857 0.029524
0 0.686071 0.102857 0.013571 0.055238
0 0.683929 0.090476 0.007857 0.026667
0 0.804286 0.045714 0.105714 0.066667
0 0.922143 0.083333 0.020000 0.052381
0 0.838214 0.244762 0.093571 0.104762
0 0.813571 0.363810 0.087143 0.144762
0 0.677143 0.791429 0.168571 0.135238
0 0.655357 0.660000 0.156429 0.121905
0 0.605714 0.555714 0.148571 0.107619
0 0.460000 0.648095 0.072857 0.174286
0 0.370000 0.676667 0.072857 0.199048
0 0.263214 0.672381 0.073571 0.200000
0 0.171786 0.805238 0.085000 0.227619
