0 0.859864 0.708720 0.044363 0.115028
0 0.982516 0.645176 0.030793 0.056586
0 0.921712 0.444805 0.029228 0.039889
0 0.965553 0.487013 0.029228 0.051948
0 0.914144 0.357143 0.025574 0.040816
0 0.823852 0.192486 0.005741 0.019481
0 0.876044 0.128015 0.004697 0.018553
0 0.870042 0.119666 0.005219 0.016698
0 0.292276 0.725417 0.036534 0.061224
0 0.270877 0.551020 0.038622 0.046382
0 0.364301 0.440631 0.033403 0.040816
0 0.489301 0.469388 0.006785 0.025974
0 0.562891 0.259740 0.004697 0.020408
0 0.565762 0.273655 0.003132 0.020408
0 0.492171 0.262059 0.030271 0.028757
0 0.499478 0.250000 0.028184 0.026902
0 0.410491 0.306122 0.029749 0.035250
0 0.445198 0.247217 0.015658 0.023191
0 0.406576 0.215213 0.021921 0.029685
0 0.395616 0.206865 0.021921 0.027829
0 0.627871 0.094156 0.016701 0.023191
0 0.646138 0.082096 0.020877 0.017625
0 0.665971 0.067718 0.020877 0.020408
0 0.661534 0.029685 0.018267 0.018553
0 0.675365 0.019481 0.019833 0.016698
0 0.143789 0.392393 0.006785 0.020408
0 0.150574 0.391002 0.004697 0.013915
0 0.105428 0.439239 0.024008 0.041744
0 0.066284 0.345547 0.022965 0.034323
