0 0.497912 0.787106 0.029228 0.108534
0 0.542015 0.848794 0.034969 0.096475
0 0.548017 0.362709 0.022965 0.044527
0 0.703288 0.649814 0.064196 0.054731
0 0.695720 0.587199 0.049061 0.040816
0 0.659969 0.286642 0.044363 0.035250
0 0.588727 0.797774 0.015658 0.051948
0 0.622390 0.731911 0.047495 0.202226
0 0.147965 0.753247 0.040188 0.044527
0 0.570198 0.485158 0.018267 0.063080
0 0.738779 0.981911 0.057933 0.034323
0 0.780010 0.934601 0.021399 0.041744
0 0.787056 0.782004 0.009395 0.022263
0 0.620825 0.044063 0.030793 0.025046
0 0.710334 0.541744 0.037578 0.029685
0 0.667276 0.252319 0.017223 0.031540
0 0.658925 0.121058 0.017223 0.015770
0 0.567589 0.617811 0.018267 0.055659
0 0.272443 0.764842 0.041754 0.043599
0 0.340553 0.937848 0.008873 0.040816
