0 0.101253 0.713358 0.009395 0.014842
0 0.106211 0.710575 0.009916 0.011132
0 0.284447 0.577458 0.009395 0.017625
0 0.292797 0.552876 0.011482 0.012987
0 0.375783 0.487013 0.009395 0.011132
0 0.405010 0.460111 0.011482 0.007421
0 0.418580 0.448516 0.010438 0.010204
0 0.435282 0.427180 0.007307 0.006494
0 0.438674 0.426716 0.005741 0.005566
0 0.464248 0.485622 0.004697 0.010204
0 0.464248 0.485158 0.002610 0.007421
0 0.559499 0.379870 0.005219 0.010204
0 0.570981 0.382653 0.005219 0.012059
0 0.563413 0.380334 0.003653 0.007421
0 0.575939 0.399351 0.006785 0.004638
0 0.567328 0.387755 0.002088 0.003711
0 0.566545 0.391929 0.001566 0.002783
0 0.577244 0.426252 0.010438 0.015770
0 0.570459 0.427644 0.007307 0.012987
0 0.582203 0.442950 0.018267 0.015770
0 0.561065 0.406308 0.003132 0.005566
0 0.555324 0.416512 0.007307 0.007421
0 0.555063 0.411874 0.002610 0.005566
0 0.555063 0.412338 0.002610 0.004638
0 0.562109 0.441095 0.006263 0.012059
0 0.551931 0.440631 0.007829 0.020408
0 0.555063 0.434601 0.004697 0.008349
0 0.556367 0.431354 0.002088 0.003711
0 0.556628 0.429963 0.001566 0.004638
0 0.569415 0.438312 0.006263 0.013915
0 0.569937 0.455473 0.008351 0.029685
0 0.544885 0.475881 0.006263 0.011132
0 0.543058 0.512523 0.014092 0.012059
0 0.541754 0.500000 0.005219 0.012987
0 0.550104 0.500000 0.004175 0.007421
0 0.534447 0.519944 0.003132 0.012059
0 0.539405 0.521336 0.002610 0.009276
0 0.540188 0.522727 0.005219 0.006494
0 0.550887 0.538033 0.002610 0.007421
0 0.550626 0.540816 0.004175 0.009276
0 0.537056 0.540816 0.013570 0.012987
0 0.537839 0.536178 0.013048 0.011132
0 0.567850 0.568646 0.010438 0.020408
0 0.523225 0.615955 0.012004 0.018553
0 0.526618 0.611781 0.016701 0.017625
0 0.539666 0.628942 0.004175 0.012987
0 0.539927 0.632189 0.004697 0.012059
0 0.558977 0.675788 0.017745 0.075139
0 0.576200 0.748145 0.011482 0.028757
0 0.539144 0.718460 0.006263 0.017625
0 0.539405 0.714286 0.004697 0.018553
0 0.489301 0.788497 0.006785 0.025974
0 0.498173 0.808442 0.005741 0.025046
0 0.508873 0.813544 0.005219 0.024119
0 0.502088 0.794991 0.026096 0.035250
0 0.479645 0.958256 0.037578 0.053803
0 0.641701 0.758349 0.005741 0.019481
0 0.641180 0.753247 0.004697 0.018553
0 0.676148 0.697588 0.003653 0.018553
0 0.623695 0.638683 0.004175 0.013915
0 0.623956 0.641002 0.003653 0.012987
0 0.620042 0.652597 0.004175 0.019481
0 0.628914 0.616419 0.004175 0.017625
0 0.634916 0.462430 0.005741 0.012059
0 0.626566 0.473562 0.009916 0.023191
0 0.622912 0.474026 0.012004 0.009276
0 0.681628 0.508813 0.059499 0.026902
0 0.705898 0.486085 0.044363 0.024119
0 0.730167 0.491187 0.031315 0.017625
0 0.732777 0.498145 0.036534 0.022263
0 0.756263 0.487941 0.036534 0.022263
0 0.769311 0.492115 0.042797 0.021336
0 0.776357 0.495362 0.049582 0.018553
0 0.783142 0.502783 0.043319 0.020408
0 0.790188 0.505566 0.044885 0.020408
0 0.795668 0.511596 0.043319 0.023191
0 0.762265 0.531076 0.029749 0.034323
0 0.777662 0.531540 0.028184 0.031540
0 0.788100 0.549165 0.019833 0.012987
0 0.155793 0.810297 0.075678 0.106679
0 0.630480 0.690167 0.009395 0.018553
0 0.864823 0.500928 0.027140 0.024119
0 0.895616 0.499072 0.036534 0.022263
