0 0.363214 0.954315 0.007857 0.012690
0 0.362857 0.956853 0.007143 0.022843
0 0.375714 0.993020 0.005714 0.008883
0 0.414643 0.893401 0.022143 0.076142
0 0.433929 0.098350 0.053571 0.059645
0 0.495000 0.056472 0.064286 0.067259
0 0.505357 0.097081 0.027857 0.024112
0 0.573571 0.080584 0.017143 0.031726
0 0.613214 0.020939 0.013571 0.029188
0 0.562500 0.278553 0.016429 0.036802
0 0.617143 0.416878 0.017143 0.046954
0 0.522857 0.440990 0.017143 0.044416
0 0.502143 0.442259 0.017143 0.044416
0 0.510357 0.552665 0.019286 0.052030
0 0.553214 0.725888 0.019286 0.063452
0 0.430000 0.795685 0.022857 0.063452
0 0.490714 0.832487 0.022857 0.071066
0 0.458929 0.880076 0.020714 0.072335
0 0.452500 0.685914 0.022143 0.059645
0 0.462500 0.753807 0.029286 0.096447
0 0.481071 0.552665 0.020714 0.059645
0 0.505000 0.663706 0.022857 0.086294
0 0.539286 0.343909 0.021429 0.076142
0 0.575714 0.182741 0.020000 0.055838
0 0.603929 0.128173 0.015000 0.035533
0 0.580357 0.123731 0.017857 0.036802
0 0.599643 0.062183 0.016429 0.038071
0 0.662143 0.022208 0.014286 0.031726
0 0.680714 0.019670 0.014286 0.034264
0 0.716429 0.149112 0.028571 0.021574
0 0.730714 0.043147 0.011429 0.030457
0 0.715357 0.031091 0.023571 0.062183
0 0.832500 0.011421 0.005000 0.015228
0 0.954643 0.288706 0.027857 0.034264
0 0.883571 0.343909 0.035714 0.035533
0 0.837857 0.309645 0.045714 0.045685
0 0.873214 0.303934 0.046429 0.046954
0 0.833214 0.284898 0.029286 0.024112
0 0.836786 0.265228 0.032143 0.035533
