0 0.596071 0.450000 0.046429 0.069524
0 0.381429 0.130476 0.044286 0.060952
0 0.328571 0.143810 0.041429 0.028571
0 0.918214 0.884286 0.012143 0.016190
0 0.739643 0.628571 0.009286 0.020952
0 0.738929 0.630476 0.022143 0.028571
0 0.912143 0.879048 0.025714 0.030476
0 0.958571 0.285238 0.034286 0.039048
0 0.931786 0.264286 0.032143 0.035238
0 0.917500 0.245714 0.036429 0.034286
0 0.896071 0.221905 0.033571 0.034286
0 0.862143 0.187619 0.032857 0.026667
0 0.849643 0.165714 0.035000 0.030476
0 0.827857 0.150000 0.030000 0.033333
0 0.817143 0.129524 0.032857 0.030476
0 0.790357 0.108571 0.026429 0.030476
0 0.686071 0.067143 0.083571 0.090476
0 0.581429 0.065238 0.104286 0.120952
