0 0.837857 0.919048 0.058571 0.133333
0 0.491786 0.074762 0.020714 0.042857
0 0.661429 0.099048 0.020000 0.032381
0 0.774286 0.543810 0.087143 0.222857
0 0.614643 0.020476 0.012143 0.027619
0 0.176429 0.061429 0.025714 0.029524
0 0.192857 0.036190 0.017143 0.040000
0 0.063929 0.541905 0.079286 0.100952
0 0.129643 0.103333 0.026429 0.029524
0 0.101071 0.237619 0.020714 0.018095
0 0.063214 0.237619 0.020714 0.018095
0 0.173214 0.262857 0.019286 0.024762
0 0.578929 0.016190 0.006429 0.015238
0 0.312857 0.282857 0.008571 0.026667
0 0.305000 0.281905 0.008571 0.028571
0 0.081071 0.407143 0.015000 0.033333
0 0.066786 0.410000 0.013571 0.027619
0 0.273571 0.632381 0.014286 0.020952
0 0.647857 0.161905 0.007143 0.013333
0 0.723571 0.194762 0.008571 0.016190
0 0.382857 0.181905 0.005714 0.017143
0 0.698571 0.083333 0.005714 0.016190
0 0.735714 0.075238 0.005714 0.017143
0 0.722500 0.199048 0.007857 0.020952
0 0.647857 0.165714 0.005714 0.019048
0 0.274286 0.641429 0.020000 0.035238
0 0.364643 0.211429 0.005000 0.022857
0 0.450357 0.089524 0.005000 0.009524
0 0.382500 0.187619 0.006429 0.017143
0 0.754643 0.066190 0.013571 0.025714
0 0.778214 0.122381 0.023571 0.033333
0 0.788929 0.189048 0.022143 0.035238
0 0.795000 0.220000 0.038571 0.036190
0 0.858929 0.629524 0.016429 0.028571
0 0.848929 0.625714 0.012143 0.028571
0 0.862857 0.614286 0.015714 0.028571
0 0.793571 0.482857 0.011429 0.019048
0 0.811786 0.575238 0.017857 0.015238
0 0.814286 0.566190 0.011429 0.018095
0 0.809643 0.549048 0.012143 0.020000
