0 0.541071 0.619924 0.017857 0.057107
0 0.512500 0.570431 0.017857 0.049492
0 0.451786 0.448604 0.012143 0.034264
0 0.460357 0.288071 0.010714 0.025381
0 0.527143 0.244289 0.011429 0.031726
0 0.544286 0.229061 0.010000 0.031726
0 0.527857 0.149112 0.010000 0.024112
0 0.478214 0.026015 0.005000 0.011421
0 0.557143 0.452411 0.012857 0.034264
0 0.576786 0.740482 0.019286 0.072335
0 0.437857 0.752538 0.017143 0.053299
0 0.473571 0.520305 0.015714 0.045685
0 0.550000 0.755711 0.020000 0.077411
0 0.537500 0.456218 0.013571 0.049492
0 0.530714 0.340736 0.014286 0.036802
0 0.477143 0.337563 0.014286 0.035533
0 0.526429 0.187183 0.010000 0.031726
0 0.500000 0.154188 0.010000 0.021574
0 0.521071 0.032360 0.006429 0.011421
0 0.505357 0.020939 0.006429 0.019036
0 0.462500 0.083756 0.006429 0.017766
0 0.519643 0.076142 0.009286 0.022843
0 0.503571 0.097716 0.010000 0.027919
0 0.502143 0.133249 0.010000 0.032995
0 0.513929 0.132614 0.007857 0.031726
0 0.466786 0.137690 0.013571 0.041878
0 0.687857 0.243655 0.027143 0.017766
