0 0.013570 0.392857 0.025052 0.052876
0 0.203288 0.187384 0.024530 0.061224
0 0.471555 0.223098 0.009916 0.019481
0 0.472860 0.217996 0.005219 0.018553
0 0.390658 0.153989 0.069415 0.050093
0 0.483299 0.135436 0.100209 0.059369
0 0.538100 0.141466 0.005219 0.019481
0 0.571242 0.044991 0.003653 0.017625
0 0.492171 0.079314 0.050104 0.047310
0 0.598121 0.055659 0.009395 0.012987
0 0.476775 0.274119 0.018267 0.041744
0 0.553497 0.252319 0.020355 0.040816
0 0.647443 0.713358 0.052714 0.046382
0 0.647443 0.761132 0.047495 0.045455
0 0.671712 0.960111 0.059499 0.050093
0 0.766180 0.056586 0.005219 0.016698
