0 0.340357 0.109048 0.012143 0.039048
0 0.214286 0.284286 0.018571 0.039048
0 0.197857 0.300476 0.018571 0.031429
0 0.292500 0.213333 0.035000 0.081905
0 0.205714 0.091905 0.032857 0.067619
0 0.192857 0.140476 0.041429 0.069524
0 0.175000 0.200000 0.041429 0.078095
0 0.153571 0.301429 0.052857 0.088571
0 0.123929 0.394286 0.066429 0.108571
0 0.088571 0.500952 0.067143 0.127619
0 0.120357 0.551905 0.019286 0.050476
0 0.125714 0.532857 0.025714 0.035238
0 0.107143 0.737619 0.087143 0.162857
0 0.044643 0.666667 0.079286 0.156190
0 0.408929 0.137143 0.027857 0.070476
0 0.517857 0.018095 0.064286 0.032381
0 0.527143 0.042381 0.065714 0.035238
0 0.571071 0.068095 0.052143 0.037143
0 0.597143 0.010952 0.025714 0.018095
0 0.491786 0.061429 0.073571 0.056190
0 0.551071 0.096190 0.075000 0.051429
0 0.612500 0.131429 0.065000 0.043810
0 0.453929 0.073333 0.013571 0.034286
0 0.668214 0.279524 0.082143 0.046667
0 0.697857 0.337143 0.087143 0.066667
0 0.585000 0.380000 0.042857 0.081905
0 0.610714 0.337143 0.011429 0.041905
0 0.536786 0.390000 0.047857 0.092381
0 0.516429 0.298095 0.048571 0.089524
0 0.371429 0.363810 0.042857 0.114286
0 0.622857 0.834762 0.080000 0.178095
0 0.693214 0.815238 0.072143 0.167619
0 0.769286 0.500952 0.041429 0.026667
0 0.764286 0.480000 0.035714 0.032381
0 0.807500 0.580952 0.116429 0.076190
0 0.839643 0.656190 0.116429 0.072381
0 0.888214 0.707619 0.037857 0.038095
0 0.795714 0.879048 0.097143 0.207619
