0 0.032857 0.295714 0.024286 0.037143
0 0.097500 0.208571 0.016429 0.034286
0 0.113929 0.035714 0.012143 0.025714
0 0.175000 0.069048 0.014286 0.027619
0 0.185714 0.094762 0.038571 0.044762
0 0.268214 0.096667 0.026429 0.040952
0 0.307857 0.164286 0.037143 0.065714
0 0.153214 0.308095 0.016429 0.035238
0 0.137143 0.317619 0.017143 0.039048
0 0.151071 0.229524 0.016429 0.038095
0 0.263571 0.367619 0.018571 0.032381
0 0.256786 0.345238 0.015000 0.025714
0 0.055714 0.236667 0.017143 0.037143
0 0.042857 0.238095 0.012857 0.040000
0 0.171786 0.520000 0.023571 0.041905
0 0.100357 0.640952 0.025000 0.051429
0 0.561786 0.796190 0.125000 0.226667
0 0.391071 0.369524 0.067857 0.095238
0 0.526786 0.234286 0.050714 0.062857
0 0.444643 0.119048 0.037857 0.040000
0 0.362143 0.069048 0.031429 0.040952
0 0.331071 0.034762 0.029286 0.037143
0 0.635000 0.093333 0.008571 0.038095
0 0.643214 0.091429 0.009286 0.032381
0 0.728214 0.027619 0.046429 0.032381
0 0.674643 0.168571 0.047857 0.047619
0 0.773929 0.048095 0.049286 0.035238
0 0.810357 0.099524 0.053571 0.037143
0 0.806786 0.159524 0.067857 0.042857
0 0.762143 0.170476 0.014286 0.045714
0 0.823929 0.244286 0.012143 0.046667
0 0.828214 0.190476 0.012143 0.030476
0 0.762143 0.301429 0.020000 0.035238
0 0.756429 0.283810 0.012857 0.030476
0 0.928571 0.259048 0.077143 0.051429
0 0.344286 0.783810 0.072857 0.152381
0 0.733571 0.421429 0.024286 0.035238
0 0.733571 0.401429 0.017143 0.050476
