0 0.202857 0.505714 0.088571 0.161905
0 0.759643 0.958571 0.057857 0.080952
0 0.477857 0.671905 0.018571 0.050476
0 0.491429 0.620952 0.020000 0.047619
0 0.510357 0.590476 0.023571 0.045714
0 0.406429 0.577619 0.025714 0.052381
0 0.323929 0.501429 0.019286 0.044762
0 0.312857 0.488095 0.017143 0.046667
0 0.324286 0.488095 0.011429 0.025714
0 0.481429 0.457143 0.025714 0.057143
0 0.463929 0.409524 0.019286 0.055238
0 0.456429 0.375238 0.014286 0.043810
0 0.477500 0.324286 0.036429 0.039048
0 0.428929 0.233810 0.026429 0.035238
0 0.350714 0.184286 0.024286 0.033333
0 0.367500 0.174762 0.030714 0.040952
0 0.163929 0.062381 0.017857 0.031429
0 0.163214 0.057143 0.020714 0.034286
0 0.169643 0.051905 0.015000 0.033333
0 0.168929 0.037619 0.015000 0.035238
0 0.418929 0.507619 0.132143 0.108571
0 0.394643 0.441905 0.109286 0.102857
0 0.371071 0.394286 0.097857 0.085714
0 0.357143 0.349524 0.104286 0.087619
0 0.331786 0.306667 0.105000 0.081905
0 0.322500 0.267619 0.103571 0.068571
0 0.285714 0.202857 0.090000 0.066667
0 0.481786 0.240000 0.012143 0.043810
0 0.256429 0.120000 0.082857 0.060952
0 0.333214 0.050000 0.015000 0.023810
0 0.247143 0.091429 0.077143 0.059048
0 0.242857 0.070476 0.077143 0.045714
0 0.232857 0.053810 0.070000 0.046667
0 0.215714 0.037143 0.070000 0.043810
