0 0.301148 0.026438 0.013570 0.025046
0 0.262526 0.036178 0.015658 0.027829
0 0.288361 0.074675 0.017223 0.028757
0 0.309238 0.062616 0.016180 0.025046
0 0.323069 0.086735 0.018789 0.030612
0 0.343163 0.155380 0.025574 0.038033
0 0.333246 0.257421 0.025574 0.041744
0 0.371868 0.240724 0.024530 0.045455
0 0.395616 0.140538 0.022965 0.030612
0 0.290971 0.025974 0.003653 0.014842
0 0.323069 0.019481 0.018789 0.016698
0 0.430324 0.138219 0.019311 0.018553
0 0.430585 0.124304 0.004175 0.012987
0 0.440762 0.129406 0.003653 0.013915
0 0.465553 0.319573 0.030271 0.049165
0 0.444676 0.288497 0.026096 0.038961
0 0.568372 0.596939 0.040710 0.078850
0 0.597077 0.615955 0.038622 0.077922
0 0.633351 0.646568 0.041232 0.079777
0 0.506524 0.531076 0.043319 0.073284
0 0.865866 0.575603 0.050104 0.075139
0 0.776096 0.550557 0.005219 0.023191
0 0.788622 0.544527 0.007307 0.024119
