0 0.416754 0.106215 0.027662 0.073284
0 0.410752 0.178571 0.027140 0.071429
0 0.532098 0.071892 0.023486 0.082560
0 0.390136 0.317718 0.041232 0.108534
0 0.513309 0.253711 0.027662 0.091837
0 0.374217 0.430427 0.035491 0.102041
0 0.365344 0.509276 0.020877 0.035250
0 0.564979 0.165584 0.021399 0.034323
0 0.635699 0.337662 0.025052 0.027829
0 0.530010 0.580241 0.005741 0.032468
0 0.663100 0.526438 0.018267 0.017625
0 0.645877 0.505566 0.019311 0.029685
0 0.655271 0.607607 0.025574 0.027829
0 0.627610 0.578850 0.026618 0.027829
0 0.655793 0.570501 0.021399 0.020408
0 0.644833 0.536178 0.037056 0.048237
0 0.639614 0.640538 0.053758 0.038033
0 0.629958 0.694805 0.049061 0.055659
0 0.620825 0.724026 0.031837 0.051020
0 0.650574 0.676716 0.036013 0.023191
0 0.668058 0.819573 0.034447 0.023191
0 0.674582 0.706401 0.033925 0.032468
0 0.665971 0.857607 0.032359 0.026902
0 0.659447 0.970779 0.041232 0.036178
0 0.558455 0.940167 0.031315 0.030612
0 0.485647 0.807978 0.114301 0.152134
0 0.303236 0.905380 0.054280 0.161410
0 0.328288 0.746289 0.040710 0.110390
0 0.349165 0.608534 0.043841 0.126160
0 0.718163 0.108071 0.007307 0.032468
0 0.686065 0.121985 0.021399 0.017625
0 0.718685 0.093228 0.020877 0.021336
0 0.688674 0.160019 0.023486 0.017625
0 0.706942 0.548701 0.027662 0.089981
