0 0.077857 0.437143 0.101429 0.121905
0 0.149643 0.377619 0.106429 0.115238
0 0.211429 0.336190 0.092857 0.108571
0 0.425357 0.428095 0.119286 0.124762
0 0.311071 0.330476 0.117857 0.129524
0 0.460000 0.333333 0.018571 0.043810
0 0.424643 0.355238 0.022143 0.047619
0 0.330714 0.249048 0.020000 0.037143
0 0.383571 0.283333 0.032857 0.040952
0 0.368214 0.257619 0.017857 0.039048
0 0.276429 0.241905 0.025714 0.043810
0 0.307857 0.200952 0.022857 0.049524
0 0.228571 0.131429 0.100000 0.080000
0 0.066429 0.094286 0.035714 0.053333
0 0.598214 0.139048 0.107857 0.100952
0 0.678929 0.126667 0.097857 0.081905
0 0.755000 0.240952 0.122857 0.093333
0 0.932857 0.268571 0.125714 0.108571
0 0.796071 0.633810 0.036429 0.065714
0 0.856429 0.593333 0.042857 0.057143
0 0.560714 0.391905 0.021429 0.050476
0 0.403929 0.762381 0.027857 0.046667
0 0.594286 0.351905 0.117143 0.138095
