0 0.107857 0.392766 0.007143 0.024112
0 0.092500 0.434010 0.009286 0.022843
0 0.084643 0.531726 0.009286 0.020305
0 0.093571 0.543782 0.007143 0.016497
0 0.225000 0.597081 0.007143 0.021574
0 0.258571 0.397843 0.040000 0.036802
0 0.242857 0.465736 0.018571 0.068528
0 0.267857 0.462563 0.018571 0.069797
0 0.229286 0.641497 0.020000 0.090102
0 0.277857 0.597716 0.018571 0.086294
0 0.228214 0.730330 0.019286 0.062183
0 0.376071 0.366117 0.036429 0.029188
0 0.436071 0.333122 0.016429 0.059645
0 0.457857 0.317259 0.018571 0.053299
0 0.632143 0.426396 0.008571 0.022843
0 0.637143 0.405457 0.005714 0.021574
0 0.723214 0.370558 0.009286 0.020305
0 0.946429 0.496193 0.038571 0.050761
0 0.946071 0.563452 0.049286 0.040609
0 0.949643 0.596447 0.049286 0.038071
0 0.436071 0.720812 0.029286 0.086294
0 0.231071 0.937183 0.025000 0.092640
0 0.051429 0.638959 0.012857 0.024112
