0 0.595357 0.815714 0.032143 0.073333
0 0.717500 0.363333 0.020714 0.029524
0 0.735714 0.330000 0.028571 0.020000
0 0.756071 0.293333 0.029286 0.015238
0 0.814643 0.302381 0.020714 0.016190
0 0.790714 0.338571 0.042857 0.027619
0 0.857143 0.280952 0.045714 0.024762
0 0.853214 0.250000 0.026429 0.029524
0 0.831429 0.248095 0.025714 0.035238
0 0.791786 0.321429 0.077857 0.035238
0 0.816786 0.250476 0.023571 0.032381
0 0.472857 0.199048 0.015714 0.032381
0 0.939643 0.283333 0.006429 0.014286
0 0.727143 0.410000 0.022857 0.027619
0 0.485357 0.240000 0.005000 0.009524
0 0.456429 0.176190 0.004286 0.009524
0 0.456429 0.189524 0.005714 0.011429
0 0.452143 0.105714 0.007143 0.011429
0 0.441429 0.073810 0.005714 0.010476
0 0.422500 0.059524 0.006429 0.008571
