0 0.960357 0.631980 0.023571 0.058376
0 0.935357 0.611041 0.023571 0.049492
0 0.911071 0.597716 0.025000 0.050761
0 0.887143 0.586929 0.022857 0.044416
0 0.835714 0.590102 0.028571 0.038071
0 0.818571 0.596447 0.035714 0.043147
0 0.345714 0.955584 0.032857 0.078680
0 0.501429 0.913071 0.021429 0.079949
0 0.606786 0.744924 0.019286 0.065990
0 0.471071 0.559645 0.022143 0.043147
0 0.497500 0.456853 0.017857 0.030457
0 0.613571 0.263959 0.011429 0.025381
0 0.560000 0.255711 0.015714 0.026650
0 0.646071 0.232234 0.012143 0.025381
0 0.656429 0.159264 0.011429 0.016497
0 0.643929 0.126904 0.010714 0.015228
0 0.678929 0.078046 0.009286 0.016497
