0 0.435000 0.061548 0.012857 0.054569
0 0.402857 0.098985 0.014286 0.058376
0 0.432857 0.195431 0.014286 0.050761
0 0.429286 0.260787 0.012857 0.054569
0 0.395357 0.376904 0.016429 0.076142
0 0.388929 0.447335 0.015000 0.059645
0 0.415714 0.712563 0.028571 0.024112
0 0.421071 0.750000 0.030714 0.025381
0 0.467143 0.712563 0.032857 0.026650
0 0.523929 0.713198 0.033571 0.022843
0 0.584286 0.715736 0.030000 0.025381
0 0.661071 0.711294 0.033571 0.029188
0 0.667143 0.750635 0.035714 0.026650
0 0.302143 0.898477 0.030000 0.131980
0 0.780000 0.726523 0.037143 0.029188
0 0.851071 0.719543 0.039286 0.027919
0 0.858929 0.763325 0.065000 0.039340
0 0.951071 0.765863 0.062143 0.049492
0 0.977857 0.716371 0.040000 0.034264
0 0.382143 0.548858 0.005714 0.011421
0 0.391786 0.559645 0.005000 0.010152
0 0.357500 0.758883 0.009286 0.012690
0 0.365357 0.741117 0.007857 0.012690
0 0.376071 0.714467 0.005000 0.012690
0 0.370000 0.687817 0.005714 0.010152
0 0.369643 0.644670 0.005000 0.010152
0 0.352500 0.748731 0.006429 0.012690
0 0.355000 0.726523 0.005714 0.011421
0 0.346786 0.727157 0.006429 0.012690
0 0.357143 0.704949 0.007143 0.013959
0 0.351786 0.671320 0.007857 0.015228
0 0.320000 0.557741 0.005714 0.011421
0 0.542857 0.587563 0.005714 0.012690
0 0.471071 0.388325 0.006429 0.012690
0 0.452857 0.319162 0.004286 0.016497
0 0.462500 0.260152 0.005000 0.012690
0 0.456429 0.252538 0.004286 0.010152
0 0.469643 0.135152 0.005000 0.011421
0 0.460357 0.090736 0.006429 0.016497
0 0.466071 0.090736 0.005000 0.016497
0 0.457143 0.038706 0.005714 0.016497
