0 0.567857 0.693333 0.034286 0.047619
0 0.660357 0.831905 0.052143 0.065714
0 0.226786 0.875714 0.082143 0.107619
0 0.953214 0.800000 0.087857 0.118095
0 0.915357 0.747619 0.093571 0.135238
0 0.969286 0.658571 0.034286 0.039048
0 0.825000 0.644286 0.081429 0.120952
0 0.784643 0.580952 0.072143 0.102857
0 0.738214 0.535238 0.073571 0.091429
0 0.699643 0.487143 0.076429 0.086667
0 0.661071 0.444762 0.075000 0.089524
0 0.627857 0.402857 0.072857 0.089524
0 0.588929 0.366667 0.075000 0.081905
0 0.563571 0.328571 0.062857 0.072381
0 0.535000 0.297143 0.072857 0.078095
0 0.500357 0.259524 0.072143 0.075238
0 0.471071 0.230476 0.070714 0.080000
0 0.475000 0.190476 0.024286 0.032381
0 0.477857 0.174286 0.025714 0.028571
0 0.437143 0.189524 0.065714 0.068571
0 0.418214 0.148095 0.070714 0.071429
0 0.398929 0.106667 0.026429 0.032381
0 0.400000 0.101429 0.015714 0.029524
0 0.395357 0.106667 0.013571 0.024762
0 0.391786 0.105714 0.016429 0.028571
0 0.501071 0.166190 0.010714 0.035238
0 0.510000 0.164286 0.008571 0.033333
0 0.503214 0.150000 0.009286 0.027619
0 0.512143 0.144762 0.010000 0.030476
0 0.499286 0.128095 0.014286 0.031429
0 0.526071 0.116667 0.012143 0.014286
0 0.540714 0.132857 0.010000 0.014286
0 0.542143 0.117143 0.012857 0.015238
0 0.554643 0.163810 0.012143 0.020952
0 0.570000 0.163333 0.012857 0.021905
0 0.589643 0.135238 0.009286 0.024762
0 0.883214 0.437143 0.026429 0.036190
0 0.897857 0.447143 0.025714 0.037143
0 0.787500 0.330952 0.020714 0.042857
0 0.245714 0.090000 0.074286 0.073333
0 0.305000 0.039048 0.062857 0.059048
0 0.309643 0.061429 0.030714 0.046667
0 0.345357 0.041905 0.023571 0.038095
0 0.219643 0.141429 0.012143 0.035238
0 0.206786 0.140000 0.015000 0.036190
