0 0.257857 0.802381 0.081429 0.195238
0 0.540714 0.783810 0.051429 0.171429
0 0.598571 0.803810 0.052857 0.169524
0 0.530000 0.582857 0.032857 0.059048
0 0.518929 0.459048 0.017857 0.028571
0 0.533571 0.457143 0.012857 0.032381
0 0.549643 0.500000 0.016429 0.030476
0 0.589286 0.390952 0.044286 0.124762
0 0.601071 0.087143 0.040714 0.101905
0 0.558929 0.010952 0.012143 0.021905
0 0.294643 0.612857 0.062143 0.147619
0 0.315000 0.445238 0.054286 0.124762
0 0.413214 0.558571 0.069286 0.202857
0 0.174643 0.271905 0.040714 0.031429
0 0.176786 0.256667 0.042143 0.035238
0 0.206786 0.200476 0.057857 0.119048
0 0.205357 0.048095 0.032143 0.029524
0 0.123571 0.164286 0.025714 0.042857
