0 0.281429 0.059524 0.025714 0.027619
0 0.047500 0.308571 0.023571 0.038095
0 0.087500 0.448095 0.027857 0.040952
0 0.045000 0.424762 0.027143 0.043810
0 0.179643 0.508571 0.025000 0.041905
0 0.159643 0.496190 0.027857 0.041905
0 0.225714 0.539524 0.025714 0.039048
0 0.296071 0.556667 0.017857 0.040952
0 0.374643 0.940476 0.016429 0.046667
0 0.410000 0.927619 0.015714 0.041905
0 0.482143 0.911905 0.017143 0.044762
0 0.501071 0.907143 0.013571 0.044762
0 0.352500 0.458095 0.015000 0.041905
0 0.370714 0.455238 0.014286 0.036190
0 0.388571 0.450952 0.014286 0.040952
0 0.452500 0.438571 0.017857 0.040952
0 0.480357 0.456190 0.003571 0.011429
0 0.479643 0.452381 0.003571 0.007619
0 0.506071 0.426190 0.015000 0.040952
0 0.580357 0.411429 0.015000 0.041905
0 0.554643 0.448571 0.006429 0.015238
0 0.602143 0.485238 0.004286 0.006667
0 0.426429 0.546667 0.012857 0.038095
0 0.463214 0.541905 0.015000 0.043810
0 0.604643 0.515714 0.013571 0.037143
0 0.658214 0.316190 0.029286 0.030476
0 0.638929 0.409048 0.003571 0.016190
0 0.648214 0.361905 0.006429 0.005714
0 0.661786 0.363810 0.005000 0.003810
0 0.981429 0.107619 0.007143 0.007619
0 0.835714 0.069048 0.027143 0.027619
0 0.818929 0.109048 0.026429 0.027619
0 0.867500 0.142381 0.026429 0.025714
0 0.887857 0.153333 0.027143 0.028571
0 0.917143 0.429524 0.018571 0.026667
0 0.830357 0.416190 0.020714 0.036190
0 0.759643 0.464762 0.022143 0.024762
0 0.743929 0.458571 0.006429 0.006667
0 0.188571 0.473810 0.005714 0.004762
0 0.821786 0.876190 0.009286 0.007619
0 0.845000 0.832857 0.017143 0.039048
0 0.763214 0.854286 0.016429 0.040000
0 0.781786 0.847619 0.017857 0.041905
0 0.733929 0.860952 0.016429 0.043810
0 0.633214 0.877619 0.013571 0.039048
0 0.616429 0.880952 0.012857 0.038095
0 0.600714 0.884286 0.014286 0.042857
0 0.582857 0.887619 0.014286 0.043810
0 0.564286 0.893333 0.017143 0.043810
0 0.529643 0.899524 0.015000 0.042857
0 0.546429 0.895238 0.014286 0.038095
0 0.424286 0.446190 0.015714 0.037143
