0 0.146429 0.065238 0.051429 0.109524
0 0.174286 0.201905 0.052857 0.112381
0 0.250714 0.254286 0.045714 0.110476
0 0.290000 0.091905 0.045714 0.109524
0 0.202500 0.315238 0.017857 0.022857
0 0.268571 0.438095 0.038571 0.110476
0 0.220714 0.494286 0.034286 0.114286
0 0.257500 0.614762 0.047857 0.115238
0 0.136429 0.620952 0.085714 0.078095
0 0.156071 0.732857 0.090714 0.073333
0 0.191429 0.792857 0.081429 0.075238
0 0.332500 0.695714 0.069286 0.101905
0 0.201786 0.341905 0.013571 0.020952
0 0.304643 0.395714 0.016429 0.021905
0 0.126071 0.566667 0.032143 0.017143
0 0.317857 0.493333 0.020000 0.036190
0 0.318571 0.496190 0.015714 0.020952
0 0.259286 0.886667 0.080000 0.062857
0 0.365714 0.865238 0.091429 0.065714
0 0.606071 0.729524 0.027857 0.019048
0 0.605714 0.727619 0.011429 0.013333
0 0.735714 0.696667 0.030000 0.020000
0 0.742857 0.693810 0.017143 0.014286
0 0.731786 0.753810 0.076429 0.056190
0 0.446786 0.539524 0.012143 0.039048
0 0.445714 0.539524 0.008571 0.014286
0 0.600357 0.429048 0.050714 0.098095
0 0.526071 0.364762 0.010714 0.020952
0 0.517857 0.294762 0.010000 0.021905
0 0.380000 0.189524 0.044286 0.114286
0 0.637857 0.216667 0.078571 0.113333
0 0.585357 0.185714 0.067857 0.095238
0 0.543571 0.081429 0.011429 0.025714
0 0.543929 0.092381 0.016429 0.049524
0 0.571786 0.061429 0.030714 0.025714
0 0.565000 0.031905 0.025714 0.033333
0 0.102143 0.217619 0.050000 0.120952
0 0.772857 0.260952 0.017143 0.038095
0 0.807143 0.435714 0.078571 0.069524
0 0.862857 0.513810 0.078571 0.061905
0 0.772143 0.485714 0.020000 0.032381
0 0.924643 0.285238 0.032143 0.023810
0 0.945357 0.393810 0.075000 0.058095
0 0.966071 0.493333 0.067857 0.047619
