0 0.161273 0.414193 0.016701 0.038033
0 0.177192 0.513451 0.040188 0.051020
0 0.142745 0.497681 0.021399 0.062152
0 0.097599 0.508813 0.060543 0.054731
0 0.045668 0.443878 0.041232 0.091837
0 0.229645 0.813544 0.037578 0.063080
0 0.201200 0.885436 0.018267 0.021336
0 0.215292 0.884508 0.018267 0.028757
0 0.230689 0.541280 0.046973 0.049165
0 0.241127 0.493506 0.046973 0.050093
0 0.261221 0.779221 0.014092 0.027829
0 0.270616 0.807050 0.017223 0.029685
0 0.313674 0.806586 0.012526 0.036178
0 0.334290 0.818646 0.016180 0.039889
0 0.322286 0.734230 0.010960 0.034323
0 0.332203 0.732375 0.056889 0.047310
0 0.270094 0.860853 0.024530 0.076067
0 0.414405 0.916976 0.011482 0.026902
0 0.701983 0.974954 0.018789 0.048237
0 0.755219 0.896568 0.046973 0.134508
0 0.712683 0.703154 0.012004 0.027829
0 0.737735 0.726345 0.015136 0.027829
0 0.711639 0.711039 0.027662 0.025046
0 0.737213 0.731911 0.025574 0.029685
0 0.922756 0.522263 0.046973 0.048237
0 0.697547 0.481911 0.015136 0.043599
0 0.647182 0.558442 0.051148 0.055659
0 0.533925 0.547310 0.084551 0.079777
0 0.512526 0.485158 0.013570 0.042672
0 0.328288 0.601113 0.012526 0.029685
0 0.384134 0.525510 0.010438 0.036178
0 0.385960 0.526902 0.007829 0.025974
0 0.391441 0.509740 0.012526 0.034323
0 0.390658 0.506957 0.024530 0.034323
0 0.385177 0.528293 0.018789 0.028757
0 0.334551 0.605751 0.039666 0.037106
0 0.278445 0.409091 0.010960 0.029685
0 0.287317 0.400742 0.016180 0.050093
0 0.305063 0.479128 0.014092 0.028757
0 0.307933 0.400278 0.012526 0.023191
0 0.305063 0.380334 0.012004 0.031540
0 0.307672 0.353896 0.012004 0.034323
0 0.384656 0.454082 0.011482 0.034323
0 0.317589 0.467996 0.024530 0.058442
0 0.327766 0.444341 0.024008 0.044527
0 0.316806 0.401206 0.015658 0.034323
0 0.361691 0.398423 0.019833 0.067718
0 0.342380 0.370130 0.012526 0.037106
0 0.341597 0.363636 0.014092 0.033395
0 0.274530 0.270872 0.011482 0.033395
0 0.284969 0.262523 0.013570 0.037106
0 0.334029 0.246753 0.013570 0.033395
0 0.326200 0.218924 0.015658 0.042672
0 0.324635 0.166048 0.020877 0.059369
0 0.347077 0.166512 0.016701 0.052876
0 0.344468 0.115492 0.016701 0.047310
0 0.362474 0.128015 0.007829 0.033395
0 0.323330 0.074675 0.016180 0.045455
0 0.273225 0.320037 0.018267 0.024119
