0 0.462857 0.845178 0.025714 0.109137
0 0.451071 0.399112 0.023571 0.095178
0 0.412143 0.110406 0.024286 0.091371
0 0.303929 0.125000 0.052143 0.039340
0 0.294286 0.319162 0.047143 0.046954
0 0.290714 0.437183 0.041429 0.044416
0 0.288929 0.490482 0.052143 0.041878
0 0.288929 0.547589 0.053571 0.044416
0 0.283929 0.667513 0.062143 0.048223
0 0.548214 0.806472 0.056429 0.041878
0 0.546429 0.739213 0.057143 0.041878
0 0.539643 0.614848 0.050714 0.054569
0 0.535714 0.543782 0.050000 0.049492
0 0.533929 0.489213 0.053571 0.044416
0 0.537143 0.420685 0.052857 0.044416
0 0.625714 0.434645 0.038571 0.087563
0 0.728571 0.387690 0.047143 0.085025
0 0.656786 0.404822 0.042143 0.088832
0 0.575357 0.197970 0.050714 0.048223
0 0.683571 0.121193 0.048571 0.046954
0 0.957857 0.126904 0.041429 0.053299
0 0.874286 0.149746 0.061429 0.048223
0 0.825000 0.321066 0.022857 0.078680
0 0.305357 0.027919 0.049286 0.038071
0 0.302857 0.074873 0.047143 0.045685
0 0.333571 0.434645 0.007143 0.016497
0 0.333571 0.440990 0.007143 0.034264
0 0.618214 0.138325 0.050714 0.050761
