0 0.865357 0.245714 0.025000 0.013333
0 0.652500 0.213810 0.002143 0.004762
0 0.688214 0.278571 0.003571 0.006667
0 0.457500 0.170476 0.003571 0.009524
0 0.656071 0.030476 0.003571 0.011429
0 0.501429 0.929524 0.005714 0.007619
0 0.600000 0.741905 0.004286 0.005714
0 0.651071 0.641905 0.002143 0.005714
0 0.627500 0.916190 0.017857 0.045714
0 0.645000 0.912381 0.014286 0.041905
0 0.665000 0.930476 0.017143 0.043810
0 0.681786 0.943810 0.016429 0.047619
0 0.706429 0.962381 0.017143 0.044762
0 0.881429 0.987143 0.030000 0.021905
0 0.901071 0.947143 0.020714 0.048571
0 0.977857 0.873333 0.011429 0.003810
0 0.981786 0.884286 0.007857 0.012381
0 0.915357 0.791905 0.019286 0.040952
0 0.985357 0.755238 0.017857 0.036190
0 0.970357 0.688571 0.017857 0.036190
0 0.961786 0.647619 0.017857 0.034286
0 0.952143 0.604286 0.017143 0.029524
0 0.944643 0.568095 0.015000 0.025714
0 0.885714 0.634762 0.018571 0.037143
0 0.933929 0.521429 0.016429 0.031429
0 0.939643 0.421905 0.017857 0.026667
0 0.987143 0.343810 0.015714 0.011429
0 0.846786 0.411905 0.015000 0.027619
0 0.853571 0.447143 0.015714 0.029524
0 0.832500 0.350476 0.005000 0.007619
0 0.837500 0.356667 0.006429 0.006667
0 0.807143 0.347143 0.021429 0.037143
0 0.808571 0.377619 0.014286 0.023810
0 0.820000 0.447143 0.012857 0.029524
0 0.825357 0.487143 0.013571 0.029524
0 0.828929 0.523333 0.012143 0.029524
0 0.846786 0.617143 0.016429 0.034286
