0 0.213466 0.534787 0.032359 0.115955
0 0.337944 0.527829 0.030793 0.113173
0 0.409186 0.521336 0.029228 0.113173
0 0.448330 0.506494 0.029228 0.111317
0 0.157098 0.132653 0.032359 0.096475
0 0.234864 0.140538 0.032359 0.115955
0 0.270877 0.149351 0.029228 0.113173
0 0.379436 0.156308 0.028184 0.117811
0 0.415971 0.157236 0.030271 0.121521
0 0.454854 0.159555 0.027662 0.131725
0 0.602557 0.471707 0.028706 0.114100
0 0.641180 0.525974 0.024530 0.126160
0 0.674582 0.541744 0.036013 0.129870
0 0.707724 0.534323 0.030271 0.129870
0 0.627610 0.135436 0.028706 0.115028
0 0.767484 0.138683 0.031837 0.114100
0 0.802714 0.144712 0.033403 0.107607
0 0.787578 0.508813 0.033403 0.114100
0 0.832203 0.491187 0.029749 0.127087
0 0.930585 0.161410 0.031315 0.100186
0 0.926148 0.068182 0.028706 0.082560
