0 0.575714 0.829524 0.167143 0.112381
0 0.549643 0.532857 0.132143 0.092381
0 0.539643 0.446190 0.125000 0.082857
0 0.540000 0.332857 0.121429 0.077143
0 0.783929 0.090952 0.060714 0.094286
0 0.528929 0.183333 0.099286 0.065714
0 0.542857 0.275714 0.124286 0.067619
0 0.658929 0.179524 0.049286 0.086667
0 0.634286 0.069048 0.037143 0.060000
0 0.525714 0.143333 0.088571 0.054286
0 0.520000 0.108571 0.087143 0.055238
0 0.870357 0.301429 0.079286 0.120952
0 0.207500 0.450476 0.137857 0.083810
0 0.305714 0.511905 0.021429 0.054286
0 0.127857 0.823333 0.200000 0.119048
0 0.767143 0.752857 0.031429 0.054286
0 0.651429 0.736190 0.021429 0.051429
0 0.655000 0.557619 0.031429 0.092381
0 0.410000 0.117143 0.012857 0.041905
0 0.461071 0.147619 0.013571 0.051429
0 0.403571 0.186667 0.017143 0.043810
0 0.405714 0.177143 0.010000 0.020952
0 0.691786 0.118095 0.015000 0.036190
0 0.690000 0.131429 0.014286 0.045714
0 0.190357 0.147143 0.029286 0.025714
0 0.310000 0.029048 0.084286 0.050476
