0 0.152143 0.698095 0.147143 0.083810
0 0.295714 0.708095 0.110000 0.090476
0 0.259643 0.607143 0.106429 0.080952
0 0.297143 0.470952 0.088571 0.067619
0 0.406429 0.495238 0.097143 0.068571
0 0.551786 0.667143 0.123571 0.086667
0 0.531429 0.580000 0.114286 0.085714
0 0.606429 0.528095 0.107143 0.065714
0 0.522500 0.526667 0.017857 0.036190
0 0.643214 0.482381 0.013571 0.048571
0 0.675714 0.488571 0.050000 0.106667
0 0.670714 0.397619 0.045714 0.090476
0 0.777500 0.368571 0.025000 0.047619
0 0.656071 0.316667 0.012143 0.027619
0 0.682143 0.306190 0.038571 0.067619
0 0.663929 0.239048 0.032143 0.064762
0 0.669286 0.194762 0.022857 0.046667
0 0.745000 0.165238 0.038571 0.058095
0 0.706429 0.129524 0.030000 0.055238
0 0.862857 0.581429 0.040000 0.031429
