0 0.365357 0.807143 0.032143 0.071429
0 0.447857 0.648095 0.022857 0.039048
0 0.413571 0.575238 0.017143 0.036190
0 0.512500 0.454286 0.030714 0.019048
0 0.489286 0.468095 0.011429 0.016190
0 0.494286 0.202857 0.005714 0.007619
0 0.512143 0.181429 0.005714 0.010476
0 0.351786 0.259524 0.005000 0.008571
0 0.326071 0.308571 0.003571 0.007619
0 0.327143 0.303333 0.004286 0.006667
0 0.327143 0.300476 0.004286 0.008571
0 0.327500 0.295714 0.003571 0.006667
0 0.331786 0.290952 0.003571 0.008571
0 0.333571 0.290476 0.002857 0.009524
0 0.338571 0.291905 0.002857 0.008571
0 0.340357 0.291429 0.003571 0.009524
0 0.392857 0.246190 0.011429 0.008571
0 0.315000 0.281429 0.002857 0.006667
0 0.318214 0.278095 0.003571 0.007619
0 0.325000 0.275238 0.004286 0.007619
0 0.321071 0.277143 0.002143 0.009524
0 0.931786 0.556190 0.097857 0.045714
0 0.439643 0.709048 0.027857 0.105714
