0 0.366071 0.086294 0.023571 0.022843
0 0.364286 0.108503 0.024286 0.021574
0 0.361786 0.133883 0.029286 0.024112
0 0.360000 0.181472 0.027143 0.025381
0 0.364286 0.206853 0.021429 0.025381
0 0.352500 0.253173 0.027857 0.024112
0 0.350357 0.281091 0.025000 0.021574
0 0.347143 0.305838 0.021429 0.020305
0 0.266071 0.432741 0.036429 0.098985
0 0.236071 0.577411 0.043571 0.142132
0 0.170000 0.837563 0.018571 0.058376
0 0.211071 0.769670 0.020714 0.059645
0 0.229286 0.787437 0.022857 0.059645
0 0.247500 0.799492 0.023571 0.063452
0 0.286071 0.632614 0.025000 0.054569
0 0.293214 0.597716 0.022143 0.060914
0 0.298214 0.548223 0.023571 0.060914
0 0.305357 0.508883 0.020714 0.053299
0 0.313571 0.473985 0.020000 0.054569
0 0.320357 0.432741 0.025000 0.060914
0 0.336071 0.375635 0.006429 0.030457
0 0.329643 0.387690 0.010714 0.029188
0 0.468929 0.936548 0.015000 0.065990
0 0.427143 0.727157 0.014286 0.058376
0 0.504643 0.583756 0.006429 0.027919
0 0.504643 0.583756 0.006429 0.017766
0 0.536071 0.618655 0.013571 0.052030
0 0.416071 0.495558 0.013571 0.046954
0 0.431786 0.552030 0.015000 0.053299
0 0.812857 0.953680 0.025714 0.069797
0 0.911071 0.812183 0.012143 0.015228
0 0.955714 0.748731 0.015714 0.020305
0 0.824286 0.612944 0.005714 0.012690
0 0.760357 0.714467 0.023571 0.063452
0 0.788571 0.838832 0.038571 0.104061
0 0.426071 0.145305 0.012143 0.044416
0 0.404643 0.234137 0.012143 0.041878
0 0.426429 0.034264 0.011429 0.040609
0 0.488929 0.228426 0.012143 0.053299
0 0.469643 0.257614 0.012143 0.053299
0 0.425714 0.237310 0.012857 0.043147
0 0.426429 0.324239 0.012857 0.046954
0 0.398571 0.416244 0.012857 0.050761
0 0.430714 0.442893 0.012857 0.048223
