0 0.141701 0.171150 0.147704 0.143785
0 0.068894 0.846939 0.029228 0.051948
0 0.282359 0.366883 0.022965 0.041744
0 0.431367 0.452226 0.025574 0.043599
0 0.448852 0.653989 0.025052 0.055659
0 0.234081 0.934601 0.026618 0.034323
0 0.233038 0.913729 0.029749 0.035250
0 0.233038 0.921614 0.028706 0.088126
0 0.308716 0.522727 0.089248 0.115955
0 0.288361 0.369666 0.042276 0.052876
0 0.433194 0.453154 0.045929 0.036178
0 0.450939 0.659555 0.042797 0.046382
0 0.859603 0.302412 0.017745 0.029685
0 0.863779 0.308442 0.031315 0.051020
0 0.856472 0.306586 0.058455 0.041744
