0 0.655357 0.598571 0.040714 0.092381
0 0.696786 0.872381 0.047857 0.144762
0 0.451429 0.495714 0.085714 0.060000
0 0.392143 0.523333 0.075714 0.058095
0 0.192143 0.342381 0.067143 0.046667
0 0.386786 0.276190 0.046429 0.038095
0 0.224286 0.231905 0.050000 0.040952
0 0.664643 0.215238 0.037857 0.026667
0 0.168929 0.652857 0.029286 0.035238
0 0.163214 0.644762 0.012143 0.015238
0 0.963214 0.448095 0.026429 0.021905
0 0.945000 0.430476 0.025714 0.019048
0 0.940714 0.428095 0.011429 0.012381
0 0.958214 0.446667 0.009286 0.011429
