0 0.158214 0.733810 0.097857 0.225714
0 0.064286 0.651905 0.104286 0.206667
0 0.162857 0.607143 0.032857 0.033333
0 0.158214 0.582857 0.019286 0.032381
0 0.117143 0.459524 0.078571 0.138095
0 0.145357 0.326667 0.067857 0.133333
0 0.083929 0.288095 0.065000 0.103810
0 0.177857 0.200000 0.048571 0.083810
0 0.197857 0.272857 0.035714 0.069524
0 0.202143 0.110952 0.038571 0.073333
0 0.157143 0.118095 0.051429 0.066667
0 0.171071 0.050000 0.050714 0.058095
0 0.218214 0.049524 0.042143 0.066667
0 0.238929 0.129048 0.059286 0.088571
0 0.138571 0.025714 0.015714 0.034286
0 0.147143 0.027143 0.011429 0.033333
0 0.568929 0.051429 0.037857 0.059048
0 0.587143 0.125714 0.057143 0.118095
0 0.501786 0.064762 0.019286 0.053333
0 0.688571 0.094762 0.017143 0.042857
0 0.706071 0.093333 0.015000 0.047619
0 0.720357 0.134762 0.013571 0.050476
0 0.777857 0.073810 0.031429 0.035238
0 0.676429 0.179048 0.074286 0.097143
0 0.702143 0.261429 0.070000 0.101905
0 0.635714 0.285238 0.062857 0.096190
0 0.750000 0.390000 0.078571 0.130476
0 0.678571 0.422381 0.081429 0.136190
0 0.732500 0.605238 0.095000 0.166667
0 0.812143 0.600000 0.107143 0.186667
0 0.928929 0.401429 0.079286 0.140000
0 0.873929 0.295714 0.036429 0.042857
0 0.915357 0.306190 0.045000 0.042857
0 0.858571 0.207619 0.034286 0.045714
0 0.806786 0.121429 0.019286 0.044762
0 0.440357 0.366667 0.057857 0.150476
