0 0.526429 0.426396 0.047143 0.106599
0 0.468214 0.318528 0.022143 0.032995
0 0.245357 0.081218 0.016429 0.017766
0 0.368929 0.211929 0.016429 0.025381
0 0.388214 0.114213 0.036429 0.032995
0 0.394286 0.094543 0.037143 0.026650
0 0.401071 0.073604 0.039286 0.027919
0 0.412857 0.038071 0.041429 0.025381
0 0.462143 0.387056 0.020000 0.040609
0 0.308929 0.249365 0.012143 0.029188
0 0.175357 0.031091 0.013571 0.021574
0 0.228929 0.006980 0.019286 0.013959
0 0.261071 0.015863 0.020714 0.021574
0 0.249643 0.012690 0.013571 0.015228
