0 0.400714 0.490952 0.067143 0.067619
0 0.362857 0.470476 0.075714 0.076190
0 0.495000 0.444762 0.048571 0.055238
0 0.102857 0.398571 0.072857 0.052381
0 0.213571 0.442857 0.091429 0.053333
0 0.310714 0.402381 0.072857 0.054286
0 0.368214 0.365238 0.083571 0.042857
0 0.544286 0.369524 0.048571 0.043810
0 0.591786 0.349048 0.045000 0.037143
0 0.050714 0.319048 0.061429 0.041905
0 0.093929 0.309048 0.056429 0.042857
0 0.051071 0.286667 0.047857 0.036190
0 0.069643 0.244762 0.053571 0.032381
0 0.038214 0.237619 0.052143 0.031429
0 0.136071 0.376190 0.057857 0.047619
0 0.160714 0.368571 0.045714 0.045714
0 0.181429 0.346667 0.057143 0.045714
0 0.218929 0.336667 0.047857 0.042857
0 0.160357 0.311429 0.050714 0.043810
0 0.133214 0.275238 0.060714 0.034286
0 0.177500 0.283810 0.055000 0.034286
0 0.410000 0.300476 0.034286 0.033333
0 0.327143 0.313333 0.017143 0.032381
0 0.488929 0.321429 0.045000 0.039048
0 0.422857 0.438095 0.010000 0.045714
0 0.441429 0.405714 0.011429 0.038095
0 0.917500 0.616667 0.019286 0.054286
0 0.906429 0.584762 0.021429 0.057143
0 0.771429 0.422857 0.040000 0.059048
0 0.908571 0.464762 0.037143 0.053333
0 0.899286 0.414286 0.022857 0.034286
0 0.766071 0.329048 0.035000 0.033333
0 0.819643 0.274286 0.026429 0.034286
0 0.785000 0.313810 0.025714 0.020000
0 0.801429 0.295238 0.022857 0.030476
0 0.839643 0.262857 0.017857 0.026667
0 0.852500 0.250952 0.015000 0.020000
0 0.864286 0.240952 0.017143 0.015238
0 0.872143 0.227619 0.018571 0.020952
0 0.667857 0.245714 0.005714 0.017143
0 0.535357 0.322857 0.006429 0.017143
0 0.542500 0.323333 0.005000 0.016190
0 0.898571 0.412381 0.015714 0.030476
