0 0.768789 0.362245 0.043841 0.069573
0 0.245303 0.910482 0.070981 0.102968
0 0.353079 0.785250 0.061065 0.088126
0 0.281837 0.818182 0.008351 0.033395
0 0.709551 0.390074 0.003653 0.019481
0 0.669624 0.389610 0.007307 0.018553
0 0.516180 0.631262 0.006263 0.012059
0 0.709290 0.353896 0.018789 0.032468
0 0.407359 0.581169 0.007829 0.013915
0 0.403184 0.578850 0.004697 0.011132
0 0.408925 0.593228 0.016180 0.017625
0 0.516441 0.646568 0.017223 0.018553
0 0.413100 0.670686 0.020355 0.024119
0 0.405271 0.645176 0.017223 0.030612
0 0.289666 0.827458 0.006263 0.020408
0 0.313935 0.779221 0.017223 0.035250
0 0.390136 0.693414 0.016180 0.030612
0 0.380480 0.704082 0.014614 0.029685
0 0.363518 0.722635 0.018267 0.037106
0 0.325157 0.768089 0.014614 0.037106
0 0.333768 0.751855 0.018267 0.025046
0 0.340553 0.739796 0.014092 0.023191
0 0.220251 0.815863 0.007307 0.017625
0 0.234081 0.800093 0.007829 0.013915
0 0.222860 0.828386 0.016701 0.020408
0 0.236952 0.814007 0.016701 0.017625
0 0.237213 0.874304 0.012004 0.019481
0 0.213205 0.900278 0.020355 0.041744
0 0.092902 0.984230 0.010438 0.020408
0 0.396138 0.525510 0.017745 0.017625
0 0.518528 0.524119 0.017223 0.014842
0 0.734603 0.277365 0.031837 0.027829
0 0.752349 0.259276 0.027662 0.021336
0 0.756785 0.253247 0.026096 0.025974
0 0.798800 0.242115 0.018267 0.024119
0 0.779749 0.222171 0.022965 0.019481
0 0.784708 0.214750 0.022443 0.021336
0 0.830898 0.168831 0.021921 0.016698
0 0.835073 0.160946 0.020877 0.015770
0 0.895616 0.226809 0.014614 0.021336
0 0.673017 0.366883 0.014092 0.025046
0 0.168580 0.364100 0.027140 0.032468
0 0.214770 0.370594 0.028706 0.030612
0 0.964248 0.111317 0.018267 0.016698
0 0.974687 0.067254 0.008873 0.012059
0 0.969207 0.091837 0.009395 0.011132
0 0.901096 0.093692 0.012004 0.011132
0 0.911273 0.119202 0.012526 0.017625
