0 0.662143 0.776190 0.204286 0.123810
0 0.400714 0.716667 0.204286 0.109524
0 0.406071 0.491905 0.135000 0.088571
0 0.198571 0.406190 0.080000 0.098095
0 0.581071 0.485238 0.132143 0.090476
0 0.430714 0.220000 0.081429 0.045714
0 0.414643 0.166190 0.072143 0.039048
0 0.155714 0.180000 0.094286 0.049524
0 0.647500 0.150952 0.039286 0.052381
0 0.587143 0.066190 0.027143 0.027619
0 0.438571 0.617619 0.194286 0.111429
0 0.405714 0.438571 0.134286 0.058095
0 0.418929 0.387619 0.143571 0.045714
0 0.428929 0.325238 0.143571 0.096190
0 0.437857 0.291905 0.118571 0.063810
0 0.428929 0.196667 0.073571 0.046667
0 0.248929 0.237143 0.099286 0.060952
0 0.083929 0.666190 0.073571 0.058095
0 0.097857 0.635714 0.078571 0.044762
0 0.112143 0.610476 0.081429 0.036190
0 0.566429 0.419524 0.122857 0.069524
0 0.206429 0.158571 0.050000 0.044762
0 0.751786 0.129048 0.030714 0.035238
0 0.681786 0.119048 0.035000 0.038095
0 0.844643 0.149048 0.040714 0.029524
0 0.710000 0.539048 0.021429 0.066667
0 0.651071 0.291905 0.012143 0.048571
0 0.658214 0.295238 0.012143 0.049524
0 0.545714 0.165238 0.011429 0.031429
0 0.499286 0.128571 0.011429 0.028571
0 0.682143 0.272857 0.011429 0.033333
0 0.611429 0.238571 0.014286 0.029524
0 0.571786 0.175238 0.009286 0.022857
0 0.574643 0.146667 0.009286 0.019048
0 0.572500 0.191429 0.010714 0.022857
0 0.615357 0.254762 0.029286 0.018095
0 0.680000 0.289048 0.018571 0.031429
0 0.575357 0.156190 0.023571 0.017143
0 0.563929 0.136190 0.007857 0.026667
0 0.570000 0.144762 0.008571 0.026667
0 0.499286 0.108095 0.005714 0.021905
0 0.488571 0.158095 0.008571 0.028571
0 0.487143 0.132381 0.007143 0.020952
0 0.476786 0.132857 0.009286 0.025714
0 0.520000 0.092857 0.021429 0.035238
0 0.529286 0.106667 0.012857 0.038095
0 0.483214 0.033810 0.015000 0.020000
0 0.714286 0.176667 0.045714 0.054286
0 0.748214 0.070476 0.027857 0.024762
0 0.714286 0.056190 0.018571 0.019048
0 0.694643 0.042857 0.022143 0.019048
0 0.673214 0.034286 0.019286 0.013333
0 0.657500 0.021905 0.013571 0.017143
0 0.647500 0.019048 0.015000 0.017143
0 0.559286 0.079524 0.022857 0.031429
0 0.541786 0.071429 0.007857 0.013333
0 0.542143 0.077619 0.007143 0.014286
