0 0.080115 0.403061 0.039144 0.054731
0 0.093424 0.437384 0.052192 0.047310
0 0.233038 0.404453 0.025574 0.061224
0 0.269050 0.356679 0.021399 0.054731
0 0.304541 0.363173 0.025574 0.049165
0 0.423278 0.312152 0.021921 0.049165
0 0.428236 0.396568 0.042276 0.043599
0 0.447547 0.461039 0.057933 0.083488
0 0.543841 0.554267 0.042797 0.071429
0 0.578549 0.480519 0.050626 0.085343
0 0.654228 0.563080 0.039144 0.068646
0 0.501566 0.744898 0.025052 0.092764
0 0.590031 0.758813 0.027662 0.085343
0 0.304280 0.274583 0.014614 0.018553
0 0.290710 0.210111 0.037578 0.032468
0 0.275052 0.155380 0.029228 0.028757
