0 0.258612 0.013915 0.014092 0.024119
0 0.553497 0.611781 0.019311 0.026902
0 0.695198 0.723562 0.015658 0.027829
0 0.180846 0.051948 0.003653 0.014842
0 0.372651 0.861317 0.050104 0.082560
0 0.352035 0.790816 0.048539 0.078850
0 0.293058 0.820037 0.066284 0.105751
0 0.394833 0.690631 0.018267 0.025046
0 0.504697 0.508813 0.059499 0.095547
0 0.450678 0.545918 0.006785 0.012059
0 0.466336 0.465677 0.005741 0.014842
0 0.472077 0.462430 0.005741 0.013915
0 0.586378 0.515306 0.006785 0.012059
0 0.567850 0.493043 0.011482 0.021336
0 0.614562 0.542672 0.006785 0.011132
0 0.629436 0.595547 0.004175 0.009276
