0 0.637500 0.965238 0.039286 0.069524
0 0.730000 0.696190 0.168571 0.104762
0 0.570714 0.516667 0.065714 0.120952
0 0.650714 0.428095 0.118571 0.067619
0 0.626429 0.348571 0.072857 0.066667
0 0.614643 0.309048 0.095000 0.056190
0 0.601071 0.265714 0.097857 0.068571
0 0.278571 0.615238 0.027143 0.066667
0 0.129286 0.533333 0.100000 0.133333
0 0.244643 0.378571 0.102143 0.092381
0 0.277143 0.239048 0.051429 0.076190
0 0.738214 0.630000 0.060714 0.052381
0 0.532143 0.232381 0.035714 0.049524
0 0.555357 0.214762 0.010714 0.039048
0 0.515714 0.140476 0.010000 0.029524
0 0.531429 0.136667 0.010000 0.031429
0 0.319286 0.170952 0.037143 0.048571
0 0.340000 0.104762 0.045714 0.076190
0 0.448214 0.104286 0.025000 0.031429
0 0.490000 0.100476 0.021429 0.035238
0 0.526786 0.104286 0.019286 0.031429
0 0.532500 0.088571 0.019286 0.028571
0 0.453214 0.072857 0.019286 0.027619
0 0.510000 0.041905 0.035714 0.022857
0 0.450357 0.036190 0.020714 0.024762
0 0.449643 0.010000 0.016429 0.020000
0 0.417500 0.009524 0.007857 0.019048
0 0.529286 0.022857 0.007143 0.020952
0 0.585000 0.195714 0.070000 0.040952
0 0.574286 0.179048 0.068571 0.038095
0 0.576071 0.158571 0.047857 0.027619
0 0.580357 0.122381 0.050714 0.035238
