0 0.510357 0.858571 0.047857 0.147619
0 0.582500 0.754762 0.046429 0.130476
0 0.721071 0.648095 0.040714 0.151429
0 0.653214 0.600476 0.047857 0.147619
0 0.489643 0.564762 0.045000 0.140952
0 0.716429 0.260000 0.045714 0.158095
0 0.645000 0.370476 0.040000 0.139048
0 0.412143 0.288095 0.044286 0.140000
0 0.486071 0.182857 0.047857 0.152381
0 0.291429 0.138095 0.014286 0.041905
0 0.240357 0.170476 0.017857 0.032381
0 0.071071 0.445714 0.022143 0.024762
0 0.138929 0.519524 0.025000 0.020000
0 0.138929 0.480476 0.022143 0.020000
0 0.241786 0.187619 0.015000 0.032381
0 0.295714 0.159524 0.017143 0.037143
0 0.090357 0.450000 0.027857 0.025714
0 0.156786 0.479524 0.030714 0.020000
0 0.153214 0.518571 0.026429 0.020000
0 0.208214 0.736190 0.015000 0.024762
0 0.222857 0.730000 0.017143 0.052381
