0 0.453214 0.623810 0.019286 0.028571
0 0.426071 0.621905 0.020714 0.041905
0 0.387857 0.352857 0.058571 0.159048
0 0.303214 0.405714 0.059286 0.167619
0 0.150714 0.401429 0.058571 0.157143
0 0.376786 0.202381 0.046429 0.090476
0 0.152857 0.239048 0.061429 0.154286
0 0.178214 0.088571 0.056429 0.125714
0 0.837857 0.309048 0.061429 0.134286
0 0.901429 0.336667 0.065714 0.147619
0 0.873214 0.178571 0.067857 0.128571
0 0.780000 0.111429 0.100000 0.093333
0 0.946071 0.603810 0.107857 0.095238
0 0.863571 0.846667 0.080000 0.161905
0 0.300000 0.238571 0.094286 0.134286
0 0.298571 0.119524 0.087143 0.124762
