0 0.379643 0.887619 0.049286 0.135238
0 0.448571 0.478571 0.027143 0.065714
0 0.542143 0.119048 0.034286 0.024762
0 0.510000 0.089524 0.012857 0.026667
0 0.620714 0.911429 0.025714 0.022857
0 0.577857 0.612857 0.022857 0.020000
0 0.581429 0.537143 0.018571 0.019048
0 0.424286 0.610476 0.005714 0.024762
0 0.460000 0.182381 0.010000 0.008571
0 0.305714 0.178095 0.012857 0.009524
0 0.267857 0.183333 0.011429 0.008571
0 0.482857 0.078571 0.004286 0.010476
0 0.557143 0.550476 0.021429 0.049524
0 0.422143 0.456190 0.017143 0.040000
0 0.540357 0.394286 0.029286 0.030476
0 0.535357 0.427619 0.017857 0.040000
0 0.562500 0.173810 0.022143 0.016190
0 0.563214 0.164762 0.019286 0.011429
0 0.579643 0.171905 0.010714 0.023810
0 0.603929 0.168571 0.022143 0.017143
0 0.602143 0.147619 0.024286 0.015238
0 0.602500 0.139524 0.023571 0.012381
0 0.601429 0.132381 0.022857 0.011429
0 0.597500 0.126190 0.022143 0.012381
0 0.595714 0.118571 0.020000 0.010476
0 0.592857 0.111905 0.021429 0.012381
0 0.499286 0.111429 0.010000 0.017143
0 0.623929 0.094762 0.009286 0.014286
0 0.610714 0.056667 0.010000 0.012381
0 0.603214 0.030000 0.007857 0.012381
0 0.578571 0.050000 0.017143 0.010476
0 0.584286 0.067619 0.018571 0.013333
0 0.587143 0.077143 0.018571 0.011429
0 0.586071 0.085238 0.017857 0.010476
0 0.928214 0.214762 0.029286 0.016190
0 0.958214 0.217619 0.029286 0.016190
0 0.888571 0.208095 0.031429 0.020000
0 0.040714 0.766190 0.064286 0.035238
0 0.147500 0.522857 0.046429 0.028571
0 0.152500 0.390476 0.027857 0.030476
0 0.150000 0.162857 0.018571 0.020952
0 0.268214 0.067619 0.013571 0.015238
0 0.179286 0.084286 0.022857 0.014286
0 0.255714 0.067143 0.012857 0.018095
0 0.148571 0.100476 0.005714 0.014286
0 0.143929 0.101905 0.005000 0.011429
0 0.283571 0.179048 0.004286 0.011429
0 0.280000 0.179048 0.004286 0.009524
0 0.276071 0.179524 0.005000 0.012381
0 0.266071 0.180476 0.005000 0.012381
0 0.303929 0.175238 0.007857 0.011429
0 0.567500 0.326667 0.006429 0.019048
0 0.500000 0.070952 0.002857 0.012381
0 0.483571 0.018571 0.004286 0.012381
0 0.458929 0.178571 0.005000 0.012381
0 0.540000 0.453333 0.007143 0.017143
0 0.424286 0.609048 0.005714 0.018095
