0 0.463214 0.800000 0.202143 0.156190
0 0.481071 0.667619 0.205000 0.139048
0 0.507857 0.561429 0.180000 0.120952
0 0.526786 0.467143 0.170714 0.100000
0 0.534643 0.385714 0.150714 0.089524
0 0.539286 0.316667 0.141429 0.084762
0 0.558214 0.266667 0.140714 0.080000
0 0.566786 0.215714 0.130714 0.065714
0 0.576786 0.171905 0.116429 0.056190
0 0.581786 0.122857 0.113571 0.060952
0 0.588214 0.081905 0.117857 0.068571
0 0.602500 0.041905 0.083571 0.043810
0 0.387500 0.453333 0.029286 0.070476
0 0.695357 0.270476 0.023571 0.066667
0 0.419643 0.192857 0.019286 0.060000
0 0.432857 0.203333 0.012857 0.035238
0 0.446071 0.194286 0.022143 0.064762
0 0.278571 0.327143 0.020000 0.052381
0 0.681429 0.484286 0.027143 0.071429
0 0.417500 0.074762 0.017857 0.050476
0 0.431786 0.086667 0.015000 0.047619
0 0.485714 0.146190 0.014286 0.039048
0 0.486071 0.123333 0.016429 0.035238
0 0.330714 0.318571 0.030000 0.044762
0 0.291429 0.418095 0.028571 0.072381
0 0.313571 0.391905 0.024286 0.075238
0 0.329286 0.280952 0.032857 0.045714
