0 0.082143 0.940000 0.112857 0.087619
0 0.111429 0.754286 0.062857 0.102857
0 0.657143 0.445714 0.042857 0.083810
0 0.828929 0.333333 0.046429 0.064762
0 0.895714 0.388571 0.045714 0.064762
0 0.890714 0.471429 0.012857 0.034286
0 0.511786 0.843810 0.010714 0.026667
0 0.607857 0.858571 0.047143 0.141905
0 0.567857 0.561429 0.035714 0.082857
0 0.516071 0.085238 0.022143 0.040952
0 0.563571 0.441905 0.034286 0.083810
0 0.552143 0.361429 0.030000 0.075238
0 0.531429 0.310000 0.050000 0.050476
0 0.845357 0.188095 0.036429 0.056190
0 0.090357 0.857619 0.023571 0.020000
0 0.116786 0.641429 0.052143 0.094286
0 0.170000 0.425238 0.048571 0.077143
0 0.180714 0.323333 0.030000 0.056190
0 0.270357 0.043333 0.023571 0.035238
0 0.425714 0.120000 0.051429 0.045714
0 0.286429 0.129048 0.052857 0.021905
0 0.645714 0.024762 0.027143 0.030476
0 0.780714 0.189048 0.007143 0.020000
0 0.178571 0.220000 0.014286 0.024762
0 0.156071 0.257143 0.010714 0.022857
0 0.473571 0.099524 0.010000 0.021905
0 0.095357 0.404286 0.016429 0.023810
0 0.268214 0.071429 0.017857 0.015238
0 0.238929 0.197143 0.009286 0.028571
0 0.218929 0.297143 0.010714 0.034286
0 0.219643 0.266190 0.007857 0.018095
0 0.181071 0.252857 0.010714 0.021905
0 0.201429 0.250476 0.011429 0.026667
0 0.186429 0.268571 0.012857 0.028571
0 0.259286 0.349524 0.012857 0.026667
0 0.145000 0.533810 0.047143 0.080952
0 0.177500 0.467143 0.012143 0.014286
0 0.532500 0.180952 0.026429 0.059048
0 0.529643 0.140000 0.023571 0.045714
0 0.515357 0.037619 0.017857 0.040952
0 0.536429 0.040952 0.005714 0.013333
0 0.742500 0.156190 0.009286 0.019048
0 0.613214 0.441429 0.012143 0.018095
0 0.740357 0.163333 0.009286 0.021905
0 0.537143 0.048095 0.007143 0.018095
0 0.611429 0.445714 0.010000 0.028571
0 0.930357 0.416667 0.012143 0.027619
0 0.928571 0.391905 0.008571 0.035238
0 0.976071 0.334286 0.036429 0.062857
