0 0.326786 0.823810 0.027857 0.032381
0 0.615357 0.543333 0.036429 0.050476
0 0.633214 0.503810 0.029286 0.041905
0 0.621071 0.464762 0.030714 0.041905
0 0.613214 0.428095 0.007857 0.020000
0 0.441071 0.106190 0.005000 0.018095
0 0.452143 0.110476 0.005714 0.017143
0 0.965357 0.570000 0.009286 0.023810
0 0.952500 0.281429 0.027857 0.021905
0 0.957143 0.262857 0.024286 0.020952
0 0.915000 0.130000 0.018571 0.020000
0 0.881429 0.071905 0.020000 0.018095
0 0.833214 0.046667 0.022143 0.015238
0 0.812143 0.033810 0.017143 0.016190
0 0.796786 0.025714 0.017857 0.019048
0 0.776786 0.018095 0.016429 0.017143
0 0.761429 0.008571 0.014286 0.015238
