0 0.502857 0.155714 0.045714 0.273333
0 0.585000 0.234286 0.022857 0.064762
0 0.575000 0.090952 0.027143 0.073333
0 0.603571 0.679048 0.047143 0.190476
0 0.506786 0.466190 0.033571 0.103810
0 0.578929 0.514286 0.010714 0.019048
0 0.568571 0.506667 0.007143 0.013333
0 0.389286 0.304762 0.005714 0.013333
0 0.366786 0.312857 0.025000 0.071429
0 0.372500 0.487143 0.030714 0.086667
0 0.318929 0.360000 0.007857 0.015238
0 0.336429 0.469048 0.012857 0.031429
0 0.506786 0.758095 0.033571 0.137143
0 0.377143 0.057619 0.027143 0.071429
0 0.298929 0.690952 0.017857 0.031429
