0 0.376786 0.649746 0.023571 0.063452
0 0.413929 0.251904 0.012143 0.034264
0 0.501786 0.110406 0.009286 0.030457
0 0.380000 0.121193 0.012857 0.026650
0 0.413214 0.101523 0.012143 0.025381
0 0.599286 0.621193 0.035714 0.052030
0 0.591786 0.515863 0.033571 0.041878
0 0.597857 0.590736 0.041429 0.054569
0 0.821071 0.942259 0.050714 0.031726
0 0.940357 0.946701 0.049286 0.038071
0 0.709286 0.727157 0.054286 0.035533
0 0.597857 0.555203 0.045714 0.059645
0 0.590714 0.484772 0.037143 0.053299
0 0.524286 0.404822 0.017143 0.063452
