0 0.402662 0.799165 0.015136 0.049165
0 0.330115 0.111781 0.014092 0.012059
0 0.336900 0.105751 0.008873 0.009276
0 0.338466 0.100649 0.008873 0.012059
0 0.373434 0.136827 0.016180 0.019481
0 0.373173 0.162801 0.026096 0.023191
0 0.270355 0.979592 0.033403 0.038961
0 0.238518 0.637291 0.010438 0.035250
0 0.252871 0.612245 0.023486 0.033395
0 0.268789 0.595547 0.011482 0.035250
0 0.320459 0.682282 0.022965 0.047310
0 0.324896 0.706401 0.023486 0.071429
0 0.168580 0.807050 0.012526 0.040816
0 0.322808 0.459184 0.020355 0.020408
0 0.385960 0.400278 0.023486 0.034323
0 0.372129 0.275046 0.010438 0.023191
0 0.386743 0.277829 0.009395 0.021336
0 0.376305 0.253247 0.010438 0.012987
0 0.386221 0.273191 0.009395 0.026902
0 0.438935 0.204082 0.008351 0.014842
0 0.454071 0.209647 0.005219 0.025974
0 0.438674 0.105288 0.004697 0.015770
0 0.435543 0.086271 0.003653 0.016698
0 0.429280 0.089054 0.008873 0.022263
0 0.430324 0.090445 0.004697 0.012059
0 0.442067 0.133581 0.009395 0.024119
0 0.462944 0.172542 0.004175 0.016698
0 0.463205 0.176716 0.004697 0.013915
0 0.464248 0.122913 0.005741 0.013915
0 0.464248 0.118738 0.003653 0.012987
0 0.471816 0.089518 0.006263 0.019481
0 0.474426 0.070037 0.004175 0.010204
0 0.474687 0.071892 0.004697 0.010204
0 0.469207 0.061688 0.005219 0.012059
0 0.438935 0.046846 0.010438 0.017625
0 0.448069 0.025046 0.008873 0.016698
0 0.494259 0.052412 0.009395 0.015770
0 0.493476 0.097403 0.010960 0.018553
0 0.507829 0.074675 0.010438 0.019481
0 0.512526 0.166512 0.016701 0.025046
0 0.530010 0.093228 0.009916 0.019481
0 0.513048 0.014378 0.006263 0.013915
0 0.454071 0.004638 0.002088 0.009276
0 0.450418 0.012059 0.003132 0.003711
0 0.466336 0.002783 0.002610 0.003711
0 0.450939 0.011132 0.002088 0.005566
0 0.529489 0.006957 0.007829 0.012059
0 0.488779 0.248145 0.031837 0.082560
0 0.568372 0.299165 0.019833 0.036178
0 0.602035 0.370130 0.021399 0.053803
0 0.607777 0.250464 0.002610 0.012987
0 0.606211 0.253711 0.004697 0.023191
0 0.611691 0.259740 0.004175 0.014842
0 0.611169 0.255102 0.006263 0.020408
0 0.674843 0.520408 0.010438 0.050093
0 0.695198 0.611317 0.013570 0.037106
0 0.694937 0.617811 0.012004 0.037106
0 0.581942 0.630798 0.036534 0.087199
0 0.524269 0.627551 0.036013 0.099258
0 0.457203 0.866419 0.074113 0.257885
0 0.741910 0.594156 0.010960 0.043599
0 0.741910 0.647032 0.012004 0.030612
0 0.817589 0.552876 0.010960 0.033395
0 0.802192 0.547310 0.010438 0.033395
0 0.974165 0.722171 0.015136 0.051020
0 0.981994 0.717069 0.017223 0.044527
0 0.764353 0.775510 0.017223 0.051948
0 0.765136 0.781076 0.011482 0.051948
0 0.854906 0.827922 0.014614 0.039889
0 0.854645 0.841373 0.014092 0.050093
0 0.800626 0.859926 0.060543 0.066790
0 0.794363 0.864100 0.021921 0.041744
0 0.951461 0.678108 0.043841 0.053803
0 0.920407 0.631262 0.069415 0.069573
0 0.925626 0.577458 0.039144 0.049165
0 0.894572 0.541280 0.059499 0.045455
0 0.872651 0.505102 0.070981 0.051020
0 0.824374 0.485158 0.009916 0.029685
0 0.823852 0.490260 0.009916 0.030612
0 0.861952 0.474954 0.022443 0.029685
0 0.888048 0.459184 0.017223 0.027829
0 0.859342 0.459647 0.033925 0.030612
0 0.793580 0.538033 0.034969 0.068646
0 0.763831 0.458720 0.030793 0.058442
0 0.791232 0.457792 0.037578 0.060297
0 0.738779 0.419295 0.010960 0.027829
0 0.738257 0.427644 0.016180 0.020408
0 0.806889 0.410946 0.008351 0.031540
0 0.854384 0.435993 0.017745 0.024119
0 0.644050 0.267625 0.018789 0.028757
0 0.656576 0.244434 0.007307 0.021336
0 0.656576 0.238868 0.007307 0.017625
0 0.695720 0.224490 0.035491 0.025974
0 0.689196 0.207328 0.033925 0.023191
0 0.686065 0.190167 0.036013 0.033395
0 0.691545 0.183673 0.030271 0.022263
0 0.725731 0.231447 0.014092 0.015770
0 0.725992 0.256494 0.006263 0.021336
0 0.702244 0.323748 0.018267 0.040816
0 0.716336 0.352505 0.020355 0.044527
0 0.733299 0.388683 0.025052 0.051948
0 0.737735 0.418367 0.009916 0.025974
0 0.763831 0.391466 0.019311 0.042672
0 0.764875 0.352041 0.049582 0.034323
0 0.754436 0.326067 0.028706 0.036178
0 0.840292 0.416048 0.014614 0.017625
0 0.815501 0.410482 0.016180 0.021336
0 0.822286 0.407699 0.018267 0.021336
0 0.805063 0.360390 0.016180 0.021336
0 0.822808 0.346011 0.010960 0.018553
0 0.743737 0.294527 0.013570 0.017625
0 0.728079 0.294991 0.014614 0.020408
0 0.721555 0.274119 0.015136 0.017625
0 0.736169 0.261596 0.019311 0.027829
0 0.630741 0.161410 0.004697 0.016698
0 0.631002 0.162801 0.006263 0.015770
0 0.619259 0.161874 0.005741 0.017625
0 0.619259 0.154917 0.004697 0.012987
0 0.606211 0.149351 0.010960 0.031540
0 0.604645 0.065399 0.004697 0.010204
0 0.598382 0.067254 0.003653 0.012059
0 0.571242 0.042208 0.008873 0.012059
0 0.568372 0.031076 0.007307 0.012059
0 0.585856 0.039425 0.004697 0.013915
0 0.592902 0.034787 0.003132 0.012059
0 0.576722 0.022727 0.003132 0.008349
0 0.579071 0.027365 0.002610 0.008349
0 0.576722 0.025046 0.003132 0.009276
0 0.579071 0.029685 0.002610 0.009276
0 0.578027 0.035714 0.003653 0.010204
