0 0.126566 0.812616 0.053758 0.141002
0 0.094468 0.634972 0.060543 0.106679
0 0.144572 0.521336 0.063674 0.115028
0 0.252610 0.733766 0.078288 0.083488
0 0.282098 0.696660 0.048539 0.040816
0 0.278184 0.648423 0.070981 0.061224
0 0.293058 0.558442 0.102818 0.090909
0 0.293319 0.483302 0.087683 0.079777
0 0.318894 0.417440 0.084551 0.074212
0 0.311848 0.363636 0.056889 0.051948
0 0.271138 0.301484 0.043319 0.057514
0 0.464770 0.315863 0.070459 0.069573
0 0.467902 0.386364 0.084029 0.080705
0 0.475209 0.473562 0.086117 0.075139
0 0.480689 0.550557 0.102296 0.080705
0 0.453549 0.641929 0.097077 0.089054
0 0.562630 0.816790 0.062630 0.316327
0 0.640658 0.865492 0.064196 0.235622
0 0.775052 0.807050 0.044885 0.038961
0 0.749739 0.751855 0.063152 0.075139
0 0.721555 0.559833 0.097599 0.089981
0 0.710073 0.487941 0.089248 0.074212
0 0.709290 0.413729 0.090814 0.066790
0 0.716075 0.350649 0.104384 0.085343
0 0.625522 0.275046 0.028706 0.088126
0 0.536273 0.221707 0.026618 0.063080
0 0.505480 0.194805 0.023486 0.033395
0 0.813413 0.071429 0.069415 0.057514
0 0.717902 0.041744 0.040188 0.051948
0 0.648486 0.216141 0.023486 0.027829
0 0.653184 0.200371 0.031837 0.033395
0 0.679280 0.050093 0.012004 0.038961
0 0.631785 0.034323 0.006785 0.029685
0 0.583507 0.070501 0.011482 0.038961
0 0.557411 0.066327 0.012526 0.039889
0 0.566023 0.087199 0.012004 0.038961
0 0.529228 0.074675 0.013570 0.038033
0 0.517223 0.061224 0.012526 0.042672
0 0.488518 0.060761 0.009395 0.039889
0 0.458768 0.065399 0.010438 0.034323
0 0.449374 0.057978 0.012526 0.045455
0 0.501305 0.064007 0.020355 0.061224
0 0.473643 0.136827 0.008873 0.045455
0 0.471033 0.126160 0.012004 0.042672
0 0.460595 0.107143 0.038100 0.052876
0 0.419102 0.087199 0.020877 0.031540
0 0.400835 0.077458 0.020877 0.026902
0 0.405010 0.059833 0.020877 0.030612
0 0.401096 0.040816 0.010960 0.037106
0 0.394833 0.037106 0.008873 0.040816
0 0.353862 0.043599 0.020877 0.033395
0 0.329593 0.032004 0.012004 0.039889
0 0.281315 0.176716 0.011482 0.043599
0 0.276096 0.032931 0.012526 0.036178
0 0.268528 0.039889 0.017223 0.038961
0 0.269572 0.043135 0.020355 0.028757
0 0.226514 0.064007 0.012526 0.038961
0 0.235125 0.067718 0.034969 0.035250
0 0.217641 0.111317 0.011482 0.035250
0 0.225470 0.130334 0.010438 0.028757
0 0.227035 0.138683 0.025052 0.032468
0 0.224426 0.108998 0.037578 0.043599
0 0.204854 0.180891 0.027662 0.083488
0 0.122651 0.151670 0.025052 0.036178
0 0.044102 0.122913 0.016180 0.030612
0 0.048017 0.128942 0.030271 0.029685
0 0.028967 0.158627 0.054802 0.063080
0 0.074374 0.031540 0.013048 0.033395
0 0.077244 0.036642 0.026096 0.030612
0 0.103862 0.044527 0.021921 0.035250
0 0.111430 0.052412 0.019311 0.034323
0 0.119520 0.062616 0.020877 0.039889
0 0.129175 0.038497 0.019311 0.036178
