0 0.176071 0.052665 0.007857 0.021574
0 0.204643 0.454949 0.006429 0.026650
0 0.212500 0.463832 0.007857 0.021574
0 0.221429 0.451777 0.010000 0.017766
0 0.349643 0.042513 0.023571 0.054569
0 0.154286 0.795685 0.044286 0.091371
0 0.625714 0.813452 0.027143 0.076142
0 0.687500 0.773477 0.030714 0.087563
0 0.778571 0.906091 0.014286 0.035533
0 0.790000 0.888325 0.017143 0.030457
0 0.817500 0.829949 0.033571 0.098985
0 0.855714 0.725254 0.031429 0.077411
0 0.873214 0.668782 0.035000 0.091371
0 0.886429 0.612310 0.032857 0.085025
0 0.904643 0.569797 0.035000 0.081218
0 0.834643 0.770305 0.030714 0.086294
0 0.911786 0.901650 0.082143 0.171320
0 0.971786 0.415609 0.036429 0.069797
0 0.946429 0.076777 0.032857 0.059645
0 0.875714 0.147208 0.030000 0.060914
0 0.802500 0.058376 0.025000 0.063452
0 0.790714 0.309010 0.011429 0.029188
0 0.791071 0.303934 0.009286 0.016497
0 0.822143 0.402284 0.084286 0.192893
0 0.744643 0.613579 0.036429 0.077411
0 0.662143 0.600254 0.031429 0.083756
0 0.595357 0.534898 0.010714 0.034264
0 0.595357 0.531091 0.007857 0.021574
0 0.550000 0.593909 0.038571 0.109137
0 0.550000 0.269670 0.021429 0.062183
0 0.723929 0.312817 0.023571 0.059645
0 0.675000 0.302030 0.027143 0.065990
0 0.697500 0.428299 0.027857 0.072335
0 0.719643 0.526015 0.033571 0.077411
