0 0.572143 0.456190 0.051429 0.116190
0 0.466786 0.318095 0.043571 0.083810
0 0.406429 0.216190 0.034286 0.068571
0 0.474643 0.230000 0.036429 0.071429
0 0.580000 0.213333 0.048571 0.081905
0 0.633571 0.215238 0.050000 0.087619
0 0.735714 0.225238 0.057143 0.084762
0 0.702143 0.437143 0.065714 0.118095
0 0.765714 0.424762 0.068571 0.120000
0 0.676429 0.341905 0.107143 0.066667
0 0.812500 0.341429 0.099286 0.058095
0 0.837500 0.277143 0.092143 0.062857
0 0.472500 0.149524 0.040714 0.076190
0 0.405357 0.143333 0.032143 0.061905
0 0.831071 0.440952 0.086429 0.129524
0 0.885357 0.437143 0.080714 0.131429
0 0.940357 0.423333 0.085000 0.130476
0 0.402500 0.081905 0.032143 0.057143
0 0.586071 0.158095 0.072143 0.055238
0 0.587857 0.127619 0.088571 0.053333
0 0.579286 0.099048 0.072857 0.045714
0 0.472143 0.078571 0.038571 0.058095
0 0.554643 0.033333 0.062143 0.041905
0 0.870357 0.777143 0.032143 0.043810
0 0.558929 0.700476 0.025000 0.050476
0 0.562857 0.708095 0.035714 0.082857
0 0.862857 0.782857 0.057143 0.038095
0 0.401071 0.623810 0.052143 0.024762
0 0.144643 0.361905 0.027857 0.049524
0 0.117143 0.618095 0.038571 0.040000
0 0.120357 0.609048 0.025000 0.044762
0 0.446071 0.577143 0.019286 0.051429
0 0.398214 0.624286 0.022143 0.048571
0 0.571786 0.678571 0.022143 0.037143
0 0.540357 0.583810 0.015000 0.053333
0 0.647500 0.603333 0.023571 0.054286
0 0.611071 0.655238 0.017857 0.045714
0 0.690000 0.591429 0.022857 0.045714
0 0.698214 0.519048 0.019286 0.043810
0 0.808929 0.563333 0.026429 0.052381
0 0.964643 0.313810 0.029286 0.033333
