0 0.192857 0.588095 0.048571 0.111429
0 0.143929 0.881905 0.057857 0.135238
0 0.108214 0.702381 0.052143 0.115238
0 0.107857 0.549048 0.047143 0.105714
0 0.714643 0.708095 0.063571 0.120952
0 0.381429 0.149048 0.035714 0.058095
0 0.272857 0.189048 0.038571 0.069524
0 0.091071 0.051429 0.030714 0.057143
0 0.230357 0.070000 0.035000 0.052381
0 0.430357 0.144286 0.036429 0.058095
0 0.342857 0.037619 0.032857 0.048571
0 0.958571 0.619048 0.075714 0.106667
0 0.848214 0.647143 0.065000 0.105714
0 0.868214 0.352381 0.069286 0.059048
0 0.304286 0.041429 0.031429 0.052381
0 0.061071 0.387619 0.015000 0.028571
0 0.521429 0.078095 0.008571 0.028571
0 0.638571 0.282381 0.010000 0.033333
0 0.884286 0.841429 0.018571 0.016190
0 0.849643 0.842857 0.016429 0.013333
0 0.813929 0.419048 0.009286 0.020952
0 0.762857 0.329524 0.014286 0.020952
0 0.756786 0.392857 0.049286 0.073333
0 0.795714 0.497619 0.052857 0.105714
0 0.829643 0.511905 0.010714 0.023810
0 0.736071 0.312857 0.010714 0.020000
0 0.746429 0.308571 0.010000 0.030476
0 0.035357 0.098095 0.017857 0.020952
0 0.036786 0.075238 0.017857 0.024762
0 0.603929 0.079048 0.046429 0.057143
0 0.656786 0.039048 0.043571 0.043810
0 0.796429 0.278571 0.035714 0.031429
0 0.517857 0.052381 0.005714 0.024762
0 0.522143 0.050952 0.005714 0.025714
0 0.591429 0.015714 0.007143 0.025714
0 0.675357 0.059524 0.055000 0.050476
0 0.753214 0.174762 0.063571 0.058095
0 0.773214 0.207143 0.067857 0.061905
0 0.711786 0.123333 0.060714 0.050476
0 0.735714 0.146190 0.062857 0.052381
0 0.670714 0.212857 0.010000 0.029524
0 0.668214 0.220476 0.023571 0.021905
0 0.770357 0.367619 0.010714 0.022857
0 0.800714 0.235714 0.070000 0.058095
0 0.793929 0.260000 0.009286 0.017143
0 0.895357 0.396190 0.079286 0.064762
0 0.924643 0.440952 0.079286 0.068571
0 0.840714 0.315238 0.022857 0.024762
