0 0.448929 0.459048 0.079286 0.160000
0 0.103571 0.329048 0.044286 0.033333
0 0.201071 0.486667 0.035000 0.066667
0 0.256429 0.590000 0.022857 0.050476
0 0.357500 0.412857 0.017857 0.044762
0 0.362143 0.419524 0.045714 0.033333
0 0.080714 0.085238 0.100000 0.058095
0 0.064643 0.128571 0.103571 0.064762
0 0.862857 0.888095 0.067143 0.040952
0 0.843571 0.817619 0.065714 0.050476
0 0.801071 0.494286 0.049286 0.034286
0 0.820714 0.693333 0.064286 0.043810
0 0.808571 0.641905 0.057143 0.041905
0 0.809286 0.596667 0.070000 0.042857
0 0.800714 0.548571 0.058571 0.047619
0 0.805714 0.522857 0.057143 0.036190
0 0.818929 0.548571 0.025000 0.030476
0 0.925357 0.035238 0.087857 0.059048
0 0.940000 0.492857 0.031429 0.039048
0 0.974643 0.458095 0.027857 0.045714
0 0.832857 0.761905 0.062857 0.038095
0 0.893571 0.761429 0.038571 0.037143
0 0.897143 0.939048 0.048571 0.038095
0 0.942857 0.926190 0.030000 0.037143
0 0.929286 0.936190 0.031429 0.032381
0 0.908929 0.973810 0.030714 0.040952
0 0.887143 0.975714 0.070000 0.048571
0 0.960000 0.945238 0.042857 0.035238
0 0.353214 0.933333 0.026429 0.038095
0 0.288571 0.436667 0.021429 0.044762
0 0.288571 0.449048 0.032857 0.058095
0 0.296786 0.642857 0.026429 0.036190
0 0.299286 0.655238 0.068571 0.040000
0 0.299286 0.740476 0.070000 0.037143
0 0.295357 0.783333 0.055000 0.039048
0 0.307500 0.831429 0.060714 0.032381
0 0.312500 0.456190 0.023571 0.032381
0 0.344286 0.557619 0.030000 0.044762
0 0.332143 0.546190 0.021429 0.040952
0 0.309643 0.600000 0.025000 0.026667
0 0.296429 0.688095 0.024286 0.029524
0 0.303214 0.693333 0.065000 0.026667
0 0.316071 0.607619 0.055000 0.038095
0 0.315000 0.464286 0.041429 0.040952
0 0.321071 0.495238 0.053571 0.036190
0 0.316786 0.520000 0.046429 0.026667
0 0.313214 0.547619 0.039286 0.032381
0 0.287857 0.896667 0.038571 0.027619
0 0.298929 0.887143 0.073571 0.039048
