0 0.491071 0.038095 0.089286 0.045714
0 0.510714 0.087619 0.094286 0.032381
0 0.516429 0.113810 0.102857 0.040952
0 0.513214 0.143810 0.097857 0.043810
0 0.521429 0.183333 0.117143 0.061905
0 0.523214 0.258095 0.132143 0.066667
0 0.517857 0.214762 0.120000 0.054286
0 0.525000 0.313333 0.137143 0.078095
0 0.525357 0.380000 0.150714 0.072381
0 0.528571 0.528571 0.155714 0.102857
0 0.540714 0.632857 0.207143 0.122857
0 0.531429 0.434762 0.145714 0.098095
0 0.748571 0.121905 0.097143 0.060952
0 0.802500 0.593810 0.040714 0.098095
0 0.778571 0.483810 0.021429 0.074286
0 0.535000 0.732381 0.100000 0.074286
0 0.768571 0.445714 0.035714 0.064762
0 0.646786 0.072381 0.049286 0.068571
0 0.588929 0.084762 0.062143 0.074286
0 0.562500 0.024286 0.012143 0.044762
0 0.645714 0.216190 0.018571 0.062857
0 0.727500 0.275714 0.019286 0.056190
0 0.746786 0.298095 0.022143 0.055238
