0 0.372651 0.945269 0.007307 0.018553
0 0.375000 0.937384 0.005741 0.017625
0 0.371608 0.961967 0.007307 0.024119
0 0.480689 0.760204 0.006263 0.017625
0 0.413622 0.799165 0.007829 0.025046
0 0.414144 0.806122 0.009916 0.031540
0 0.479906 0.776438 0.009916 0.027829
0 0.566545 0.148423 0.010960 0.016698
0 0.549843 0.132189 0.006785 0.015770
0 0.412056 0.090445 0.007829 0.012059
0 0.417537 0.078850 0.007307 0.011132
0 0.404749 0.033395 0.006785 0.009276
0 0.421451 0.035250 0.007829 0.011132
0 0.425104 0.053340 0.008873 0.008349
