0 0.140357 0.290000 0.097857 0.096190
0 0.194286 0.286667 0.017143 0.051429
0 0.255357 0.268571 0.017857 0.059048
0 0.333929 0.168095 0.017857 0.050476
0 0.388571 0.080952 0.012857 0.034286
0 0.281071 0.346667 0.085000 0.104762
0 0.349643 0.252381 0.069286 0.095238
0 0.323571 0.113333 0.080000 0.045714
0 0.346071 0.083810 0.062143 0.038095
0 0.363929 0.050476 0.066429 0.040000
0 0.423929 0.140000 0.067857 0.125714
0 0.465000 0.112857 0.028571 0.061905
0 0.483571 0.069524 0.034286 0.043810
0 0.530000 0.047619 0.035714 0.043810
0 0.516071 0.030000 0.019286 0.031429
0 0.417857 0.372857 0.088571 0.132381
0 0.410357 0.267143 0.022143 0.040952
0 0.636071 0.367619 0.016429 0.040000
0 0.412500 0.247619 0.017857 0.040000
0 0.635000 0.349048 0.011429 0.035238
0 0.175000 0.510000 0.118571 0.159048
0 0.700357 0.061905 0.015000 0.036190
0 0.727500 0.239048 0.012143 0.043810
0 0.728571 0.117143 0.011429 0.030476
0 0.685357 0.117619 0.040714 0.048571
0 0.808929 0.040476 0.075000 0.039048
0 0.882143 0.095238 0.070000 0.030476
0 0.843214 0.122381 0.036429 0.077143
0 0.777500 0.103333 0.033571 0.050476
0 0.777500 0.145714 0.037857 0.051429
0 0.779643 0.192857 0.035000 0.063810
0 0.786071 0.254286 0.043571 0.076190
0 0.788571 0.342381 0.044286 0.090476
0 0.737857 0.153333 0.028571 0.051429
0 0.831429 0.426190 0.135714 0.088571
0 0.947857 0.488571 0.027143 0.043810
0 0.957500 0.517619 0.036429 0.029524
0 0.732143 0.559048 0.067143 0.152381
0 0.819643 0.661905 0.046429 0.087619
