0 0.478340 0.762059 0.031837 0.073284
0 0.503653 0.745826 0.009395 0.025974
0 0.504175 0.743970 0.007307 0.027829
0 0.503392 0.754174 0.007829 0.037106
0 0.478079 0.704545 0.015658 0.028757
0 0.487735 0.682746 0.012004 0.031540
0 0.429802 0.758349 0.040188 0.034323
0 0.458246 0.720315 0.017745 0.025046
0 0.462161 0.695733 0.017223 0.020408
0 0.462422 0.684137 0.018789 0.019481
0 0.462944 0.679499 0.017745 0.021336
0 0.463727 0.670223 0.018267 0.025046
0 0.451461 0.648423 0.007307 0.022263
0 0.487996 0.638683 0.014614 0.021336
0 0.524269 0.615492 0.008873 0.028757
0 0.523747 0.607607 0.009916 0.025974
0 0.442850 0.695269 0.008873 0.025046
0 0.434238 0.691558 0.008351 0.019481
0 0.446242 0.677180 0.010438 0.029685
0 0.431367 0.703154 0.018267 0.022263
0 0.429541 0.713822 0.021921 0.017625
0 0.424061 0.734694 0.022443 0.037106
0 0.469468 0.641929 0.007829 0.033395
0 0.472338 0.635436 0.006263 0.031540
0 0.454071 0.600649 0.011482 0.028757
0 0.501566 0.615492 0.014614 0.051020
0 0.500261 0.525974 0.012004 0.038961
0 0.510177 0.469852 0.015136 0.019481
0 0.497912 0.448516 0.014614 0.021336
0 0.504436 0.405844 0.013048 0.030612
0 0.520355 0.408163 0.015658 0.033395
0 0.526096 0.368275 0.013570 0.033395
0 0.497129 0.368738 0.014092 0.025046
0 0.498695 0.351577 0.008873 0.011132
0 0.501566 0.350186 0.007307 0.012059
0 0.515397 0.314471 0.010960 0.012987
0 0.533664 0.339054 0.007829 0.012059
0 0.526096 0.337662 0.008351 0.012987
0 0.526096 0.332560 0.007307 0.015770
0 0.530532 0.330241 0.009916 0.014842
0 0.529749 0.322356 0.015658 0.021336
0 0.531576 0.310297 0.012004 0.019481
0 0.512004 0.304267 0.007307 0.011132
0 0.507046 0.283395 0.004697 0.017625
0 0.524269 0.301020 0.003653 0.017625
0 0.516180 0.304731 0.004175 0.021336
0 0.538883 0.325139 0.003653 0.013915
0 0.549322 0.334416 0.004697 0.015770
0 0.549061 0.339054 0.004175 0.015770
0 0.539144 0.327922 0.005219 0.015770
0 0.542015 0.408627 0.005741 0.019481
0 0.539666 0.452690 0.007307 0.022263
0 0.542537 0.402134 0.004697 0.015770
0 0.521138 0.255566 0.004697 0.017625
0 0.543580 0.293135 0.003653 0.012987
0 0.544102 0.295455 0.005741 0.015770
0 0.533403 0.278293 0.007307 0.020408
0 0.542797 0.261132 0.006263 0.013915
0 0.536273 0.267625 0.006785 0.010204
0 0.536534 0.269481 0.007307 0.008349
0 0.537317 0.263451 0.003653 0.011132
0 0.536013 0.254638 0.005219 0.008349
0 0.538100 0.245362 0.008351 0.012059
0 0.543841 0.239332 0.007307 0.018553
0 0.542537 0.224026 0.010960 0.017625
0 0.580898 0.300093 0.003132 0.017625
0 0.573069 0.240260 0.004175 0.014842
0 0.543841 0.216605 0.008351 0.019481
0 0.545929 0.204545 0.008351 0.015770
0 0.546712 0.194805 0.010960 0.016698
0 0.530010 0.204082 0.005741 0.009276
0 0.552453 0.166976 0.007829 0.012987
0 0.529228 0.176716 0.003132 0.013915
0 0.530271 0.172078 0.003132 0.012059
0 0.532359 0.175325 0.003132 0.012987
0 0.550887 0.150278 0.009916 0.012987
0 0.555585 0.147032 0.005741 0.015770
0 0.554019 0.134045 0.007829 0.013915
0 0.560543 0.153989 0.003132 0.009276
0 0.565762 0.166512 0.003132 0.008349
0 0.560804 0.178108 0.003653 0.009276
0 0.565501 0.180891 0.003653 0.007421
0 0.560543 0.175325 0.003132 0.009276
0 0.565240 0.177644 0.002088 0.008349
0 0.565762 0.163265 0.003132 0.009276
0 0.560543 0.150278 0.002088 0.009276
0 0.581420 0.149351 0.003132 0.007421
0 0.581420 0.146568 0.003132 0.007421
0 0.536795 0.544063 0.007829 0.023191
0 0.536534 0.548701 0.008351 0.023191
0 0.565762 0.542672 0.018789 0.042672
0 0.606994 0.642857 0.021921 0.051948
0 0.534969 0.691558 0.022965 0.071429
0 0.611169 0.898423 0.024008 0.030612
0 0.623434 0.864100 0.012004 0.041744
0 0.625000 0.521800 0.005741 0.028757
0 0.596033 0.519481 0.020877 0.040816
0 0.597599 0.477273 0.018789 0.039889
0 0.618476 0.481447 0.013570 0.037106
0 0.596294 0.442950 0.017223 0.034323
0 0.601514 0.425325 0.007829 0.013915
0 0.601775 0.416048 0.009395 0.015770
0 0.596816 0.357607 0.009916 0.023191
0 0.595251 0.337662 0.014092 0.022263
0 0.595511 0.317254 0.011482 0.027829
0 0.592380 0.284323 0.011482 0.019481
0 0.593163 0.301948 0.013048 0.013915
0 0.593163 0.297310 0.010960 0.013915
0 0.592119 0.267161 0.015136 0.018553
0 0.582724 0.252783 0.013048 0.015770
0 0.615084 0.260204 0.002610 0.015770
0 0.612213 0.261596 0.004175 0.016698
0 0.612735 0.255102 0.004175 0.014842
0 0.554280 0.231447 0.002088 0.006494
0 0.554541 0.229592 0.003653 0.008349
0 0.554019 0.225881 0.002610 0.010204
0 0.554019 0.229128 0.002610 0.009276
0 0.585073 0.245826 0.009395 0.016698
0 0.609081 0.207328 0.004175 0.013915
0 0.591597 0.212894 0.008873 0.021336
0 0.589770 0.203618 0.012526 0.017625
0 0.588727 0.182746 0.008351 0.014842
0 0.587422 0.173469 0.008873 0.014842
0 0.589770 0.163729 0.008351 0.013915
0 0.590814 0.143321 0.005219 0.012059
0 0.588987 0.121985 0.004697 0.012059
0 0.598382 0.102505 0.001566 0.006494
0 0.556367 0.110853 0.006263 0.010204
0 0.564457 0.114100 0.002610 0.007421
0 0.569415 0.107143 0.002088 0.006494
0 0.579593 0.105288 0.002610 0.006494
0 0.579332 0.097403 0.002088 0.005566
0 0.582203 0.089054 0.002610 0.005566
0 0.569937 0.101577 0.002088 0.006494
0 0.566023 0.099258 0.002610 0.007421
0 0.563152 0.105288 0.002088 0.006494
0 0.563152 0.103896 0.002088 0.007421
0 0.564196 0.111781 0.002088 0.006494
0 0.566284 0.097866 0.002088 0.006494
0 0.570198 0.099722 0.001566 0.006494
0 0.569415 0.105288 0.002088 0.006494
0 0.579593 0.103896 0.002610 0.007421
0 0.579071 0.096011 0.002610 0.008349
0 0.583507 0.102041 0.002088 0.011132
0 0.586900 0.092301 0.004697 0.010204
0 0.586117 0.087199 0.005219 0.009276
0 0.559238 0.097403 0.003653 0.007421
0 0.558455 0.093228 0.005219 0.008349
0 0.559238 0.084879 0.005741 0.010204
0 0.570720 0.080241 0.004697 0.010204
0 0.577766 0.070037 0.005219 0.008349
0 0.566284 0.067254 0.004175 0.008349
0 0.563674 0.060297 0.004175 0.007421
0 0.563413 0.057050 0.004697 0.010204
0 0.569676 0.064935 0.004697 0.009276
0 0.569937 0.057514 0.003132 0.007421
0 0.582985 0.053340 0.004175 0.008349
0 0.578810 0.066327 0.003132 0.008349
0 0.586117 0.070037 0.004175 0.008349
0 0.586117 0.067254 0.005219 0.008349
0 0.586117 0.057978 0.005219 0.010204
0 0.564979 0.046846 0.003653 0.006494
0 0.573852 0.041280 0.004697 0.008349
0 0.571242 0.047774 0.001566 0.004638
0 0.571242 0.050093 0.002610 0.005566
0 0.581420 0.042208 0.002088 0.004638
0 0.581420 0.040353 0.002088 0.004638
0 0.585856 0.050093 0.005741 0.007421
