0 0.269286 0.572857 0.041429 0.073333
0 0.701786 0.650476 0.039286 0.106667
0 0.736071 0.662857 0.039286 0.120000
0 0.787500 0.526667 0.029286 0.072381
0 0.338571 0.516190 0.168571 0.099048
0 0.159643 0.479524 0.162143 0.107619
0 0.184643 0.510952 0.175000 0.063810
0 0.229643 0.443333 0.316429 0.126667
0 0.042143 0.393810 0.065714 0.046667
0 0.585000 0.456190 0.015714 0.041905
0 0.600357 0.455238 0.017857 0.049524
0 0.700357 0.455238 0.019286 0.047619
0 0.721071 0.463810 0.077857 0.043810
0 0.738571 0.390476 0.042857 0.038095
0 0.807857 0.380952 0.044286 0.038095
0 0.775714 0.367619 0.038571 0.030476
0 0.698214 0.373810 0.030714 0.031429
0 0.698214 0.359048 0.030714 0.026667
0 0.751071 0.378571 0.033571 0.033333
0 0.658214 0.359048 0.017857 0.020952
0 0.663929 0.354762 0.019286 0.020000
0 0.680357 0.348571 0.017857 0.017143
0 0.428571 0.376667 0.015714 0.014286
0 0.648214 0.344762 0.016429 0.019048
0 0.690000 0.344286 0.004286 0.012381
0 0.747500 0.345714 0.005000 0.015238
0 0.718214 0.350476 0.003571 0.011429
0 0.718214 0.352381 0.007857 0.011429
0 0.899286 0.352857 0.005714 0.018095
0 0.846429 0.356667 0.007143 0.018095
0 0.845357 0.360952 0.015000 0.011429
0 0.782857 0.353333 0.007143 0.015238
0 0.797143 0.354762 0.007143 0.014286
0 0.800000 0.353333 0.007143 0.015238
0 0.807143 0.359048 0.004286 0.017143
0 0.806786 0.357143 0.006429 0.019048
0 0.811429 0.357619 0.005714 0.010476
0 0.823214 0.360000 0.006429 0.017143
0 0.829643 0.358095 0.006429 0.015238
0 0.824286 0.362381 0.017143 0.012381
0 0.817500 0.352381 0.006429 0.017143
0 0.822857 0.353810 0.005714 0.016190
0 0.866786 0.396667 0.057857 0.035238
0 0.871786 0.384286 0.047857 0.029524
0 0.900000 0.390476 0.041429 0.032381
0 0.920000 0.376667 0.041429 0.025714
0 0.885714 0.369524 0.045714 0.026667
0 0.895000 0.602857 0.038571 0.076190
0 0.897857 0.588095 0.032857 0.086667
