0 0.491071 0.410000 0.037857 0.044762
0 0.312143 0.481429 0.065714 0.065714
0 0.429286 0.299048 0.018571 0.024762
0 0.485000 0.295714 0.018571 0.021905
0 0.297857 0.396190 0.045714 0.047619
0 0.367500 0.282381 0.022143 0.021905
0 0.398929 0.260000 0.017857 0.017143
0 0.442857 0.239524 0.010000 0.012381
0 0.452143 0.226667 0.014286 0.009524
0 0.469643 0.223333 0.009286 0.010476
0 0.455714 0.221429 0.012857 0.014286
0 0.471429 0.209048 0.008571 0.010476
0 0.798571 0.620000 0.015714 0.062857
0 0.811071 0.618571 0.017857 0.061905
0 0.519286 0.617619 0.020000 0.039048
0 0.520714 0.636667 0.024286 0.052381
0 0.853571 0.566667 0.035714 0.034286
0 0.876071 0.564762 0.019286 0.053333
0 0.467143 0.252381 0.014286 0.011429
0 0.470000 0.239524 0.015714 0.016190
0 0.490357 0.239524 0.016429 0.023810
0 0.499643 0.217143 0.010714 0.011429
0 0.504643 0.207619 0.009286 0.009524
