0 0.087500 0.119924 0.009286 0.013959
0 0.089286 0.157995 0.010000 0.016497
0 0.075714 0.141497 0.008571 0.021574
0 0.115357 0.124365 0.016429 0.025381
0 0.062857 0.193528 0.018571 0.021574
0 0.322143 0.602792 0.018571 0.032995
0 0.349286 0.735406 0.032857 0.044416
0 0.405000 0.216371 0.041429 0.044416
0 0.492500 0.470178 0.022143 0.019036
0 0.610714 0.416244 0.020000 0.020305
0 0.681429 0.178934 0.002857 0.007614
0 0.681429 0.181472 0.002857 0.010152
0 0.637857 0.044416 0.007143 0.012690
0 0.684286 0.010152 0.008571 0.010152
0 0.709643 0.027284 0.007857 0.011421
0 0.816786 0.184645 0.013571 0.013959
0 0.800357 0.092005 0.012143 0.013959
0 0.865714 0.163071 0.014286 0.019036
0 0.837857 0.130711 0.012857 0.020305
0 0.857857 0.223350 0.002857 0.012690
0 0.842500 0.229695 0.003571 0.010152
0 0.845357 0.232234 0.003571 0.012690
0 0.978571 0.221447 0.041429 0.034264
0 0.764643 0.027919 0.016429 0.015228
0 0.767500 0.025381 0.013571 0.015228
0 0.835000 0.056472 0.011429 0.013959
0 0.795357 0.073604 0.015000 0.020305
0 0.851429 0.068528 0.017143 0.017766
0 0.838571 0.005076 0.010000 0.007614
0 0.868929 0.006980 0.007857 0.006345
0 0.913571 0.010152 0.017143 0.012690
