0 0.250357 0.804286 0.080714 0.180000
0 0.089643 0.647619 0.090714 0.167619
0 0.283571 0.618571 0.070000 0.141905
0 0.146071 0.544286 0.026429 0.046667
0 0.174643 0.820476 0.020714 0.039048
0 0.592500 0.693333 0.062143 0.160000
0 0.581071 0.544286 0.050714 0.119048
0 0.749643 0.678095 0.023571 0.047619
0 0.902857 0.830000 0.168571 0.098095
0 0.886429 0.740000 0.152857 0.089524
0 0.809286 0.497619 0.110000 0.082857
0 0.829286 0.430476 0.111429 0.081905
0 0.853214 0.391905 0.126429 0.088571
0 0.777143 0.192381 0.071429 0.076190
0 0.657500 0.095238 0.069286 0.045714
0 0.748929 0.058095 0.072143 0.041905
0 0.828929 0.065238 0.067857 0.035238
0 0.888929 0.145238 0.086429 0.060000
0 0.643929 0.161905 0.075000 0.047619
0 0.875714 0.240952 0.021429 0.040000
0 0.887500 0.248095 0.023571 0.042857
0 0.546071 0.149048 0.060714 0.073333
0 0.566429 0.045714 0.052857 0.045714
0 0.466786 0.263333 0.050714 0.079048
0 0.491786 0.045238 0.066429 0.040952
0 0.566429 0.408571 0.050000 0.099048
0 0.406786 0.465238 0.056429 0.126667
0 0.328929 0.362857 0.056429 0.104762
0 0.366786 0.230000 0.015000 0.040952
0 0.412500 0.160476 0.013571 0.037143
0 0.359286 0.120952 0.024286 0.026667
0 0.215000 0.035714 0.061429 0.040952
0 0.356429 0.114286 0.014286 0.034286
0 0.129286 0.227143 0.022857 0.040952
0 0.115357 0.177619 0.020714 0.037143
0 0.033214 0.193810 0.026429 0.040952
0 0.206786 0.174762 0.075000 0.063810
0 0.104643 0.313333 0.106429 0.076190
0 0.069643 0.269048 0.112143 0.088571
0 0.035000 0.137619 0.065714 0.056190
0 0.080357 0.124286 0.009286 0.029524
0 0.087143 0.125238 0.008571 0.029524
0 0.030714 0.439048 0.030000 0.047619
0 0.043214 0.408095 0.045000 0.035238
