0 0.025000 0.038571 0.018571 0.029524
0 0.124643 0.035238 0.062143 0.053333
0 0.194643 0.134286 0.059286 0.057143
0 0.345357 0.060952 0.056429 0.059048
0 0.241071 0.184762 0.070714 0.060952
0 0.265000 0.239048 0.065714 0.059048
0 0.307857 0.294762 0.077143 0.077143
0 0.287857 0.270000 0.068571 0.065714
0 0.133214 0.368095 0.016429 0.023810
0 0.143214 0.371905 0.010714 0.014286
0 0.122500 0.600952 0.019286 0.020952
0 0.049286 0.723333 0.030000 0.010476
0 0.078214 0.759048 0.037857 0.013333
0 0.135000 0.829524 0.041429 0.017143
0 0.443929 0.690000 0.017857 0.021905
0 0.493571 0.594286 0.067143 0.078095
0 0.382857 0.393333 0.057143 0.064762
0 0.367857 0.500952 0.010000 0.024762
0 0.366071 0.487619 0.009286 0.020952
0 0.766071 0.973333 0.017857 0.017143
0 0.716429 0.820952 0.012857 0.017143
0 0.737143 0.785714 0.010000 0.017143
0 0.689286 0.807143 0.108571 0.147619
0 0.842143 0.632381 0.060000 0.072381
0 0.887500 0.545238 0.033571 0.025714
0 0.718214 0.614762 0.012143 0.018095
0 0.676786 0.561429 0.042143 0.052381
0 0.678571 0.442857 0.091429 0.102857
0 0.551786 0.277143 0.090714 0.120000
0 0.497500 0.230000 0.057857 0.061905
0 0.406429 0.121429 0.055714 0.063810
0 0.427143 0.145714 0.054286 0.070476
0 0.628571 0.089524 0.052857 0.070476
0 0.722500 0.153333 0.093571 0.093333
0 0.631429 0.190952 0.082857 0.109524
0 0.833214 0.467143 0.016429 0.018095
0 0.837500 0.483333 0.016429 0.023810
0 0.847857 0.473333 0.011429 0.028571
0 0.883214 0.486667 0.019286 0.020952
0 0.871429 0.456667 0.024286 0.027619
0 0.872143 0.458571 0.022857 0.027619
0 0.976786 0.356667 0.022143 0.023810
0 0.902143 0.378095 0.017143 0.022857
0 0.947143 0.390952 0.020000 0.021905
0 0.928929 0.406190 0.017857 0.023810
0 0.908214 0.100952 0.059286 0.070476
0 0.879286 0.050952 0.017143 0.018095
0 0.882143 0.043810 0.010000 0.024762
