0 0.568894 0.754638 0.043841 0.062152
0 0.593163 0.681818 0.049582 0.055659
0 0.681628 0.529221 0.006263 0.025046
0 0.981994 0.912801 0.012004 0.024119
0 0.410752 0.735158 0.007307 0.017625
0 0.416232 0.723098 0.007829 0.019481
0 0.417015 0.724026 0.004175 0.010204
0 0.421451 0.711039 0.007829 0.017625
0 0.431628 0.696660 0.007307 0.024119
0 0.314457 0.710575 0.014092 0.018553
0 0.315240 0.706401 0.007307 0.017625
0 0.292537 0.655844 0.008873 0.025974
0 0.314196 0.629406 0.013570 0.028757
0 0.273747 0.581633 0.037056 0.059369
0 0.164927 0.495362 0.009395 0.025974
0 0.133351 0.456865 0.041232 0.052876
0 0.110647 0.441095 0.017745 0.023191
0 0.087161 0.417904 0.013570 0.023191
0 0.058716 0.414193 0.040188 0.045455
0 0.011743 0.387291 0.015136 0.025046
0 0.191284 0.755102 0.038100 0.059369
0 0.196503 0.038961 0.020355 0.022263
0 0.216336 0.024583 0.017223 0.021336
0 0.977296 0.024119 0.012004 0.018553
0 0.966336 0.019944 0.012004 0.017625
0 0.954854 0.018089 0.006785 0.015770
