0 0.216429 0.029048 0.027143 0.029524
0 0.210000 0.132381 0.027143 0.022857
0 0.283571 0.071429 0.012857 0.030476
0 0.300000 0.063810 0.014286 0.034286
0 0.522143 0.180000 0.037143 0.100952
0 0.217500 0.227619 0.083571 0.060952
0 0.403214 0.289524 0.032143 0.099048
0 0.535357 0.313810 0.029286 0.098095
0 0.527143 0.428095 0.044286 0.113333
0 0.492857 0.561905 0.034286 0.095238
0 0.534286 0.602381 0.032857 0.105714
0 0.522857 0.749524 0.035714 0.102857
0 0.575000 0.862857 0.025714 0.017143
0 0.350000 0.879048 0.040000 0.121905
0 0.358929 0.730952 0.037857 0.126667
0 0.358929 0.462381 0.052143 0.140000
0 0.356429 0.313810 0.044286 0.145714
0 0.322857 0.100000 0.032857 0.097143
0 0.288214 0.816667 0.039286 0.117143
0 0.146786 0.844762 0.017857 0.043810
0 0.153929 0.874286 0.013571 0.041905
0 0.155357 0.774286 0.022143 0.017143
0 0.131786 0.583333 0.022143 0.014286
0 0.296786 0.714286 0.027857 0.057143
0 0.283214 0.712381 0.015000 0.017143
0 0.283571 0.674762 0.015714 0.014286
0 0.299286 0.680000 0.014286 0.011429
0 0.314286 0.690952 0.007143 0.012381
0 0.311429 0.714286 0.015714 0.015238
0 0.281071 0.586667 0.015000 0.015238
0 0.288571 0.612857 0.018571 0.014286
0 0.320000 0.619048 0.012857 0.015238
0 0.323571 0.609524 0.008571 0.013333
0 0.312500 0.395714 0.019286 0.054286
0 0.198214 0.334286 0.030714 0.017143
0 0.202857 0.352857 0.025714 0.016190
