0 0.028929 0.470000 0.035000 0.037143
0 0.262500 0.068571 0.016429 0.041905
0 0.341429 0.021905 0.035714 0.043810
0 0.229286 0.096667 0.057143 0.117143
0 0.228929 0.176190 0.045000 0.080000
0 0.231429 0.364762 0.052857 0.112381
0 0.262143 0.320476 0.025714 0.050476
0 0.230357 0.490952 0.060714 0.136190
0 0.092857 0.526667 0.032857 0.047619
0 0.241429 0.669524 0.070000 0.165714
0 0.471786 0.060476 0.010714 0.027619
0 0.516429 0.113810 0.010000 0.037143
0 0.471786 0.042381 0.010714 0.020000
0 0.518929 0.098571 0.015000 0.027619
0 0.463571 0.164286 0.042857 0.069524
0 0.553214 0.256190 0.093571 0.070476
0 0.545714 0.028095 0.060000 0.040952
0 0.698571 0.016667 0.021429 0.023810
0 0.557143 0.072381 0.047143 0.055238
0 0.599643 0.058571 0.045000 0.061905
0 0.579286 0.184286 0.058571 0.069524
0 0.637143 0.255714 0.011429 0.044762
0 0.599643 0.149524 0.055000 0.064762
0 0.689643 0.303810 0.075000 0.091429
0 0.642143 0.110476 0.057143 0.055238
0 0.639643 0.201905 0.056429 0.070476
0 0.704643 0.166190 0.082143 0.098095
0 0.657500 0.249048 0.030714 0.027619
0 0.772143 0.120476 0.025714 0.033333
0 0.768214 0.111429 0.020714 0.028571
0 0.766786 0.161905 0.016429 0.041905
0 0.773571 0.273810 0.067143 0.082857
0 0.777500 0.479048 0.092143 0.137143
0 0.730357 0.558095 0.087857 0.142857
0 0.860357 0.400476 0.083571 0.109524
0 0.929643 0.308571 0.097857 0.110476
0 0.901429 0.722381 0.138571 0.187619
