0 0.086786 0.141497 0.017857 0.013959
0 0.077143 0.150381 0.017143 0.011421
0 0.149286 0.197335 0.010000 0.019036
0 0.164643 0.200508 0.010714 0.025381
0 0.134286 0.206853 0.012857 0.017766
0 0.121429 0.201142 0.012857 0.029188
0 0.200000 0.199239 0.010000 0.017766
0 0.220000 0.006345 0.008571 0.010152
0 0.245357 0.012056 0.007857 0.011421
0 0.258214 0.013959 0.007857 0.010152
0 0.243214 0.031726 0.007857 0.010152
0 0.271429 0.026650 0.007143 0.012690
0 0.272143 0.059645 0.008571 0.010152
0 0.293929 0.064086 0.007857 0.013959
0 0.280714 0.102157 0.007143 0.011421
0 0.318929 0.102157 0.007857 0.013959
0 0.335000 0.145305 0.008571 0.016497
0 0.330000 0.199873 0.010000 0.019036
0 0.309286 0.230964 0.010000 0.017766
0 0.293214 0.277284 0.012143 0.024112
0 0.360714 0.337563 0.012857 0.035533
0 0.292857 0.394670 0.014286 0.030457
0 0.202857 0.354695 0.027143 0.024112
0 0.266429 0.376904 0.004286 0.017766
0 0.250714 0.424492 0.014286 0.026650
0 0.245714 0.475254 0.017143 0.054569
0 0.266786 0.500000 0.012143 0.027919
0 0.268929 0.454949 0.012143 0.031726
0 0.270000 0.417513 0.011429 0.022843
0 0.391071 0.276650 0.002143 0.015228
0 0.416071 0.414340 0.025000 0.026650
0 0.462500 0.500635 0.015000 0.031726
0 0.465714 0.611675 0.004286 0.022843
0 0.488214 0.607234 0.020714 0.041878
0 0.424286 0.549492 0.017143 0.043147
0 0.432500 0.593909 0.016429 0.045685
0 0.440000 0.640228 0.018571 0.054569
0 0.291071 0.612310 0.020714 0.054569
0 0.324643 0.728426 0.023571 0.060914
0 0.205357 0.664340 0.005000 0.019036
0 0.226786 0.697970 0.019286 0.048223
0 0.266786 0.722081 0.023571 0.048223
0 0.233214 0.784898 0.020714 0.057107
0 0.173214 0.920051 0.006429 0.025381
0 0.401429 0.946701 0.030000 0.098985
0 0.552143 0.964467 0.050000 0.053299
0 0.681071 0.909264 0.043571 0.049492
0 0.781071 0.979061 0.007857 0.024112
0 0.580000 0.810914 0.005714 0.022843
0 0.573214 0.766497 0.006429 0.025381
0 0.578929 0.758249 0.005000 0.026650
0 0.610000 0.717640 0.008571 0.024112
0 0.676071 0.702411 0.006429 0.024112
0 0.978214 0.872462 0.007857 0.024112
0 0.985000 0.878807 0.010000 0.026650
0 0.859286 0.809645 0.127143 0.129442
0 0.802857 0.515228 0.018571 0.035533
0 0.816429 0.597716 0.028571 0.038071
0 0.733571 0.592640 0.038571 0.040609
0 0.724643 0.578046 0.032143 0.034264
0 0.812857 0.697970 0.005714 0.020305
0 0.739286 0.687817 0.005714 0.020305
0 0.586429 0.682741 0.042857 0.040609
