0 0.943571 0.453046 0.071429 0.210660
0 0.732500 0.586294 0.139286 0.142132
0 0.408571 0.829949 0.117143 0.182741
0 0.374643 0.717640 0.139286 0.173858
0 0.333929 0.523477 0.119286 0.095178
0 0.344643 0.429569 0.120714 0.105330
0 0.482143 0.357234 0.052857 0.151015
0 0.623214 0.345812 0.047857 0.069797
0 0.635357 0.277919 0.047857 0.058376
0 0.728929 0.484772 0.107857 0.116751
0 0.735357 0.405457 0.120714 0.107868
0 0.740357 0.314721 0.120714 0.131980
0 0.750714 0.248096 0.110000 0.105330
0 0.765357 0.202411 0.110714 0.090102
