0 0.939196 0.538961 0.037056 0.076067
0 0.466075 0.539889 0.021921 0.066790
0 0.518006 0.557514 0.025574 0.063080
0 0.582203 0.529221 0.021399 0.062152
0 0.589509 0.460575 0.021399 0.060297
0 0.552192 0.377551 0.019833 0.048237
0 0.508351 0.428108 0.021921 0.060297
0 0.491127 0.388683 0.030271 0.048237
0 0.412578 0.397495 0.025574 0.051020
0 0.240084 0.203618 0.021921 0.041744
0 0.245564 0.260204 0.025574 0.043599
0 0.106472 0.165121 0.007307 0.020408
0 0.056889 0.218924 0.035491 0.038961
0 0.022704 0.050093 0.004697 0.014842
0 0.024269 0.057514 0.012004 0.009276
0 0.057933 0.025510 0.016701 0.012059
0 0.053236 0.019944 0.005219 0.015770
0 0.152662 0.025046 0.010960 0.009276
0 0.152140 0.021336 0.004697 0.011132
0 0.726775 0.881725 0.026618 0.101113
0 0.757568 0.904453 0.025574 0.090909
0 0.814718 0.929499 0.032359 0.105751
0 0.713727 0.652597 0.041232 0.054731
