0 0.761429 0.152381 0.084286 0.160000
0 0.940357 0.620476 0.050714 0.035238
0 0.090000 0.462381 0.062857 0.035238
0 0.468929 0.630476 0.025000 0.015238
0 0.615357 0.734286 0.022143 0.024762
0 0.958571 0.513333 0.031429 0.017143
0 0.827500 0.666667 0.022143 0.017143
0 0.281786 0.378571 0.015000 0.012381
0 0.395000 0.216667 0.011429 0.018095
0 0.444643 0.008571 0.007857 0.017143
0 0.472143 0.630952 0.010000 0.010476
0 0.618571 0.735714 0.012857 0.014286
0 0.827500 0.667143 0.012143 0.014286
0 0.963214 0.514762 0.017857 0.010476
0 0.502857 0.684762 0.014286 0.019048
