0 0.156054 0.712430 0.049061 0.059369
0 0.337944 0.420686 0.026618 0.023191
0 0.350992 0.319109 0.026618 0.020408
0 0.390397 0.286178 0.019833 0.021336
0 0.496608 0.422542 0.006785 0.012059
0 0.496608 0.416976 0.003653 0.015770
0 0.566023 0.312616 0.018267 0.022263
0 0.530010 0.292208 0.013048 0.018553
0 0.545146 0.279221 0.014092 0.022263
0 0.556367 0.272727 0.012526 0.016698
0 0.519311 0.290816 0.007307 0.010204
0 0.530010 0.276902 0.007829 0.010204
0 0.606472 0.234694 0.012526 0.014842
0 0.614301 0.239796 0.004175 0.008349
0 0.614562 0.237013 0.002610 0.010204
0 0.611169 0.215213 0.006263 0.007421
0 0.622912 0.208720 0.006785 0.007421
0 0.637004 0.209647 0.012004 0.012987
0 0.645877 0.202226 0.009916 0.014842
0 0.568894 0.500000 0.017745 0.024119
0 0.421973 0.280612 0.012004 0.015770
0 0.375783 0.282931 0.010438 0.018553
0 0.348904 0.296382 0.017223 0.015770
0 0.326461 0.283395 0.018267 0.015770
0 0.196242 0.271336 0.006263 0.006494
0 0.196242 0.266234 0.002088 0.009276
0 0.094990 0.211967 0.015658 0.015770
