0 0.180000 0.738571 0.057143 0.044762
0 0.438571 0.820952 0.051429 0.041905
0 0.167500 0.558095 0.046429 0.038095
0 0.220714 0.577619 0.050000 0.039048
0 0.310714 0.596190 0.032857 0.064762
0 0.424286 0.630000 0.028571 0.065714
0 0.355714 0.553333 0.010000 0.011429
0 0.359286 0.538571 0.008571 0.014286
0 0.030357 0.646190 0.010714 0.016190
0 0.032500 0.647619 0.010714 0.022857
0 0.052857 0.640952 0.015714 0.015238
0 0.055714 0.592381 0.025714 0.053333
0 0.408929 0.885714 0.023571 0.017143
0 0.410000 0.887143 0.012857 0.014286
0 0.391786 0.929048 0.023571 0.016190
0 0.596071 0.875238 0.057857 0.043810
0 0.986071 0.799048 0.026429 0.070476
0 0.940000 0.798571 0.055714 0.042857
0 0.846071 0.769524 0.050714 0.038095
0 0.789643 0.752857 0.055000 0.040952
0 0.723214 0.738095 0.053571 0.040000
0 0.660357 0.721905 0.050714 0.032381
0 0.605357 0.699048 0.050714 0.036190
0 0.687500 0.596667 0.023571 0.063810
0 0.675000 0.545238 0.047143 0.035238
0 0.755357 0.612857 0.025000 0.061905
0 0.867500 0.631429 0.025000 0.070476
0 0.840357 0.630476 0.025000 0.062857
0 0.814286 0.620952 0.027143 0.064762
0 0.780357 0.562857 0.046429 0.034286
0 0.836071 0.476667 0.026429 0.065714
0 0.778929 0.476190 0.022143 0.057143
0 0.755357 0.473810 0.023571 0.060000
0 0.689286 0.468571 0.024286 0.062857
0 0.665714 0.464286 0.024286 0.061905
0 0.514286 0.541429 0.032857 0.058095
0 0.485000 0.522381 0.031429 0.061905
0 0.430714 0.500476 0.034286 0.060000
0 0.466071 0.447619 0.009286 0.022857
0 0.452857 0.444286 0.008571 0.025714
0 0.442500 0.442381 0.010714 0.025714
0 0.398214 0.429048 0.012143 0.021905
0 0.384286 0.422381 0.010000 0.021905
0 0.330000 0.478571 0.028571 0.061905
0 0.276071 0.457619 0.032143 0.061905
0 0.251786 0.452381 0.032143 0.060952
0 0.201429 0.439524 0.032857 0.063810
0 0.170714 0.432857 0.034286 0.061905
0 0.145357 0.420952 0.033571 0.059048
0 0.123214 0.419048 0.032143 0.055238
0 0.094286 0.416190 0.040000 0.064762
0 0.040000 0.373333 0.011429 0.015238
0 0.042500 0.375714 0.010714 0.023810
0 0.077500 0.354286 0.015000 0.019048
0 0.112500 0.330476 0.047857 0.045714
0 0.231071 0.362381 0.012143 0.023810
0 0.105000 0.283810 0.037143 0.036190
0 0.100000 0.255238 0.044286 0.038095
