0 0.584286 0.953333 0.034286 0.060952
0 0.783929 0.842381 0.143571 0.271429
0 0.687143 0.790952 0.148571 0.254286
0 0.615000 0.679524 0.142857 0.185714
0 0.092857 0.773333 0.124286 0.257143
0 0.129643 0.492381 0.090714 0.160000
0 0.315357 0.626190 0.073571 0.170476
0 0.484643 0.389524 0.016429 0.062857
0 0.500714 0.384762 0.015714 0.053333
0 0.329643 0.399048 0.060714 0.129524
0 0.565714 0.260000 0.111429 0.078095
0 0.550357 0.212857 0.095000 0.071429
0 0.348571 0.281429 0.052857 0.117143
0 0.440714 0.214286 0.010000 0.053333
0 0.472500 0.154286 0.015000 0.047619
0 0.460714 0.136667 0.014286 0.044762
0 0.556429 0.129048 0.021429 0.039048
0 0.118571 0.250476 0.071429 0.097143
0 0.154643 0.167143 0.062143 0.086667
0 0.187500 0.101429 0.053571 0.071429
0 0.207143 0.047143 0.042857 0.048571
0 0.465357 0.039524 0.012143 0.039048
0 0.513929 0.080952 0.089286 0.053333
0 0.570357 0.090476 0.013571 0.043810
0 0.573214 0.073333 0.009286 0.047619
0 0.515000 0.048571 0.081429 0.038095
0 0.515000 0.026667 0.078571 0.040000
