0 0.113257 0.789425 0.014614 0.040816
0 0.061848 0.818182 0.015136 0.029685
0 0.075418 0.831169 0.048539 0.048237
0 0.208507 0.902134 0.014092 0.034323
0 0.222338 0.919759 0.014614 0.049165
0 0.232516 0.910482 0.013048 0.030612
0 0.207724 0.911410 0.020877 0.049165
0 0.224948 0.923933 0.027140 0.044527
0 0.236169 0.658627 0.064196 0.072356
0 0.247912 0.621985 0.055324 0.049165
0 0.200157 0.515770 0.008873 0.031540
0 0.243998 0.516698 0.009916 0.020408
0 0.241127 0.536178 0.027140 0.046382
0 0.266441 0.519944 0.025574 0.030612
0 0.316284 0.540353 0.030271 0.051020
0 0.360125 0.455473 0.010438 0.024119
0 0.338987 0.432282 0.007829 0.025974
0 0.373956 0.435993 0.005741 0.027829
0 0.362474 0.428108 0.007829 0.017625
0 0.368998 0.426252 0.007307 0.015770
0 0.378392 0.414193 0.011482 0.021336
0 0.364301 0.416048 0.009395 0.021336
0 0.369520 0.403525 0.011482 0.016698
0 0.376044 0.398423 0.012004 0.013915
0 0.386482 0.387291 0.015136 0.015770
0 0.386743 0.382653 0.012526 0.013915
0 0.403184 0.354360 0.010960 0.016698
0 0.427714 0.379870 0.015136 0.019481
0 0.434499 0.365028 0.018267 0.017625
0 0.436326 0.393785 0.015658 0.021336
0 0.412578 0.413729 0.024530 0.024119
0 0.399791 0.425788 0.007307 0.022263
0 0.448852 0.355288 0.020877 0.029685
0 0.453810 0.349258 0.019311 0.028757
0 0.458246 0.345547 0.018789 0.025046
0 0.464509 0.340909 0.019833 0.019481
0 0.465031 0.333024 0.026096 0.025974
0 0.489301 0.329314 0.033925 0.024119
0 0.474948 0.308905 0.006263 0.014842
0 0.470772 0.307514 0.033403 0.023191
0 0.482777 0.294991 0.029228 0.022263
0 0.405271 0.307514 0.024530 0.026902
0 0.466858 0.283395 0.004697 0.017625
0 0.460073 0.284323 0.009916 0.013915
0 0.492693 0.282004 0.019833 0.022263
0 0.503914 0.264378 0.010960 0.014842
0 0.466075 0.264378 0.008351 0.012987
0 0.505741 0.238868 0.006263 0.010204
0 0.524269 0.265770 0.032881 0.025046
0 0.486691 0.271800 0.010960 0.016698
0 0.553497 0.246753 0.019311 0.031540
0 0.563935 0.227737 0.018267 0.025046
0 0.513831 0.346011 0.004697 0.018553
0 0.513570 0.350649 0.005219 0.016698
0 0.591597 0.414193 0.018267 0.041744
0 0.525574 0.410019 0.020877 0.040816
0 0.566023 0.423933 0.014092 0.038961
0 0.512787 0.444805 0.024530 0.041744
0 0.581942 0.484694 0.024008 0.043599
0 0.550365 0.465213 0.008873 0.017625
0 0.548800 0.474954 0.016180 0.038961
0 0.497129 0.484694 0.028706 0.049165
0 0.458246 0.444805 0.028184 0.056586
0 0.465553 0.559833 0.039666 0.101113
0 0.362996 0.853432 0.012004 0.042672
0 0.394311 0.868275 0.018267 0.048237
0 0.495825 0.883117 0.012526 0.038961
0 0.495564 0.885436 0.015136 0.056586
0 0.602818 0.843228 0.013570 0.033395
0 0.579071 0.817718 0.014092 0.039889
0 0.740605 0.894712 0.012526 0.038033
0 0.840031 0.864100 0.013048 0.032468
0 0.834029 0.861317 0.012526 0.038033
0 0.830637 0.862709 0.029749 0.037106
0 0.742432 0.897959 0.025574 0.037106
0 0.582463 0.819573 0.027140 0.032468
0 0.610647 0.846939 0.050104 0.046382
0 0.773486 0.782468 0.048017 0.064007
0 0.906315 0.819573 0.057933 0.065863
0 0.827244 0.763451 0.031315 0.042672
0 0.858299 0.676716 0.009916 0.032468
0 0.929019 0.802412 0.018789 0.033395
0 0.931889 0.797310 0.014092 0.047310
0 0.946242 0.811688 0.016701 0.037106
0 0.844990 0.960111 0.099165 0.077922
0 0.961378 0.816327 0.035491 0.063080
0 0.895094 0.691558 0.038622 0.054731
0 0.786795 0.664657 0.045407 0.058442
0 0.756524 0.689239 0.028706 0.083488
0 0.668841 0.660019 0.029749 0.073284
0 0.855428 0.752319 0.012526 0.042672
0 0.606994 0.650278 0.037578 0.115028
0 0.620042 0.285714 0.014614 0.027829
0 0.576200 0.198516 0.012526 0.020408
0 0.590553 0.152597 0.006785 0.017625
0 0.595511 0.154917 0.003132 0.007421
0 0.595772 0.158163 0.003653 0.010204
0 0.623173 0.110390 0.007307 0.012987
0 0.648225 0.093692 0.007307 0.009276
0 0.628653 0.065863 0.002610 0.009276
0 0.627871 0.074675 0.005219 0.012059
0 0.644311 0.058442 0.005741 0.009276
0 0.650052 0.065399 0.010960 0.021336
0 0.641701 0.044991 0.001566 0.004638
0 0.645877 0.038497 0.001566 0.004638
0 0.649269 0.029221 0.001044 0.002783
0 0.649269 0.031076 0.002088 0.002783
0 0.646138 0.039889 0.002088 0.003711
0 0.641441 0.046382 0.002088 0.003711
0 0.739823 0.152597 0.016180 0.015770
0 0.703810 0.166048 0.008873 0.016698
0 0.713727 0.186456 0.008873 0.016698
0 0.725992 0.188776 0.009395 0.015770
0 0.731994 0.305659 0.018267 0.023191
0 0.731994 0.333488 0.016180 0.026902
0 0.751827 0.362709 0.032881 0.027829
0 0.782359 0.364100 0.020877 0.021336
0 0.985908 0.683210 0.018789 0.043599
0 0.983820 0.662338 0.022965 0.020408
0 0.905793 0.594156 0.023486 0.032468
0 0.958246 0.603432 0.010438 0.034323
0 0.961378 0.596475 0.008351 0.033395
0 0.943111 0.592764 0.014614 0.029685
0 0.942850 0.598330 0.017223 0.031540
0 0.972077 0.577458 0.030793 0.034323
0 0.991649 0.562152 0.013570 0.031540
0 0.983820 0.537570 0.011482 0.028757
0 0.926931 0.564471 0.008351 0.036178
0 0.925104 0.567718 0.009916 0.022263
0 0.925626 0.563080 0.010960 0.029685
0 0.932933 0.542672 0.008873 0.027829
0 0.935021 0.551020 0.012004 0.024119
0 0.889614 0.549629 0.008873 0.025046
0 0.932150 0.507885 0.006263 0.026902
0 0.946242 0.477273 0.007307 0.028757
0 0.900574 0.506030 0.012004 0.032468
0 0.873695 0.481911 0.035491 0.032468
0 0.905010 0.436456 0.006263 0.015770
0 0.900835 0.420223 0.007307 0.025974
0 0.911534 0.419759 0.022443 0.026902
0 0.891441 0.420686 0.010438 0.017625
0 0.888048 0.423933 0.012004 0.020408
0 0.889092 0.416512 0.006785 0.020408
0 0.860125 0.434137 0.027140 0.033395
0 0.846033 0.424397 0.007307 0.017625
0 0.859081 0.398423 0.006263 0.023191
0 0.847338 0.402134 0.006785 0.021336
0 0.844207 0.403525 0.013048 0.018553
0 0.882568 0.389147 0.015658 0.039889
0 0.846816 0.348330 0.007829 0.019481
0 0.846816 0.344620 0.006785 0.017625
0 0.822547 0.334879 0.007307 0.018553
0 0.826983 0.308442 0.012004 0.019481
0 0.828027 0.326067 0.008873 0.021336
0 0.855167 0.302876 0.010960 0.012059
0 0.845251 0.296846 0.006785 0.012987
0 0.853079 0.291280 0.005741 0.014842
0 0.821764 0.226345 0.012004 0.011132
0 0.820198 0.213822 0.012004 0.017625
0 0.812630 0.231911 0.004175 0.011132
0 0.808977 0.235622 0.004175 0.011132
0 0.806628 0.223562 0.004697 0.012987
0 0.812891 0.234230 0.003653 0.013915
0 0.808977 0.238868 0.004175 0.013915
0 0.806889 0.225881 0.005219 0.012059
0 0.810543 0.199443 0.009395 0.018553
0 0.802975 0.176716 0.003653 0.013915
0 0.796712 0.174861 0.004697 0.008349
0 0.798800 0.173469 0.005741 0.007421
0 0.794102 0.165121 0.002610 0.012987
0 0.795407 0.165584 0.003132 0.012059
0 0.798539 0.166512 0.003132 0.010204
0 0.800104 0.154917 0.014614 0.014842
0 0.791754 0.141002 0.004175 0.011132
0 0.792015 0.143785 0.003653 0.011132
0 0.779749 0.125232 0.003132 0.009276
0 0.770877 0.125696 0.003132 0.008349
0 0.770877 0.128479 0.004175 0.008349
0 0.735908 0.186456 0.009395 0.020408
0 0.735386 0.124768 0.009395 0.017625
0 0.704071 0.118275 0.011482 0.012059
0 0.701983 0.110853 0.011482 0.012059
0 0.777401 0.114564 0.003653 0.010204
0 0.777662 0.111317 0.003132 0.009276
0 0.779489 0.111317 0.002610 0.009276
0 0.764875 0.104824 0.003653 0.007421
0 0.836378 0.424397 0.009916 0.023191
0 0.792276 0.296846 0.005219 0.014842
