0 0.243929 0.635787 0.029286 0.157360
0 0.293571 0.482868 0.024286 0.143401
0 0.260357 0.437817 0.042143 0.154822
0 0.284643 0.309645 0.035000 0.144670
0 0.306071 0.350254 0.030714 0.121827
0 0.317857 0.227792 0.031429 0.115482
0 0.324286 0.112310 0.024286 0.166244
0 0.588571 0.148477 0.065714 0.177665
0 0.513929 0.331218 0.072143 0.180203
0 0.455357 0.300761 0.035000 0.190355
0 0.360357 0.540609 0.033571 0.157360
0 0.450357 0.112310 0.037857 0.153553
0 0.374643 0.231599 0.017857 0.069797
0 0.378571 0.163706 0.020000 0.058376
0 0.857143 0.403553 0.034286 0.106599
0 0.367500 0.414975 0.020714 0.088832
0 0.372500 0.317259 0.022143 0.060914
0 0.336786 0.451142 0.009286 0.034264
0 0.138571 0.939721 0.145714 0.090102
