0 0.399286 0.820000 0.082857 0.222857
0 0.302857 0.829524 0.064286 0.209524
0 0.214643 0.836190 0.079286 0.211429
0 0.831071 0.792857 0.083571 0.176190
0 0.892500 0.776667 0.093571 0.197143
0 0.460357 0.028571 0.010714 0.045714
0 0.575357 0.090000 0.013571 0.040952
0 0.582143 0.111905 0.010000 0.040952
0 0.398929 0.630476 0.017857 0.019048
0 0.263571 0.615238 0.028571 0.030476
0 0.388571 0.601905 0.021429 0.026667
0 0.140357 0.813810 0.033571 0.075238
0 0.686429 0.720000 0.025714 0.030476
0 0.693929 0.368571 0.010714 0.026667
0 0.691429 0.469524 0.024286 0.040000
0 0.661429 0.467619 0.020000 0.036190
0 0.637857 0.408571 0.012857 0.034286
0 0.652500 0.412857 0.016429 0.033333
