0 0.823330 0.673933 0.073591 0.151206
0 0.520355 0.845083 0.098121 0.269017
0 0.599165 0.620594 0.018789 0.059369
0 0.601514 0.639610 0.019311 0.073284
0 0.747390 0.942486 0.030271 0.076067
0 0.789144 0.945269 0.027140 0.072356
0 0.283925 0.635436 0.032359 0.035250
0 0.413100 0.555195 0.025574 0.056586
0 0.440762 0.520872 0.034969 0.043599
0 0.440501 0.493970 0.013570 0.047310
0 0.435804 0.582560 0.070981 0.129870
0 0.454332 0.438312 0.022443 0.039889
0 0.436848 0.434137 0.026096 0.042672
0 0.420929 0.414657 0.032881 0.037106
0 0.510960 0.407236 0.043841 0.072356
0 0.612474 0.349722 0.030793 0.087199
0 0.514875 0.277365 0.028706 0.050093
0 0.631785 0.245826 0.020355 0.050093
0 0.527923 0.169759 0.005741 0.027829
0 0.533142 0.170686 0.006785 0.025974
0 0.526096 0.154453 0.037578 0.028757
0 0.440240 0.118275 0.043319 0.056586
0 0.473121 0.116883 0.004697 0.018553
0 0.473121 0.121521 0.012004 0.016698
0 0.503392 0.118738 0.004697 0.016698
0 0.500000 0.118275 0.020877 0.026902
0 0.496868 0.061224 0.019833 0.018553
0 0.601775 0.128942 0.006263 0.018553
0 0.604384 0.130798 0.017745 0.012987
0 0.649791 0.128942 0.006263 0.014842
0 0.626827 0.161410 0.034447 0.040816
0 0.696503 0.126623 0.014092 0.026902
0 0.721033 0.202226 0.024530 0.040816
0 0.746086 0.227737 0.009916 0.032468
0 0.745825 0.231911 0.007307 0.029685
0 0.720251 0.314935 0.024008 0.058442
0 0.763570 0.322356 0.033403 0.075139
0 0.837683 0.359462 0.022965 0.032468
0 0.835073 0.353896 0.021921 0.032468
0 0.905532 0.348794 0.019833 0.033395
0 0.856733 0.220315 0.031837 0.039889
0 0.944415 0.442950 0.032881 0.039889
0 0.962422 0.473562 0.062630 0.071429
0 0.699896 0.150742 0.151357 0.065863
0 0.788883 0.160019 0.133090 0.088126
0 0.922756 0.176716 0.118998 0.075139
0 0.880219 0.142393 0.040188 0.039889
0 0.717641 0.142857 0.006263 0.022263
0 0.726253 0.145176 0.007829 0.026902
0 0.711639 0.135436 0.009916 0.027829
0 0.721033 0.116419 0.004697 0.019481
0 0.724948 0.116883 0.005219 0.022263
0 0.712944 0.119666 0.005219 0.020408
0 0.769572 0.089054 0.013048 0.018553
0 0.784708 0.113173 0.017223 0.024119
0 0.734342 0.095547 0.004175 0.014842
0 0.761743 0.076067 0.007829 0.020408
0 0.778184 0.057978 0.007307 0.015770
0 0.789144 0.047774 0.006263 0.013915
0 0.782098 0.049165 0.005741 0.014842
0 0.795407 0.044991 0.003132 0.010204
0 0.794885 0.048237 0.004175 0.009276
0 0.783142 0.073284 0.003653 0.011132
0 0.782881 0.076531 0.004175 0.012059
0 0.776357 0.040816 0.012004 0.012987
0 0.765136 0.041280 0.011482 0.015770
0 0.771660 0.059369 0.002610 0.016698
0 0.770094 0.059369 0.003653 0.014842
0 0.791754 0.028757 0.010438 0.011132
0 0.792537 0.094620 0.014092 0.018553
0 0.819415 0.102505 0.019833 0.032468
0 0.835856 0.103896 0.013048 0.024119
0 0.842119 0.087662 0.022443 0.017625
0 0.854123 0.092301 0.023486 0.023191
0 0.860647 0.089981 0.004175 0.018553
0 0.835073 0.066327 0.018789 0.019481
0 0.849687 0.030148 0.014614 0.013915
0 0.750261 0.089518 0.004697 0.013915
