0 0.011071 0.166667 0.010714 0.026667
0 0.031071 0.083333 0.030714 0.027619
0 0.072143 0.048571 0.038571 0.022857
0 0.089643 0.032381 0.027857 0.020952
0 0.084286 0.069048 0.011429 0.020000
0 0.094643 0.055238 0.009286 0.022857
0 0.150714 0.034286 0.017143 0.022857
0 0.132857 0.144762 0.022857 0.038095
0 0.170000 0.052381 0.015714 0.028571
0 0.204643 0.132381 0.016429 0.028571
0 0.208571 0.109524 0.018571 0.026667
0 0.210000 0.090476 0.021429 0.017143
0 0.214286 0.077619 0.021429 0.027619
0 0.218571 0.061429 0.015714 0.025714
0 0.250357 0.160476 0.089286 0.090476
0 0.283571 0.049048 0.015714 0.020000
0 0.272143 0.018571 0.011429 0.014286
0 0.266071 0.098095 0.023571 0.024762
0 0.316786 0.015238 0.009286 0.020952
0 0.338929 0.049048 0.025000 0.046667
0 0.349643 0.084762 0.016429 0.022857
0 0.344286 0.155714 0.011429 0.018095
0 0.341429 0.144762 0.008571 0.017143
0 0.416786 0.104762 0.007857 0.022857
0 0.413929 0.262857 0.013571 0.036190
0 0.483571 0.173333 0.007143 0.026667
0 0.451429 0.159524 0.008571 0.023810
0 0.443571 0.157619 0.008571 0.027619
0 0.440357 0.192857 0.009286 0.029524
0 0.473929 0.067143 0.046429 0.023810
0 0.597143 0.180476 0.052857 0.031429
0 0.628571 0.210000 0.061429 0.035238
0 0.840000 0.093333 0.010000 0.019048
0 0.711786 0.349048 0.112143 0.067619
0 0.773929 0.426190 0.127857 0.084762
0 0.932143 0.403333 0.070000 0.048571
0 0.630000 0.476667 0.092857 0.052381
0 0.575714 0.343333 0.082857 0.044762
0 0.531786 0.443333 0.010714 0.037143
0 0.576071 0.382381 0.006429 0.035238
0 0.596786 0.395238 0.010714 0.032381
0 0.590714 0.392381 0.025714 0.022857
0 0.591429 0.377619 0.014286 0.025714
0 0.451786 0.444286 0.009286 0.039048
