0 0.452857 0.826667 0.028571 0.078095
0 0.465357 0.496667 0.023571 0.042857
0 0.471071 0.434286 0.017857 0.032381
0 0.497500 0.399048 0.016429 0.028571
0 0.477500 0.296667 0.012143 0.021905
0 0.494286 0.320952 0.014286 0.020952
0 0.495714 0.350952 0.012857 0.023810
0 0.585000 0.434762 0.030000 0.021905
0 0.566786 0.331905 0.033571 0.021905
0 0.494643 0.221429 0.010714 0.016190
0 0.511071 0.226667 0.013571 0.017143
0 0.379643 0.191905 0.022143 0.014286
0 0.357143 0.196190 0.020000 0.013333
0 0.347857 0.190952 0.018571 0.014286
0 0.372500 0.182381 0.025000 0.016190
0 0.377143 0.152381 0.018571 0.013333
0 0.162500 0.097619 0.017857 0.010476
0 0.596786 0.121429 0.013571 0.010476
0 0.581786 0.132381 0.007857 0.013333
0 0.579643 0.115238 0.009286 0.009524
0 0.700357 0.115238 0.015000 0.009524
0 0.472143 0.193333 0.014286 0.020952
0 0.593571 0.133333 0.005714 0.011429
0 0.568571 0.133810 0.010000 0.012381
0 0.558929 0.131429 0.007857 0.013333
0 0.548571 0.130476 0.008571 0.013333
0 0.472500 0.354286 0.017857 0.102857
0 0.475714 0.261429 0.014286 0.039048
0 0.478571 0.221905 0.012857 0.028571
0 0.414643 0.150476 0.026429 0.019048
0 0.496786 0.280000 0.017857 0.045714
0 0.497143 0.247619 0.014286 0.026667
0 0.516071 0.195714 0.007857 0.008571
0 0.495714 0.154286 0.007143 0.007619
0 0.485714 0.152857 0.008571 0.006667
0 0.596071 0.151429 0.019286 0.015238
0 0.390714 0.103810 0.010000 0.011429
0 0.519643 0.143810 0.003571 0.011429
0 0.480357 0.143333 0.003571 0.010476
0 0.491429 0.144286 0.004286 0.008571
0 0.527500 0.143810 0.002143 0.009524
0 0.530357 0.143333 0.003571 0.010476
0 0.525714 0.124762 0.004286 0.009524
0 0.500357 0.120000 0.003571 0.009524
0 0.503571 0.098571 0.002857 0.010476
0 0.453214 0.109524 0.003571 0.009524
0 0.463214 0.109048 0.002143 0.010476
0 0.466786 0.110000 0.003571 0.010476
0 0.517143 0.193333 0.004286 0.009524
0 0.486429 0.149048 0.004286 0.006667
0 0.497143 0.150476 0.002857 0.007619
0 0.438214 0.286667 0.003571 0.007619
0 0.436786 0.280952 0.005000 0.011429
0 0.812857 0.708095 0.024286 0.016190
0 0.810714 0.706190 0.008571 0.016190
0 0.814643 0.705714 0.007857 0.013333
0 0.351786 0.172857 0.056429 0.027619
0 0.465000 0.548571 0.020000 0.059048
0 0.364643 0.608095 0.007857 0.023810
0 0.366071 0.604286 0.012143 0.016190
