0 0.333929 0.012857 0.023571 0.018095
0 0.332500 0.024762 0.023571 0.019048
0 0.342500 0.058095 0.059286 0.045714
0 0.342857 0.168095 0.064286 0.039048
0 0.325357 0.213333 0.023571 0.017143
0 0.395000 0.214286 0.022857 0.043810
0 0.382143 0.213333 0.011429 0.020952
0 0.428214 0.045238 0.022143 0.014286
0 0.421429 0.040476 0.008571 0.010476
0 0.445714 0.123810 0.031429 0.110476
0 0.450000 0.229048 0.032857 0.101905
0 0.572857 0.050000 0.025714 0.067619
0 0.578929 0.128095 0.025000 0.069524
0 0.576071 0.219524 0.025000 0.077143
0 0.581429 0.386667 0.027143 0.081905
0 0.553214 0.376667 0.009286 0.031429
0 0.352143 0.516667 0.015714 0.033333
0 0.396429 0.481429 0.025714 0.088571
0 0.492500 0.551429 0.025000 0.085714
0 0.589286 0.593810 0.030000 0.092381
0 0.449643 0.587619 0.023571 0.074286
0 0.438571 0.697143 0.037143 0.129524
0 0.590714 0.709048 0.025714 0.077143
0 0.401786 0.837143 0.036429 0.106667
0 0.291071 0.721429 0.012143 0.031429
