0 0.278929 0.725238 0.017857 0.021905
0 0.370357 0.978095 0.040714 0.036190
0 0.539286 0.883810 0.035714 0.055238
0 0.402500 0.660952 0.007857 0.013333
0 0.772143 0.185238 0.014286 0.018095
0 0.803571 0.191429 0.018571 0.013333
0 0.839286 0.271429 0.005714 0.020952
0 0.846071 0.266667 0.005000 0.022857
0 0.826786 0.824762 0.089286 0.125714
0 0.964643 0.712857 0.070714 0.107619
0 0.958929 0.618571 0.069286 0.096190
0 0.944643 0.238095 0.017857 0.017143
0 0.946429 0.230000 0.020000 0.020000
0 0.876429 0.111429 0.051429 0.047619
0 0.891429 0.091905 0.050000 0.040952
