0 0.563674 0.127087 0.008351 0.014842
0 0.547756 0.080241 0.005741 0.015770
0 0.548800 0.112245 0.007829 0.014842
0 0.556106 0.058442 0.006785 0.011132
0 0.387526 0.518089 0.004697 0.013915
0 0.386482 0.483766 0.005741 0.013915
0 0.424322 0.344156 0.005219 0.009276
0 0.431367 0.292672 0.004697 0.012059
0 0.435282 0.297774 0.005219 0.009276
0 0.626566 0.297774 0.003653 0.009276
0 0.637004 0.302876 0.002610 0.010204
0 0.583246 0.218924 0.003653 0.012987
0 0.581420 0.165121 0.003132 0.009276
0 0.491910 0.092301 0.002610 0.006494
0 0.493215 0.070037 0.003132 0.006494
0 0.773747 0.955009 0.010960 0.023191
0 0.771921 0.790353 0.009395 0.025974
0 0.583246 0.148887 0.004697 0.008349
0 0.573069 0.070037 0.003132 0.006494
0 0.492693 0.075139 0.003132 0.003711
0 0.492171 0.098330 0.002088 0.005566
0 0.573069 0.076067 0.003132 0.005566
0 0.582724 0.155380 0.002610 0.006494
0 0.581681 0.170686 0.003653 0.007421
0 0.583246 0.226809 0.004697 0.008349
0 0.626566 0.306586 0.004697 0.008349
0 0.636221 0.313080 0.003132 0.010204
0 0.436065 0.306122 0.004697 0.007421
0 0.429541 0.301484 0.003132 0.007421
0 0.424061 0.354360 0.005741 0.011132
0 0.385960 0.501391 0.007829 0.015770
0 0.386482 0.533859 0.006785 0.015770
0 0.772182 0.798701 0.022443 0.018553
0 0.768528 0.966605 0.013048 0.035250
0 0.568372 0.028293 0.002088 0.010204
0 0.500522 0.017625 0.002088 0.011132
0 0.668058 0.464286 0.004175 0.012059
0 0.666754 0.471707 0.007829 0.019481
0 0.592641 0.192486 0.002610 0.013915
0 0.593424 0.185993 0.003132 0.013915
