0 0.239643 0.780457 0.036429 0.131980
0 0.578571 0.928934 0.051429 0.131980
0 0.607857 0.912437 0.050000 0.126904
0 0.640357 0.901650 0.050714 0.130711
0 0.247143 0.965736 0.041429 0.065990
0 0.328214 0.946066 0.036429 0.105330
0 0.369286 0.981599 0.031429 0.034264
0 0.296786 0.608503 0.057857 0.217005
0 0.336429 0.596447 0.061429 0.215736
0 0.448929 0.555203 0.066429 0.201777
0 0.616786 0.490482 0.075000 0.163706
0 0.481429 0.546320 0.065714 0.191624
0 0.533929 0.669416 0.042143 0.100254
0 0.396786 0.916878 0.037857 0.100254
0 0.680357 0.569162 0.040714 0.072335
0 0.731429 0.659264 0.074286 0.135787
0 0.826429 0.820431 0.098571 0.161168
0 0.566071 0.372462 0.042143 0.085025
0 0.604286 0.392766 0.047143 0.095178
0 0.645357 0.492386 0.033571 0.068528
0 0.545714 0.271574 0.028571 0.048223
0 0.522857 0.270939 0.022857 0.046954
0 0.506786 0.194162 0.022143 0.040609
0 0.495357 0.166878 0.016429 0.026650
0 0.476071 0.163706 0.020714 0.032995
0 0.493214 0.200508 0.020714 0.038071
0 0.484643 0.139594 0.022143 0.040609
0 0.457500 0.121193 0.025000 0.062183
0 0.462143 0.281726 0.005714 0.025381
0 0.466429 0.281726 0.004286 0.025381
