0 0.948852 0.596939 0.055324 0.082560
0 0.353862 0.909091 0.053236 0.059369
0 0.329332 0.601113 0.013570 0.044527
0 0.451200 0.594156 0.026618 0.102968
0 0.393528 0.564471 0.021921 0.030612
0 0.355167 0.462894 0.020355 0.022263
0 0.359081 0.473562 0.009395 0.036178
0 0.357516 0.443878 0.017745 0.025046
0 0.360125 0.419295 0.028184 0.037106
0 0.366649 0.392857 0.028706 0.026902
0 0.365344 0.386364 0.020877 0.019481
0 0.387004 0.354824 0.048539 0.036178
0 0.453810 0.305659 0.023486 0.060297
0 0.386482 0.193878 0.013048 0.018553
0 0.405271 0.198052 0.005741 0.023191
0 0.392484 0.191558 0.016701 0.017625
0 0.399791 0.154453 0.015658 0.017625
0 0.402401 0.136364 0.014614 0.014842
0 0.414405 0.074675 0.006263 0.015770
0 0.424061 0.112709 0.018267 0.041744
0 0.454332 0.127551 0.016180 0.039889
0 0.457463 0.075603 0.014092 0.034323
0 0.471555 0.088126 0.012004 0.029685
0 0.485908 0.051484 0.009395 0.026902
0 0.515658 0.036178 0.015658 0.025974
0 0.521399 0.083488 0.014614 0.029685
0 0.495825 0.084416 0.005219 0.014842
0 0.486691 0.116419 0.006785 0.015770
0 0.473121 0.146568 0.006785 0.020408
0 0.516180 0.161874 0.006263 0.017625
0 0.495825 0.090445 0.006263 0.017625
0 0.487213 0.121985 0.007829 0.019481
0 0.473121 0.150278 0.006785 0.020408
0 0.515919 0.166976 0.006785 0.020408
0 0.531315 0.164657 0.015658 0.028757
0 0.502349 0.166512 0.012004 0.034323
0 0.483299 0.160946 0.013570 0.039889
0 0.544363 0.262059 0.022965 0.034323
0 0.539666 0.300557 0.021921 0.051948
0 0.589770 0.292672 0.037578 0.047310
0 0.615605 0.309833 0.010960 0.029685
0 0.611169 0.323284 0.020877 0.025046
0 0.615605 0.341837 0.007829 0.028757
0 0.646138 0.346475 0.014614 0.013915
0 0.649530 0.371058 0.009916 0.037106
0 0.609864 0.387291 0.024530 0.060297
0 0.555324 0.395176 0.021921 0.051948
0 0.665449 0.390074 0.016701 0.023191
0 0.675365 0.368738 0.009395 0.028757
0 0.636221 0.510668 0.011482 0.034323
0 0.619259 0.476809 0.021399 0.025974
0 0.570198 0.494434 0.029749 0.068646
0 0.546712 0.608071 0.021399 0.071429
0 0.702244 0.609926 0.031837 0.069573
0 0.615866 0.813080 0.028184 0.097403
0 0.570459 0.782468 0.013570 0.034323
0 0.569154 0.785250 0.013048 0.049165
0 0.230689 0.971243 0.016701 0.042672
0 0.608038 0.250928 0.049061 0.041744
0 0.568633 0.163265 0.017223 0.040816
0 0.590031 0.156308 0.025574 0.038033
0 0.580898 0.122913 0.031315 0.026902
0 0.568894 0.083024 0.027140 0.028757
0 0.550104 0.023655 0.006263 0.013915
