0 0.324286 0.029524 0.042857 0.059048
0 0.303571 0.132857 0.010000 0.021905
0 0.288571 0.129524 0.011429 0.028571
0 0.280357 0.150952 0.012143 0.021905
0 0.251429 0.132381 0.015714 0.026667
0 0.160357 0.254286 0.009286 0.011429
0 0.180000 0.275714 0.020000 0.016190
0 0.282500 0.262857 0.010714 0.026667
0 0.345714 0.215714 0.035714 0.058095
0 0.300714 0.301429 0.065714 0.054286
0 0.178571 0.398571 0.060000 0.035238
0 0.371429 0.476190 0.054286 0.076190
0 0.417857 0.570952 0.025714 0.067619
0 0.356429 0.766667 0.028571 0.106667
0 0.130714 0.846190 0.080000 0.039048
0 0.540357 0.705714 0.037857 0.131429
0 0.498214 0.489524 0.057857 0.093333
0 0.652143 0.426190 0.010000 0.023810
0 0.695714 0.316190 0.071429 0.043810
0 0.810000 0.309524 0.062857 0.038095
0 0.617143 0.237619 0.007143 0.023810
0 0.617500 0.139524 0.005000 0.025714
0 0.551071 0.257619 0.006429 0.023810
0 0.564286 0.243333 0.024286 0.054286
0 0.553214 0.163810 0.015000 0.045714
