0 0.241071 0.384762 0.013571 0.019048
0 0.281071 0.353333 0.012143 0.030476
0 0.340357 0.201905 0.007857 0.026667
0 0.416786 0.082857 0.006429 0.020952
0 0.417143 0.078095 0.007143 0.019048
0 0.391429 0.040952 0.032857 0.081905
0 0.378214 0.102381 0.023571 0.056190
0 0.365714 0.219048 0.025714 0.059048
0 0.377143 0.482857 0.021429 0.062857
0 0.195000 0.617143 0.020000 0.011429
0 0.118214 0.965238 0.022143 0.016190
0 0.276786 0.725714 0.035000 0.083810
0 0.478571 0.891905 0.037143 0.079048
0 0.471786 0.918571 0.016429 0.020000
0 0.487143 0.726667 0.021429 0.068571
0 0.526429 0.820000 0.055714 0.276190
0 0.534643 0.617619 0.042143 0.136190
0 0.490000 0.543333 0.045714 0.122857
0 0.507500 0.600000 0.007857 0.032381
0 0.489643 0.614286 0.007857 0.017143
0 0.538929 0.490952 0.022143 0.031429
0 0.547500 0.363810 0.043571 0.171429
0 0.554643 0.224762 0.030714 0.108571
0 0.561786 0.151429 0.022143 0.040000
0 0.562857 0.070476 0.017143 0.047619
