0 0.252500 0.670000 0.093571 0.149524
0 0.280714 0.806667 0.090000 0.196190
0 0.442143 0.190476 0.057143 0.045714
0 0.515714 0.252857 0.045714 0.063810
0 0.609643 0.216667 0.047857 0.050476
0 0.635714 0.101429 0.025714 0.033333
0 0.421429 0.101905 0.045714 0.024762
0 0.663929 0.122857 0.029286 0.034286
0 0.751071 0.126667 0.025000 0.034286
0 0.725357 0.101905 0.020714 0.032381
0 0.673214 0.084762 0.026429 0.028571
0 0.700000 0.079524 0.027143 0.037143
0 0.751786 0.063810 0.026429 0.032381
0 0.775357 0.086667 0.025000 0.040000
0 0.791429 0.040000 0.021429 0.028571
0 0.713214 0.022381 0.030714 0.023810
0 0.684643 0.044286 0.027857 0.027619
0 0.658929 0.027619 0.029286 0.030476
0 0.375714 0.431905 0.064286 0.086667
0 0.255357 0.260952 0.057857 0.053333
0 0.213929 0.217619 0.070714 0.046667
0 0.157857 0.140952 0.054286 0.040000
0 0.381429 0.242857 0.057143 0.068571
0 0.457500 0.262381 0.043571 0.075238
0 0.758214 0.176190 0.042143 0.040000
0 0.783929 0.018095 0.029286 0.026667
0 0.597857 0.044762 0.027143 0.040000
0 0.634643 0.153333 0.029286 0.055238
0 0.846429 0.046190 0.025714 0.025714
0 0.701429 0.775714 0.015714 0.025714
0 0.701786 0.749048 0.023571 0.021905
0 0.698571 0.725238 0.021429 0.025714
0 0.703571 0.698571 0.020000 0.029524
0 0.702143 0.680000 0.018571 0.019048
0 0.702500 0.635238 0.023571 0.034286
0 0.704286 0.614762 0.024286 0.035238
0 0.684643 0.630000 0.012143 0.046667
0 0.672143 0.626667 0.014286 0.041905
0 0.657143 0.641429 0.012857 0.039048
0 0.644643 0.636190 0.016429 0.045714
0 0.643571 0.601429 0.017143 0.042857
0 0.717857 0.415714 0.015714 0.042857
0 0.687500 0.341429 0.012143 0.039048
0 0.685000 0.339048 0.035714 0.022857
0 0.910714 0.056190 0.004286 0.019048
0 0.885000 0.050476 0.005714 0.011429
0 0.884643 0.054762 0.010714 0.008571
0 0.867857 0.055714 0.010000 0.016190
0 0.827857 0.034762 0.005714 0.018095
0 0.823571 0.020952 0.005714 0.015238
0 0.828214 0.039524 0.009286 0.012381
0 0.822857 0.025238 0.010000 0.012381
0 0.575000 0.020476 0.017143 0.012381
0 0.575714 0.015714 0.008571 0.018095
0 0.457143 0.148571 0.011429 0.030476
0 0.338571 0.093333 0.010000 0.032381
0 0.322500 0.097619 0.009286 0.027619
0 0.296429 0.099524 0.008571 0.025714
0 0.218214 0.091429 0.010714 0.028571
0 0.254643 0.061429 0.010714 0.025714
0 0.269286 0.077143 0.010000 0.022857
0 0.268214 0.059524 0.006429 0.027619
0 0.282143 0.063333 0.008571 0.025714
0 0.289286 0.062381 0.008571 0.021905
0 0.290714 0.049048 0.010000 0.021905
0 0.263214 0.016190 0.007857 0.013333
0 0.265000 0.022381 0.012857 0.012381
0 0.270000 0.037143 0.008571 0.013333
0 0.270357 0.042381 0.010714 0.012381
0 0.271429 0.044762 0.007143 0.013333
0 0.274286 0.051429 0.010000 0.017143
0 0.298929 0.080000 0.007857 0.026667
0 0.295714 0.077143 0.007143 0.026667
0 0.273571 0.093810 0.010000 0.016190
0 0.275357 0.102381 0.013571 0.016190
0 0.190714 0.136667 0.012857 0.029524
0 0.208214 0.135238 0.013571 0.028571
0 0.192143 0.120000 0.011429 0.026667
0 0.197500 0.117143 0.009286 0.024762
0 0.206071 0.113810 0.013571 0.031429
0 0.197857 0.106667 0.012857 0.030476
0 0.221786 0.577619 0.025000 0.050476
0 0.358929 0.205714 0.009286 0.020952
0 0.359643 0.212857 0.020714 0.020000
0 0.546429 0.462381 0.120000 0.261905
