0 0.498214 0.397619 0.099286 0.063810
0 0.672500 0.347143 0.102143 0.058095
0 0.836071 0.414762 0.105000 0.060000
0 0.892500 0.358095 0.103571 0.060952
0 0.562500 0.593810 0.116429 0.079048
0 0.220357 0.404286 0.109286 0.054286
0 0.241786 0.329048 0.100714 0.054286
0 0.259286 0.664286 0.140000 0.084762
0 0.296429 0.474762 0.108571 0.067619
0 0.441786 0.760476 0.145000 0.101905
0 0.698929 0.872381 0.146429 0.102857
0 0.892143 0.865714 0.148571 0.093333
0 0.932500 0.778571 0.029286 0.050476
0 0.925714 0.776190 0.067143 0.045714
