0 0.146429 0.849048 0.030000 0.037143
0 0.055357 0.626667 0.032143 0.049524
0 0.077500 0.606190 0.019286 0.016190
0 0.105357 0.744286 0.117857 0.164762
0 0.228214 0.750476 0.077857 0.171429
0 0.350714 0.642857 0.077143 0.173333
0 0.808571 0.877619 0.090000 0.210476
0 0.763571 0.504762 0.047143 0.127619
0 0.677500 0.517143 0.050714 0.123810
0 0.637857 0.543333 0.021429 0.052381
0 0.665000 0.392381 0.048571 0.097143
0 0.445714 0.437143 0.018571 0.047619
0 0.391786 0.480000 0.057857 0.123810
0 0.182857 0.582381 0.098571 0.140000
0 0.222500 0.430476 0.039286 0.053333
0 0.126071 0.444286 0.023571 0.046667
0 0.124286 0.431429 0.011429 0.020952
0 0.421429 0.359048 0.055714 0.108571
0 0.488571 0.305714 0.045714 0.091429
0 0.452857 0.266667 0.048571 0.087619
0 0.338929 0.232857 0.056429 0.073333
0 0.316786 0.504286 0.042143 0.073333
0 0.793929 0.268571 0.017857 0.038095
0 0.786071 0.252381 0.016429 0.041905
0 0.863214 0.321429 0.035000 0.048571
0 0.889286 0.321429 0.032857 0.021905
0 0.870000 0.258095 0.041429 0.040000
0 0.890714 0.300476 0.038571 0.027619
0 0.857500 0.200952 0.032143 0.045714
0 0.852143 0.150952 0.030000 0.033333
0 0.830357 0.104762 0.025000 0.030476
0 0.730714 0.163810 0.032857 0.066667
0 0.626786 0.166667 0.036429 0.072381
0 0.735714 0.326667 0.037143 0.097143
0 0.764286 0.055238 0.011429 0.030476
0 0.765714 0.047619 0.011429 0.026667
0 0.471786 0.192857 0.040714 0.061905
0 0.516429 0.120000 0.034286 0.070476
0 0.479643 0.135714 0.035000 0.061905
0 0.493929 0.079524 0.032143 0.060000
0 0.507500 0.033333 0.026429 0.049524
0 0.396786 0.088095 0.039286 0.058095
0 0.415357 0.039524 0.030714 0.063810
0 0.345000 0.188571 0.014286 0.034286
0 0.362143 0.151429 0.015714 0.028571
0 0.323929 0.145714 0.019286 0.034286
0 0.325000 0.138095 0.012857 0.028571
0 0.329286 0.167619 0.011429 0.036190
0 0.337857 0.086190 0.018571 0.020000
0 0.361786 0.039048 0.007857 0.028571
0 0.365357 0.022857 0.012143 0.020952
