0 0.290971 0.934601 0.012004 0.023191
0 0.320720 0.850186 0.012004 0.030612
0 0.313935 0.936456 0.007829 0.032468
0 0.364823 0.595083 0.005219 0.015770
0 0.672495 0.719852 0.007829 0.022263
0 0.641962 0.667904 0.006263 0.024119
0 0.597599 0.534323 0.007307 0.018553
0 0.726775 0.787106 0.009916 0.021336
0 0.826461 0.820501 0.007829 0.015770
0 0.647965 0.385900 0.004697 0.012987
0 0.586378 0.211503 0.004697 0.009276
0 0.621868 0.278757 0.003653 0.012059
0 0.623956 0.261596 0.003653 0.007421
0 0.429802 0.299165 0.004697 0.008349
0 0.432150 0.274119 0.004175 0.012059
0 0.460334 0.189703 0.002088 0.006494
0 0.463205 0.176716 0.002610 0.010204
0 0.472599 0.167904 0.002610 0.009276
0 0.495303 0.042672 0.002088 0.005566
0 0.496347 0.030148 0.002088 0.006494
0 0.497651 0.014378 0.001566 0.006494
0 0.460595 0.195269 0.003653 0.010204
0 0.462944 0.182746 0.003132 0.009276
0 0.472860 0.173933 0.003132 0.008349
0 0.431889 0.282004 0.004697 0.011132
0 0.429802 0.307978 0.003653 0.014842
0 0.364040 0.603432 0.006785 0.015770
0 0.319154 0.869666 0.007829 0.025046
0 0.314196 0.940631 0.012526 0.055659
0 0.293841 0.936456 0.020877 0.062152
0 0.671973 0.737013 0.008873 0.021336
0 0.597338 0.540816 0.017223 0.016698
0 0.647182 0.392393 0.005219 0.014842
0 0.585334 0.219388 0.003653 0.008349
0 0.641962 0.675325 0.015658 0.035250
0 0.725209 0.795918 0.007829 0.033395
0 0.887004 0.923933 0.015136 0.053803
0 0.896399 0.925788 0.014092 0.040816
0 0.906576 0.517625 0.036534 0.031540
0 0.621868 0.286642 0.003653 0.011132
0 0.623434 0.269017 0.003653 0.011132
0 0.494781 0.047774 0.002088 0.006494
0 0.496086 0.033395 0.002610 0.005566
0 0.497651 0.019017 0.001566 0.004638
0 0.576200 0.149351 0.003132 0.007421
0 0.575939 0.154453 0.002610 0.010204
0 0.573852 0.134045 0.003653 0.015770
0 0.583246 0.150742 0.002610 0.010204
0 0.582203 0.146104 0.002610 0.012059
0 0.552975 0.067718 0.006785 0.011132
0 0.561587 0.144249 0.009395 0.013915
0 0.545929 0.124304 0.008351 0.016698
0 0.544624 0.092764 0.007829 0.012987
0 0.541232 0.003247 0.005219 0.006494
0 0.563935 0.022727 0.001566 0.008349
