0 0.015714 0.140000 0.012857 0.028571
0 0.007143 0.150000 0.011429 0.027619
0 0.026429 0.172381 0.011429 0.024762
0 0.201786 0.078095 0.012143 0.022857
0 0.078571 0.023333 0.042857 0.044762
0 0.093929 0.038571 0.039286 0.035238
0 0.138929 0.050476 0.037857 0.047619
0 0.063214 0.082857 0.047857 0.026667
0 0.053929 0.195238 0.020714 0.020952
0 0.052500 0.184762 0.009286 0.020952
0 0.276786 0.080476 0.033571 0.044762
0 0.316071 0.102857 0.029286 0.034286
0 0.306429 0.169524 0.040000 0.053333
0 0.160714 0.306667 0.058571 0.066667
0 0.222857 0.515714 0.017143 0.037143
0 0.255357 0.506667 0.016429 0.038095
0 0.464643 0.058095 0.017857 0.026667
0 0.400000 0.221905 0.052857 0.076190
0 0.547500 0.028095 0.020714 0.031429
0 0.708571 0.061905 0.050000 0.038095
0 0.696786 0.123810 0.066429 0.051429
0 0.697857 0.178095 0.077143 0.066667
0 0.557500 0.228571 0.013571 0.026667
0 0.510714 0.441905 0.010000 0.034286
0 0.694286 0.389524 0.014286 0.036190
0 0.628929 0.549524 0.113571 0.114286
0 0.636071 0.632857 0.092143 0.077143
0 0.605000 0.702381 0.130000 0.094286
0 0.706786 0.621905 0.013571 0.028571
0 0.904286 0.896190 0.168571 0.106667
0 0.890714 0.792381 0.145714 0.110476
0 0.794286 0.794762 0.017143 0.031429
0 0.814286 0.795714 0.017143 0.035238
0 0.827500 0.819524 0.017857 0.035238
0 0.803214 0.834286 0.020714 0.032381
0 0.843929 0.581429 0.087857 0.063810
0 0.934286 0.511429 0.082857 0.057143
0 0.940357 0.378571 0.069286 0.048571
0 0.937857 0.343333 0.060000 0.039048
0 0.923214 0.316190 0.072143 0.041905
0 0.920357 0.272381 0.063571 0.047619
0 0.898571 0.209048 0.052857 0.037143
0 0.906786 0.176190 0.057857 0.032381
0 0.834643 0.090476 0.023571 0.030476
0 0.938929 0.100952 0.025000 0.030476
0 0.910000 0.144286 0.050000 0.027619
0 0.902143 0.123333 0.047143 0.023810
0 0.893214 0.106190 0.046429 0.023810
0 0.888929 0.094286 0.047857 0.026667
0 0.875357 0.071905 0.050714 0.023810
0 0.876786 0.062381 0.047857 0.020000
0 0.872857 0.048571 0.034286 0.017143
0 0.863214 0.022381 0.040714 0.021905
0 0.869643 0.012857 0.036429 0.018095
0 0.818929 0.010000 0.036429 0.020000
0 0.819643 0.021429 0.039286 0.029524
0 0.965000 0.018571 0.037143 0.016190
