0 0.455000 0.847716 0.017143 0.055838
0 0.422143 0.945431 0.022857 0.063452
0 0.488929 0.634518 0.015000 0.035533
0 0.506786 0.524746 0.015000 0.029188
0 0.552500 0.334391 0.010714 0.029188
0 0.526429 0.287437 0.008571 0.019036
0 0.522143 0.225888 0.007143 0.015228
0 0.580357 0.144036 0.007857 0.019036
0 0.609643 0.140228 0.006429 0.016497
0 0.584643 0.080584 0.006429 0.013959
0 0.541786 0.095178 0.006429 0.012690
0 0.484286 0.019670 0.015714 0.011421
0 0.446071 0.005076 0.015000 0.010152
0 0.460714 0.676396 0.017143 0.043147
0 0.492857 0.496827 0.014286 0.031726
0 0.573929 0.461929 0.027857 0.025381
0 0.534643 0.180838 0.007857 0.019036
0 0.609286 0.103426 0.007143 0.019036
0 0.574286 0.099619 0.007143 0.019036
0 0.555357 0.050761 0.016429 0.015228
0 0.498214 0.394036 0.020714 0.085025
0 0.548214 0.131345 0.010714 0.052030
0 0.550000 0.104695 0.005714 0.013959
0 0.570000 0.260787 0.007143 0.026650
0 0.577857 0.839467 0.004286 0.016497
0 0.569643 0.844543 0.005000 0.016497
0 0.572857 0.833756 0.005714 0.017766
0 0.493571 0.013959 0.014286 0.012690
0 0.601786 0.494924 0.003571 0.012690
0 0.801429 0.364848 0.011429 0.024112
0 0.795714 0.347081 0.012857 0.029188
0 0.772143 0.240482 0.008571 0.016497
0 0.767500 0.225254 0.012143 0.019036
