0 0.038571 0.079315 0.031429 0.024112
0 0.259286 0.121827 0.041429 0.035533
0 0.299286 0.096447 0.030000 0.022843
0 0.313571 0.156091 0.031429 0.022843
0 0.362857 0.082487 0.014286 0.035533
0 0.390714 0.106599 0.030000 0.025381
0 0.493214 0.038706 0.012143 0.034264
0 0.519286 0.119924 0.030000 0.026650
0 0.562500 0.079315 0.010714 0.039340
0 0.612857 0.048223 0.011429 0.038071
0 0.612500 0.116117 0.009286 0.029188
0 0.640000 0.072335 0.015714 0.076142
0 0.925357 0.086294 0.025000 0.063452
0 0.708929 0.170051 0.043571 0.035533
0 0.932500 0.539975 0.017857 0.054569
0 0.792143 0.893401 0.018571 0.078680
0 0.758214 0.876904 0.015000 0.060914
0 0.729643 0.960025 0.036429 0.029188
0 0.673929 0.881980 0.026429 0.175127
0 0.528214 0.837563 0.017857 0.063452
0 0.453571 0.796320 0.017143 0.067259
0 0.441071 0.581853 0.013571 0.054569
0 0.327500 0.524112 0.013571 0.045685
0 0.412500 0.546954 0.006429 0.025381
0 0.412143 0.545685 0.005714 0.015228
0 0.466429 0.146574 0.027143 0.026650
0 0.366071 0.266497 0.012143 0.040609
0 0.287857 0.197335 0.022857 0.090102
0 0.397500 0.274112 0.005000 0.020305
0 0.396071 0.271574 0.005000 0.015228
0 0.396786 0.230330 0.012143 0.036802
0 0.422857 0.240482 0.011429 0.034264
0 0.449643 0.239848 0.010714 0.043147
0 0.501429 0.265228 0.012857 0.050761
0 0.444286 0.335025 0.012857 0.045685
0 0.672857 0.128807 0.070000 0.049492
0 0.750000 0.209391 0.027143 0.022843
0 0.698929 0.226523 0.019286 0.067259
0 0.640357 0.343274 0.017857 0.118020
0 0.611071 0.438452 0.012143 0.052030
0 0.582857 0.470178 0.004286 0.029188
0 0.583571 0.468909 0.005714 0.011421
0 0.863929 0.246193 0.015000 0.058376
0 0.061071 0.880711 0.025000 0.053299
0 0.027143 0.814086 0.027143 0.054569
