0 0.132046 0.080241 0.011482 0.013915
0 0.134656 0.077458 0.009395 0.012059
0 0.069937 0.123377 0.008351 0.022263
0 0.050104 0.192950 0.042797 0.037106
0 0.030010 0.215213 0.052714 0.037106
0 0.191023 0.168831 0.056367 0.094620
0 0.004697 0.254638 0.009395 0.030612
0 0.532881 0.180891 0.005219 0.024119
0 0.544363 0.180891 0.005219 0.024119
0 0.523486 0.160946 0.008351 0.026902
0 0.536273 0.166512 0.026618 0.036178
0 0.565240 0.150278 0.006263 0.020408
0 0.565501 0.143785 0.004697 0.018553
0 0.614040 0.119666 0.013048 0.035250
0 0.598904 0.042208 0.019311 0.084416
0 0.512265 0.321429 0.038100 0.047310
0 0.566023 0.339981 0.021399 0.054731
0 0.488779 0.472171 0.043319 0.061224
0 0.556628 0.870130 0.013048 0.040816
0 0.576200 0.910019 0.016701 0.037106
0 0.431106 0.833488 0.054280 0.117811
0 0.832463 0.735622 0.019833 0.024119
0 0.735386 0.591373 0.010438 0.017625
0 0.729384 0.388219 0.042276 0.034323
0 0.691806 0.212894 0.007829 0.023191
0 0.691806 0.207792 0.006785 0.024119
0 0.675626 0.057514 0.008873 0.024119
0 0.725470 0.064007 0.004175 0.020408
0 0.665449 0.013915 0.007307 0.020408
0 0.668319 0.011132 0.003653 0.016698
