0 0.625000 0.598330 0.048539 0.053803
0 0.530271 0.342764 0.035491 0.039889
0 0.455115 0.248609 0.021921 0.027829
0 0.415710 0.176252 0.015136 0.024119
0 0.115866 0.237477 0.034447 0.027829
0 0.093946 0.184137 0.026096 0.025046
0 0.107255 0.138219 0.004697 0.016698
0 0.244259 0.150742 0.004175 0.013915
0 0.180063 0.089981 0.004175 0.007421
0 0.209029 0.076067 0.004697 0.012987
0 0.329854 0.074212 0.004175 0.014842
0 0.346816 0.055195 0.003653 0.008349
0 0.503653 0.266698 0.004175 0.013915
0 0.107777 0.144249 0.007829 0.008349
0 0.180063 0.096939 0.008351 0.006494
0 0.209029 0.084416 0.006785 0.009276
0 0.244259 0.160019 0.004175 0.006494
0 0.346294 0.061224 0.003653 0.007421
0 0.504697 0.273191 0.008351 0.012059
0 0.474165 0.236085 0.003653 0.012059
0 0.470772 0.231447 0.004175 0.012059
0 0.472599 0.240260 0.013048 0.014842
