0 0.390136 0.895640 0.041232 0.125232
0 0.413883 0.694805 0.031315 0.107607
0 0.427714 0.385436 0.030793 0.062152
0 0.384134 0.362709 0.035491 0.068646
0 0.314196 0.324212 0.035491 0.058442
0 0.358038 0.339054 0.041754 0.088126
0 0.473382 0.453154 0.007307 0.019481
0 0.486691 0.410946 0.005741 0.018553
0 0.489040 0.407699 0.012526 0.017625
0 0.487735 0.476345 0.015136 0.034323
0 0.506785 0.429035 0.013570 0.030612
0 0.497912 0.451763 0.007307 0.016698
0 0.498173 0.528293 0.019311 0.032468
0 0.608299 0.551484 0.033925 0.086271
0 0.642484 0.570501 0.034447 0.085343
0 0.755480 0.638683 0.034969 0.099258
0 0.224165 0.280612 0.036013 0.052876
0 0.202766 0.259276 0.042276 0.058442
