0 0.456159 0.832560 0.035491 0.049165
0 0.372651 0.909091 0.012526 0.029685
0 0.306889 0.598330 0.045929 0.046382
0 0.313935 0.457792 0.023486 0.052876
0 0.277923 0.430891 0.038100 0.038033
0 0.254436 0.312152 0.034969 0.036178
0 0.275835 0.077458 0.004697 0.013915
0 0.267745 0.074675 0.006263 0.015770
0 0.204593 0.131262 0.021921 0.036178
0 0.813413 0.469388 0.037056 0.040816
0 0.743215 0.508813 0.034447 0.041744
0 0.729645 0.483302 0.033403 0.042672
0 0.740605 0.362709 0.030271 0.035250
0 0.705637 0.316790 0.032359 0.030612
0 0.680063 0.268089 0.030271 0.033395
0 0.645094 0.242115 0.030271 0.029685
0 0.587683 0.157699 0.026096 0.024119
0 0.580898 0.142857 0.021921 0.022263
0 0.561587 0.031540 0.020877 0.018553
0 0.539666 0.036642 0.020877 0.019481
