0 0.354643 0.477157 0.197857 0.124365
0 0.711071 0.717640 0.082143 0.085025
0 0.833214 0.847081 0.073571 0.156091
0 0.890714 0.851523 0.081429 0.154822
0 0.526786 0.428299 0.033571 0.100254
0 0.386786 0.240482 0.059286 0.049492
0 0.272857 0.144670 0.034286 0.068528
0 0.539286 0.082487 0.035714 0.164975
0 0.268214 0.631980 0.029286 0.022843
0 0.393214 0.600254 0.029286 0.022843
0 0.489643 0.649112 0.025000 0.029188
0 0.557857 0.512056 0.015714 0.036802
0 0.598571 0.159264 0.010000 0.034264
0 0.593929 0.400381 0.006429 0.039340
0 0.588929 0.344543 0.006429 0.039340
0 0.267143 0.621193 0.017143 0.039340
0 0.390714 0.589467 0.014286 0.034264
0 0.489643 0.639594 0.013571 0.035533
0 0.555357 0.500635 0.013571 0.029188
0 0.590357 0.332487 0.013571 0.030457
0 0.596071 0.390863 0.010714 0.025381
0 0.598571 0.155457 0.011429 0.024112
0 0.601071 0.192259 0.009286 0.024112
0 0.600714 0.203046 0.005714 0.032995
0 0.496429 0.746827 0.011429 0.029188
0 0.321786 0.786802 0.015000 0.032995
0 0.030714 0.629442 0.027143 0.025381
0 0.028929 0.618020 0.016429 0.032995
0 0.111071 0.361675 0.017857 0.038071
0 0.489286 0.420051 0.007143 0.035533
0 0.478571 0.414975 0.008571 0.035533
