0 0.317143 0.691905 0.037143 0.052381
0 0.390357 0.626667 0.016429 0.036190
0 0.393571 0.535238 0.015714 0.028571
0 0.376786 0.684286 0.029286 0.082857
0 0.393214 0.572857 0.019286 0.060000
0 0.334643 0.767143 0.015000 0.040952
0 0.346071 0.736190 0.010714 0.028571
0 0.345000 0.731429 0.008571 0.015238
0 0.582500 0.718571 0.010714 0.020000
0 0.583214 0.714762 0.009286 0.018095
0 0.537143 0.579048 0.027143 0.030476
0 0.416071 0.337143 0.015000 0.051429
0 0.425357 0.208571 0.006429 0.007619
0 0.433571 0.196190 0.005714 0.007619
0 0.325357 0.413810 0.015000 0.012381
