0 0.185000 0.172857 0.094286 0.079048
0 0.137143 0.081429 0.048571 0.077143
0 0.161071 0.127619 0.073571 0.081905
0 0.452857 0.050952 0.055714 0.080952
0 0.539286 0.205238 0.060000 0.084762
0 0.437500 0.194762 0.053571 0.079048
0 0.279286 0.221905 0.057143 0.091429
0 0.293929 0.201905 0.013571 0.028571
0 0.260357 0.328571 0.076429 0.074286
0 0.287857 0.369048 0.075714 0.073333
0 0.369643 0.365714 0.053571 0.043810
0 0.355000 0.566667 0.045714 0.106667
0 0.217143 0.958571 0.017143 0.018095
0 0.261786 0.938571 0.016429 0.029524
0 0.329643 0.985714 0.013571 0.020952
0 0.346429 0.961905 0.011429 0.020952
0 0.315000 0.965238 0.011429 0.016190
0 0.353214 0.893810 0.013571 0.020000
0 0.333929 0.820952 0.016429 0.013333
0 0.290357 0.843333 0.015000 0.016190
0 0.277143 0.860000 0.014286 0.017143
0 0.391071 0.801905 0.012143 0.019048
0 0.398929 0.897143 0.015000 0.019048
0 0.429286 0.780000 0.012857 0.013333
0 0.493214 0.855238 0.009286 0.020952
0 0.502143 0.885714 0.007143 0.017143
0 0.402857 0.847619 0.024286 0.045714
0 0.383571 0.799048 0.025714 0.032381
0 0.368929 0.789524 0.025000 0.028571
0 0.365000 0.763810 0.028571 0.019048
0 0.336786 0.734762 0.030714 0.023810
0 0.535714 0.960000 0.015714 0.020952
0 0.602500 0.970952 0.016429 0.020000
0 0.580357 0.875714 0.010714 0.016190
0 0.533571 0.957619 0.018571 0.033333
0 0.603214 0.968095 0.013571 0.046667
0 0.572857 0.714762 0.045714 0.075238
0 0.496786 0.700476 0.030714 0.060000
0 0.469286 0.612857 0.045714 0.071429
0 0.568214 0.595714 0.022143 0.039048
0 0.568929 0.594762 0.012143 0.021905
0 0.501429 0.543333 0.065714 0.100000
0 0.648571 0.532857 0.055714 0.080952
0 0.526071 0.451429 0.062143 0.097143
0 0.636071 0.349524 0.095000 0.137143
0 0.949643 0.764762 0.052143 0.112381
0 0.802143 0.801429 0.077143 0.103810
0 0.748929 0.844286 0.069286 0.107619
0 0.796786 0.691429 0.066429 0.089524
0 0.828571 0.588571 0.030000 0.032381
0 0.843929 0.608571 0.026429 0.032381
0 0.848929 0.608095 0.015000 0.018095
0 0.831071 0.589048 0.016429 0.018095
