0 0.247143 0.071905 0.038571 0.058095
0 0.248214 0.014762 0.017857 0.020000
0 0.184286 0.231905 0.027143 0.020000
0 0.171071 0.243810 0.032143 0.022857
0 0.238214 0.171905 0.015000 0.040952
0 0.164643 0.280952 0.017857 0.032381
0 0.180000 0.255714 0.012857 0.027619
0 0.179286 0.275714 0.012857 0.018095
0 0.197143 0.323333 0.027143 0.042857
0 0.496786 0.042857 0.023571 0.057143
0 0.396786 0.044762 0.026429 0.055238
0 0.329286 0.053333 0.032857 0.051429
0 0.315714 0.116667 0.034286 0.060000
0 0.375714 0.121429 0.032857 0.065714
0 0.364643 0.176667 0.033571 0.065714
0 0.416429 0.035238 0.008571 0.040000
0 0.405357 0.081429 0.010714 0.037143
0 0.437857 0.117143 0.010000 0.032381
0 0.438571 0.098095 0.011429 0.019048
0 0.401786 0.209524 0.033571 0.089524
0 0.359286 0.253333 0.037143 0.087619
0 0.295714 0.190476 0.041429 0.083810
0 0.287857 0.280952 0.034286 0.076190
0 0.516071 0.315714 0.036429 0.100000
0 0.338929 0.374286 0.052143 0.110476
0 0.276429 0.379524 0.051429 0.115238
0 0.154286 0.444286 0.120000 0.056190
0 0.160714 0.510000 0.131429 0.077143
0 0.305000 0.481905 0.110000 0.083810
0 0.192500 0.604762 0.027857 0.041905
0 0.444643 0.594762 0.019286 0.046667
0 0.441071 0.565714 0.017857 0.038095
0 0.301786 0.595238 0.062143 0.146667
0 0.357143 0.655714 0.061429 0.159048
0 0.266786 0.815714 0.067857 0.181905
0 0.185714 0.767619 0.088571 0.217143
0 0.662500 0.232381 0.022143 0.062857
0 0.655357 0.038095 0.032143 0.047619
0 0.673929 0.090000 0.036429 0.050476
0 0.686786 0.146667 0.039286 0.059048
0 0.706786 0.214762 0.045000 0.071429
0 0.728214 0.294286 0.046429 0.070476
0 0.708214 0.294762 0.010714 0.039048
0 0.758929 0.384286 0.082143 0.138095
0 0.681786 0.534762 0.059286 0.124762
0 0.855357 0.400000 0.019286 0.034286
0 0.883214 0.571905 0.019286 0.042857
0 0.909643 0.590000 0.027857 0.042857
0 0.935357 0.583810 0.020714 0.049524
0 0.967500 0.475238 0.015000 0.041905
0 0.978214 0.478095 0.015000 0.040000
0 0.882143 0.861429 0.138571 0.220000
