0 0.503392 0.514842 0.040188 0.128015
0 0.539927 0.487013 0.014092 0.027829
0 0.566284 0.480519 0.013570 0.029685
0 0.709812 0.535250 0.034447 0.027829
0 0.644572 0.498609 0.034447 0.026902
0 0.642745 0.526902 0.031837 0.033395
0 0.644050 0.575603 0.037578 0.028757
0 0.651096 0.677180 0.045407 0.037106
0 0.648747 0.726809 0.045929 0.034323
0 0.650313 0.756494 0.048017 0.038033
0 0.662317 0.818182 0.061587 0.051948
0 0.660230 0.850186 0.059499 0.052876
0 0.812630 0.879406 0.051148 0.055659
0 0.786013 0.840909 0.050104 0.054731
0 0.773486 0.794527 0.050104 0.056586
0 0.771399 0.755566 0.045929 0.045455
0 0.762004 0.706865 0.036534 0.044527
0 0.746086 0.678108 0.036013 0.042672
0 0.725731 0.647959 0.039144 0.039889
0 0.720251 0.618275 0.041754 0.032468
0 0.723904 0.487941 0.028184 0.029685
0 0.643267 0.618275 0.005741 0.025046
0 0.742954 0.602505 0.006785 0.025046
0 0.536273 0.357143 0.003653 0.018553
0 0.686848 0.590909 0.007307 0.020408
0 0.724165 0.592764 0.013048 0.016698
0 0.740084 0.585807 0.013570 0.017625
0 0.754958 0.605288 0.004697 0.023191
0 0.697808 0.586271 0.015658 0.027829
0 0.557150 0.246289 0.002610 0.008349
0 0.575939 0.254174 0.002610 0.009276
0 0.586639 0.261132 0.003132 0.010204
0 0.587683 0.113173 0.002088 0.007421
0 0.587683 0.162801 0.007307 0.012059
0 0.600470 0.257421 0.008873 0.013915
0 0.616388 0.277365 0.017745 0.016698
