0 0.538622 0.065863 0.007307 0.014842
0 0.547756 0.048237 0.007829 0.011132
0 0.542276 0.094620 0.008351 0.016698
0 0.553236 0.109926 0.008351 0.015770
0 0.470772 0.172078 0.003132 0.006494
0 0.471033 0.180427 0.003653 0.008349
0 0.631524 0.354360 0.005219 0.012987
0 0.612474 0.318646 0.003653 0.012059
0 0.573069 0.224954 0.003132 0.012059
0 0.576200 0.182282 0.004175 0.013915
0 0.581420 0.167904 0.004175 0.011132
0 0.566806 0.079777 0.003132 0.009276
0 0.473904 0.130334 0.003132 0.008349
0 0.473904 0.135900 0.004175 0.006494
0 0.566545 0.083488 0.003653 0.003711
0 0.576722 0.186456 0.003132 0.007421
0 0.612213 0.325139 0.006263 0.015770
0 0.630480 0.359926 0.005219 0.016698
0 0.595772 0.245362 0.003653 0.015770
0 0.595251 0.235622 0.003653 0.011132
0 0.582203 0.173933 0.003653 0.008349
0 0.571764 0.232839 0.003653 0.012987
0 0.688413 0.566327 0.006263 0.015770
0 0.338987 0.738868 0.007829 0.015770
0 0.365344 0.588126 0.007307 0.016698
0 0.371347 0.532468 0.007829 0.020408
0 0.339248 0.746289 0.013570 0.045455
0 0.364301 0.599722 0.007307 0.026902
0 0.370042 0.543599 0.008351 0.018553
0 0.687370 0.572820 0.009395 0.025046
