0 0.948571 0.663333 0.075714 0.065714
0 0.813929 0.600952 0.030714 0.026667
0 0.886071 0.671905 0.035000 0.031429
0 0.759643 0.543333 0.029286 0.023810
0 0.699286 0.547143 0.052857 0.052381
0 0.574286 0.458095 0.040000 0.049524
0 0.512143 0.389524 0.047143 0.047619
0 0.376786 0.309048 0.047857 0.046667
0 0.212500 0.193333 0.132143 0.137143
0 0.330357 0.131429 0.049286 0.026667
0 0.376786 0.143333 0.042143 0.046667
0 0.423929 0.179048 0.040714 0.041905
0 0.474286 0.214762 0.040000 0.040952
0 0.574286 0.276190 0.048571 0.045714
0 0.526071 0.240000 0.042143 0.041905
0 0.677857 0.259048 0.048571 0.045714
0 0.617500 0.222857 0.046429 0.045714
0 0.456071 0.125714 0.046429 0.041905
0 0.382857 0.062857 0.040000 0.038095
0 0.449643 0.047143 0.012143 0.020000
0 0.661071 0.179048 0.017857 0.017143
0 0.679643 0.193333 0.010714 0.024762
0 0.883929 0.459524 0.055000 0.052381
0 0.798929 0.406667 0.049286 0.066667
0 0.970357 0.380952 0.039286 0.064762
