0 0.522857 0.930203 0.005714 0.020305
0 0.522500 0.926396 0.005000 0.012690
0 0.521429 0.854061 0.008571 0.027919
0 0.500000 0.863579 0.008571 0.029188
0 0.506071 0.674492 0.006429 0.026650
0 0.464286 0.698604 0.011429 0.046954
0 0.474286 0.643401 0.007143 0.020305
0 0.464286 0.637056 0.008571 0.017766
0 0.465714 0.595812 0.010000 0.039340
0 0.474286 0.583122 0.007143 0.019036
0 0.471071 0.553299 0.007857 0.015228
0 0.488929 0.531726 0.006429 0.015228
0 0.516071 0.530457 0.009286 0.043147
0 0.501786 0.508883 0.006429 0.020305
0 0.515000 0.473985 0.008571 0.041878
0 0.475000 0.520305 0.005714 0.015228
0 0.467143 0.516497 0.005714 0.017766
0 0.467857 0.499365 0.005714 0.016497
0 0.459643 0.496827 0.006429 0.013959
0 0.474643 0.500635 0.006429 0.013959
0 0.475000 0.482868 0.005714 0.013959
0 0.467857 0.478426 0.005714 0.015228
0 0.453571 0.472716 0.005714 0.013959
0 0.461429 0.463198 0.005714 0.012690
0 0.475000 0.467640 0.005714 0.013959
0 0.481429 0.470178 0.005714 0.013959
0 0.488929 0.471447 0.006429 0.013959
0 0.500714 0.443528 0.011429 0.026650
0 0.507143 0.437183 0.010000 0.013959
0 0.446786 0.444797 0.010714 0.013959
0 0.420000 0.435914 0.014286 0.011421
0 0.415714 0.428299 0.012857 0.011421
0 0.396071 0.408629 0.012143 0.010152
0 0.388214 0.397843 0.017857 0.013959
0 0.412143 0.398477 0.012857 0.012690
0 0.433571 0.397843 0.012857 0.011421
0 0.454286 0.398477 0.010000 0.010152
0 0.488571 0.406726 0.011429 0.011421
0 0.547500 0.418782 0.013571 0.012690
0 0.570357 0.411168 0.027857 0.022843
0 0.608571 0.429569 0.011429 0.013959
0 0.623214 0.432741 0.015000 0.015228
0 0.649286 0.428299 0.017143 0.013959
0 0.672143 0.427665 0.017143 0.015228
0 0.610357 0.408629 0.012143 0.012690
0 0.719643 0.398477 0.027857 0.022843
0 0.802857 0.434645 0.012857 0.008883
0 0.797143 0.427030 0.015714 0.013959
0 0.796429 0.418147 0.020000 0.019036
0 0.833571 0.423223 0.031429 0.024112
0 0.756429 0.355330 0.010000 0.010152
0 0.685357 0.314721 0.006429 0.010152
0 0.678929 0.311548 0.006429 0.008883
0 0.680714 0.302665 0.007143 0.008883
0 0.685714 0.297589 0.005714 0.011421
0 0.683929 0.266497 0.006429 0.012690
0 0.686071 0.278553 0.007857 0.008883
0 0.688214 0.264594 0.007857 0.019036
0 0.813571 0.576777 0.014286 0.011421
0 0.811786 0.568528 0.016429 0.010152
0 0.809286 0.562183 0.012857 0.010152
0 0.806429 0.555838 0.014286 0.010152
0 0.803929 0.549492 0.013571 0.010152
0 0.801429 0.543147 0.014286 0.010152
0 0.273214 0.380711 0.009286 0.032995
0 0.277500 0.359137 0.006429 0.015228
0 0.286429 0.310914 0.007143 0.012690
0 0.294643 0.283629 0.005000 0.011421
0 0.218214 0.440355 0.027857 0.020305
0 0.051786 0.421954 0.013571 0.016497
0 0.062500 0.415609 0.009286 0.013959
0 0.073929 0.395305 0.010714 0.013959
0 0.086071 0.376904 0.010714 0.012690
0 0.090714 0.365482 0.008571 0.012690
0 0.097143 0.352792 0.010000 0.012690
0 0.471429 0.388959 0.014286 0.019036
0 0.458214 0.389594 0.010714 0.010152
0 0.480000 0.373731 0.005714 0.011421
0 0.471071 0.364213 0.005000 0.012690
0 0.481429 0.357234 0.004286 0.011421
0 0.470714 0.335025 0.007143 0.032995
0 0.497500 0.354061 0.005000 0.012690
0 0.504643 0.352792 0.005000 0.020305
0 0.503214 0.336294 0.005000 0.012690
0 0.509643 0.335660 0.005000 0.013959
0 0.501429 0.296320 0.007143 0.024112
0 0.499286 0.260787 0.004286 0.008883
0 0.473214 0.255076 0.005000 0.012690
0 0.477857 0.246193 0.004286 0.010152
0 0.473571 0.217005 0.005714 0.027919
0 0.478571 0.172589 0.004286 0.007614
0 0.473929 0.149746 0.005000 0.015228
0 0.473929 0.128807 0.005000 0.016497
0 0.469286 0.119289 0.005714 0.022843
0 0.478929 0.115482 0.005000 0.022843
