0 0.282857 0.784286 0.061429 0.143810
0 0.150357 0.598095 0.103571 0.064762
0 0.347143 0.505714 0.050000 0.108571
0 0.416429 0.369048 0.040000 0.090476
0 0.255714 0.276667 0.040000 0.103810
0 0.214643 0.361429 0.082143 0.060000
0 0.144286 0.211905 0.018571 0.029524
0 0.174286 0.208571 0.011429 0.026667
0 0.183929 0.205238 0.013571 0.029524
0 0.415357 0.211429 0.047857 0.120000
0 0.503214 0.172381 0.033571 0.080000
0 0.598571 0.233333 0.012857 0.034286
0 0.597143 0.120952 0.011429 0.020952
0 0.597857 0.130476 0.007143 0.022857
0 0.371429 0.402857 0.021429 0.034286
0 0.292143 0.420476 0.014286 0.039048
0 0.369643 0.408571 0.022143 0.032381
0 0.583571 0.361905 0.057143 0.127619
0 0.612857 0.616667 0.044286 0.111429
0 0.616786 0.489524 0.037857 0.093333
0 0.740357 0.439048 0.013571 0.032381
0 0.726071 0.327619 0.015000 0.036190
