0 0.631785 0.717532 0.040188 0.067718
0 0.560543 0.629870 0.038622 0.063080
0 0.540710 0.604360 0.040710 0.058442
0 0.507829 0.557978 0.037578 0.060297
0 0.486691 0.535714 0.040188 0.054731
0 0.436065 0.462430 0.033925 0.047310
0 0.425887 0.444341 0.040710 0.048237
0 0.396660 0.405844 0.035491 0.047310
0 0.368737 0.371521 0.036013 0.041744
0 0.341858 0.233766 0.031315 0.031540
0 0.311848 0.262059 0.026618 0.030612
0 0.329071 0.149351 0.026618 0.029685
0 0.303497 0.166512 0.022443 0.028757
0 0.274269 0.192022 0.029749 0.033395
0 0.235908 0.216605 0.030271 0.034323
0 0.251305 0.190167 0.003653 0.012987
0 0.251044 0.184137 0.002088 0.012059
0 0.220251 0.160946 0.008351 0.013915
0 0.225992 0.155844 0.009395 0.012987
0 0.253132 0.152134 0.018789 0.022263
0 0.951461 0.709184 0.030271 0.082560
0 0.959029 0.586271 0.053758 0.044527
0 0.977035 0.123377 0.026096 0.029685
0 0.987213 0.119666 0.020355 0.027829
0 0.516701 0.079777 0.014614 0.024119
0 0.441545 0.023191 0.019833 0.024119
0 0.216075 0.214286 0.016701 0.020408
0 0.041232 0.365028 0.035491 0.043599
0 0.045407 0.335807 0.008351 0.016698
0 0.036795 0.338590 0.007829 0.020408
0 0.029489 0.341837 0.013048 0.023191
0 0.019833 0.350649 0.014614 0.024119
0 0.008351 0.358998 0.016701 0.024119
0 0.048278 0.484230 0.028706 0.042672
