0 0.246786 0.814762 0.107857 0.151429
0 0.239286 0.625238 0.080000 0.149524
0 0.312143 0.420952 0.064286 0.120000
0 0.348571 0.277143 0.070000 0.163810
0 0.386429 0.160952 0.052857 0.114286
0 0.578214 0.315238 0.049286 0.121905
0 0.626071 0.336190 0.046429 0.120000
0 0.524643 0.293333 0.015000 0.032381
0 0.545357 0.258571 0.013571 0.037143
0 0.559643 0.258095 0.012143 0.038095
0 0.583929 0.171905 0.025000 0.044762
0 0.610357 0.124286 0.015000 0.039048
0 0.113929 0.615714 0.039286 0.046667
0 0.122500 0.534286 0.047857 0.026667
0 0.545000 0.876667 0.070000 0.170476
0 0.578214 0.706667 0.062143 0.156190
0 0.525357 0.642381 0.050714 0.117143
