0 0.522443 0.687384 0.011482 0.037106
0 0.523225 0.689703 0.004697 0.017625
0 0.557411 0.425325 0.009395 0.017625
0 0.563674 0.469852 0.010438 0.019481
0 0.565501 0.544527 0.009916 0.029685
0 0.535230 0.241187 0.005741 0.014842
0 0.634395 0.589518 0.028706 0.028757
0 0.680324 0.681354 0.018267 0.019481
0 0.702505 0.903989 0.046973 0.041744
0 0.703288 0.863173 0.017223 0.049165
0 0.590814 0.610390 0.010438 0.025974
0 0.519050 0.626623 0.005741 0.017625
0 0.567589 0.339518 0.008873 0.024119
0 0.187109 0.342764 0.012004 0.012059
0 0.519311 0.621985 0.004175 0.017625
