0 0.658929 0.806190 0.089286 0.214286
0 0.635714 0.610952 0.072857 0.157143
0 0.607143 0.465714 0.051429 0.097143
0 0.748571 0.380000 0.025714 0.034286
0 0.755357 0.387143 0.019286 0.031429
0 0.760714 0.392857 0.028571 0.029524
0 0.725357 0.392857 0.023571 0.042857
0 0.727500 0.398571 0.013571 0.044762
0 0.600000 0.340000 0.061429 0.148571
0 0.336071 0.857143 0.026429 0.095238
0 0.348929 0.752857 0.053571 0.143810
0 0.090000 0.396667 0.095714 0.065714
0 0.128214 0.354762 0.113571 0.058095
0 0.394286 0.421429 0.098571 0.077143
0 0.435357 0.343810 0.040714 0.072381
0 0.350714 0.551429 0.107143 0.135238
0 0.400000 0.512857 0.014286 0.058095
0 0.447857 0.447619 0.015714 0.055238
0 0.428214 0.443810 0.015000 0.055238
0 0.416071 0.450952 0.019286 0.054286
0 0.395357 0.450476 0.016429 0.051429
0 0.392857 0.478571 0.014286 0.050476
0 0.565000 0.159048 0.042857 0.040000
0 0.596429 0.135238 0.047143 0.036190
0 0.723214 0.198571 0.070714 0.040952
0 0.823929 0.153333 0.245000 0.095238
0 0.713214 0.289048 0.032143 0.029524
0 0.809643 0.218095 0.012143 0.034286
0 0.817857 0.215714 0.014286 0.035238
0 0.662143 0.139524 0.008571 0.031429
0 0.653929 0.135238 0.007857 0.026667
0 0.232143 0.307143 0.018571 0.033333
0 0.543214 0.323810 0.016429 0.036190
0 0.547143 0.316667 0.018571 0.039048
0 0.546786 0.322381 0.017857 0.039048
0 0.495714 0.229524 0.011429 0.028571
0 0.494643 0.235714 0.009286 0.031429
0 0.455357 0.218095 0.043571 0.072381
0 0.453929 0.177619 0.075000 0.046667
0 0.492500 0.189048 0.009286 0.031429
0 0.488214 0.152381 0.010714 0.020952
0 0.515000 0.131429 0.007143 0.028571
0 0.499643 0.130476 0.007857 0.030476
0 0.480714 0.114286 0.008571 0.028571
0 0.480000 0.090476 0.007143 0.022857
0 0.604643 0.086667 0.056429 0.036190
0 0.604286 0.054286 0.028571 0.051429
0 0.537857 0.063333 0.018571 0.023810
0 0.513214 0.019048 0.015000 0.020952
0 0.554286 0.012381 0.015714 0.024762
0 0.563214 0.060000 0.005000 0.024762
0 0.612857 0.112857 0.010000 0.025714
0 0.466429 0.058571 0.007143 0.023810
0 0.460714 0.040000 0.007143 0.015238
0 0.461071 0.077619 0.022143 0.035238
0 0.470357 0.123333 0.025000 0.018095
0 0.604643 0.116190 0.030714 0.020952
0 0.697857 0.126190 0.010000 0.027619
0 0.615357 0.220476 0.015000 0.025714
0 0.726071 0.236190 0.010714 0.022857
