0 0.459643 0.712381 0.022143 0.045714
0 0.510000 0.695238 0.017143 0.028571
0 0.511071 0.693333 0.013571 0.060952
0 0.553214 0.624286 0.065000 0.151429
0 0.496071 0.489048 0.022143 0.063810
0 0.493214 0.474762 0.015000 0.033333
0 0.451071 0.416667 0.012143 0.056190
0 0.450357 0.410476 0.016429 0.026667
0 0.427143 0.384286 0.028571 0.065714
0 0.456786 0.199048 0.010714 0.034286
0 0.424286 0.207143 0.012857 0.027619
0 0.407857 0.218571 0.015714 0.027619
0 0.414643 0.200000 0.013571 0.030476
0 0.388571 0.252381 0.035714 0.108571
