0 0.048278 0.140538 0.019311 0.041744
0 0.321242 0.737941 0.021399 0.056586
0 0.393267 0.612245 0.013048 0.061224
0 0.405793 0.505566 0.012004 0.051948
0 0.400313 0.384508 0.016701 0.034323
0 0.434760 0.397032 0.016701 0.025974
0 0.429802 0.383117 0.016180 0.025974
0 0.457985 0.102041 0.017223 0.042672
0 0.734342 0.186920 0.064718 0.080705
0 0.636743 0.288961 0.011482 0.032468
0 0.636743 0.277829 0.008351 0.025046
0 0.634134 0.294991 0.013570 0.044527
0 0.729645 0.378015 0.057411 0.095547
0 0.719729 0.475417 0.070981 0.132653
0 0.707724 0.570965 0.075157 0.145640
0 0.705637 0.698052 0.074113 0.151206
