0 0.728214 0.717619 0.083571 0.216190
0 0.696786 0.478095 0.062143 0.156190
0 0.680357 0.313333 0.065000 0.158095
0 0.666786 0.144762 0.056429 0.127619
0 0.560714 0.140952 0.051429 0.133333
0 0.451786 0.333810 0.062143 0.140000
0 0.452857 0.191429 0.052857 0.135238
0 0.438571 0.828095 0.068571 0.200952
0 0.505357 0.762381 0.057857 0.187619
0 0.346786 0.870952 0.073571 0.225714
0 0.325357 0.321429 0.020714 0.044762
0 0.323214 0.302381 0.013571 0.016190
0 0.223929 0.570476 0.056429 0.034286
0 0.219286 0.559524 0.032857 0.037143
0 0.203929 0.588095 0.030714 0.052381
0 0.183214 0.875714 0.079286 0.042857
0 0.292857 0.845238 0.025714 0.039048
0 0.285357 0.819524 0.027857 0.027619
