0 0.541786 0.381905 0.046429 0.142857
0 0.549643 0.594286 0.046429 0.123810
0 0.615000 0.526667 0.057143 0.175238
0 0.801786 0.323810 0.089286 0.059048
0 0.803929 0.385238 0.093571 0.056190
0 0.806429 0.456190 0.101429 0.064762
0 0.807500 0.524286 0.092143 0.063810
0 0.809643 0.583810 0.096429 0.059048
0 0.807500 0.649524 0.079286 0.055238
0 0.811786 0.720000 0.085000 0.060952
0 0.814643 0.787619 0.095000 0.053333
0 0.845714 0.843810 0.100000 0.064762
0 0.872143 0.099048 0.081429 0.076190
0 0.874286 0.233333 0.057143 0.135238
0 0.919643 0.232381 0.050714 0.125714
0 0.968929 0.228095 0.052143 0.134286
0 0.093571 0.269524 0.094286 0.053333
0 0.237857 0.354286 0.041429 0.110476
0 0.229643 0.506667 0.066429 0.179048
0 0.250714 0.854286 0.045714 0.146667
0 0.336429 0.139048 0.012857 0.034286
0 0.398571 0.086190 0.012857 0.025714
0 0.189643 0.170000 0.016429 0.029524
0 0.166071 0.128571 0.019286 0.022857
0 0.182143 0.270476 0.021429 0.022857
0 0.689286 0.915238 0.014286 0.022857
0 0.866786 0.016190 0.015000 0.019048
0 0.826429 0.215714 0.015714 0.021905
0 0.716429 0.253810 0.011429 0.018095
0 0.745000 0.124286 0.015714 0.021905
0 0.142500 0.100952 0.020714 0.022857
0 0.146786 0.091905 0.027857 0.021905
0 0.228571 0.143333 0.018571 0.029524
0 0.170000 0.217143 0.022857 0.026667
0 0.192500 0.217619 0.020714 0.018095
0 0.178214 0.416667 0.022143 0.016190
0 0.172500 0.552381 0.015000 0.015238
0 0.149286 0.502857 0.022857 0.013333
0 0.146071 0.159048 0.025000 0.019048
0 0.403929 0.092381 0.025000 0.013333
0 0.671429 0.223333 0.015714 0.018095
0 0.211071 0.320476 0.020714 0.025714
0 0.217143 0.300476 0.015714 0.012381
0 0.179643 0.587143 0.019286 0.014286
0 0.038571 0.715238 0.027143 0.019048
0 0.066786 0.734286 0.039286 0.020952
0 0.255357 0.749524 0.022143 0.019048
0 0.105000 0.556667 0.020000 0.014286
0 0.213571 0.807143 0.025714 0.069524
0 0.133214 0.953333 0.022143 0.013333
0 0.263571 0.956667 0.008571 0.020000
0 0.250357 0.700476 0.042143 0.060000
0 0.959643 0.951429 0.027857 0.036190
0 0.838571 0.030476 0.045714 0.045714
0 0.737857 0.105238 0.041429 0.067619
0 0.730000 0.282381 0.028571 0.060000
0 0.747500 0.252381 0.017857 0.022857
0 0.736786 0.244762 0.015000 0.022857
0 0.704643 0.164286 0.020714 0.029524
