0 0.240357 0.222381 0.045000 0.084762
0 0.209643 0.293810 0.055000 0.094286
0 0.180357 0.380952 0.060714 0.112381
0 0.123571 0.555238 0.082857 0.135238
0 0.190000 0.484762 0.017143 0.041905
0 0.172500 0.494286 0.017857 0.040000
0 0.065000 0.714762 0.107143 0.176190
0 0.420000 0.690000 0.048571 0.113333
0 0.402857 0.257143 0.012857 0.036190
0 0.493214 0.220476 0.030714 0.084762
0 0.444643 0.167143 0.025000 0.071429
0 0.530000 0.057619 0.027143 0.063810
0 0.490714 0.141905 0.008571 0.020952
0 0.489643 0.128571 0.006429 0.015238
0 0.661786 0.026667 0.063571 0.043810
0 0.647500 0.053333 0.063571 0.032381
0 0.636429 0.096667 0.060000 0.042857
0 0.624286 0.135238 0.070000 0.040000
0 0.634286 0.179524 0.078571 0.050476
0 0.588214 0.207143 0.090714 0.075238
0 0.671071 0.092857 0.007857 0.039048
0 0.748214 0.148571 0.010714 0.041905
0 0.726071 0.134286 0.026429 0.019048
0 0.681071 0.220952 0.083571 0.045714
0 0.665357 0.265238 0.087857 0.061905
0 0.747143 0.330000 0.080000 0.056190
0 0.571071 0.411429 0.015000 0.041905
0 0.609643 0.605714 0.062143 0.150476
0 0.703214 0.770476 0.063571 0.163810
0 0.633929 0.777619 0.062143 0.170476
0 0.871429 0.710952 0.127143 0.111429
0 0.823571 0.600952 0.117143 0.072381
0 0.811071 0.515714 0.033571 0.037143
