0 0.579071 0.698980 0.044363 0.110390
0 0.468946 0.576994 0.032881 0.107607
0 0.667276 0.657699 0.042276 0.113173
0 0.086900 0.935993 0.030793 0.068646
0 0.112735 0.933673 0.018789 0.060297
0 0.125000 0.937384 0.008873 0.071429
0 0.134916 0.943414 0.013048 0.076067
0 0.141962 0.941558 0.021921 0.077922
0 0.139092 0.900278 0.040188 0.038033
0 0.164927 0.946660 0.020877 0.073284
0 0.251044 0.945269 0.026096 0.072356
0 0.256263 0.965213 0.018789 0.045455
0 0.274530 0.889610 0.016701 0.042672
0 0.295929 0.929499 0.013570 0.029685
0 0.303758 0.968924 0.029228 0.036178
0 0.345251 0.836271 0.026618 0.080705
0 0.346555 0.763915 0.050104 0.043599
0 0.351514 0.723562 0.045407 0.046382
0 0.381524 0.689239 0.018789 0.074212
0 0.358559 0.680891 0.025052 0.061224
0 0.369781 0.617347 0.019311 0.064007
0 0.403184 0.599258 0.026618 0.031540
0 0.401879 0.521800 0.018789 0.028757
0 0.438674 0.536178 0.020355 0.025974
0 0.418058 0.442022 0.033403 0.047310
0 0.413622 0.368275 0.007829 0.038961
0 0.423017 0.377551 0.008873 0.035250
0 0.429541 0.413729 0.008351 0.022263
0 0.435804 0.412338 0.009395 0.023191
0 0.431628 0.404917 0.020877 0.028757
0 0.484603 0.376623 0.010960 0.040816
0 0.474426 0.371521 0.017745 0.051020
0 0.601514 0.595547 0.024530 0.063080
0 0.650313 0.542672 0.021921 0.055659
0 0.719729 0.561224 0.031315 0.033395
0 0.715553 0.538961 0.034447 0.029685
0 0.768267 0.621058 0.019833 0.030612
0 0.765658 0.688776 0.031315 0.038033
0 0.912056 0.891466 0.017223 0.061224
0 0.769050 0.383581 0.033925 0.043599
0 0.830115 0.408163 0.055846 0.059369
0 0.734603 0.362245 0.036013 0.047310
0 0.679802 0.183673 0.008873 0.014842
0 0.682672 0.144712 0.008351 0.022263
0 0.639353 0.108998 0.032359 0.028757
0 0.630480 0.090445 0.032359 0.026902
0 0.585334 0.122913 0.028706 0.080705
0 0.590553 0.196660 0.027662 0.053803
0 0.638831 0.078850 0.021921 0.018553
0 0.534186 0.038961 0.013048 0.035250
0 0.511482 0.064471 0.006263 0.019481
0 0.510960 0.070965 0.006263 0.019481
0 0.507046 0.097403 0.005741 0.014842
0 0.507568 0.102968 0.008873 0.020408
0 0.891701 0.016234 0.021399 0.028757
0 0.237735 0.241187 0.019311 0.020408
0 0.261221 0.213822 0.022443 0.039889
