0 0.525357 0.869524 0.039286 0.062857
0 0.508929 0.746190 0.019286 0.061905
0 0.196071 0.770952 0.033571 0.060000
0 0.894286 0.638571 0.024286 0.058095
0 0.838929 0.662857 0.140714 0.104762
0 0.196429 0.441429 0.110000 0.147619
0 0.281071 0.449524 0.086429 0.121905
0 0.503571 0.451429 0.051429 0.104762
0 0.432857 0.461905 0.061429 0.097143
0 0.350714 0.456190 0.075714 0.100952
0 0.716429 0.392381 0.115714 0.064762
0 0.713929 0.353810 0.109286 0.054286
0 0.718214 0.322381 0.090714 0.052381
0 0.650000 0.264286 0.035714 0.054286
0 0.596071 0.263810 0.039286 0.062857
0 0.540357 0.181905 0.029286 0.040000
0 0.538214 0.264286 0.036429 0.063810
0 0.419286 0.263333 0.041429 0.065714
0 0.474643 0.263333 0.037857 0.056190
0 0.361071 0.265714 0.066429 0.091429
0 0.229643 0.256190 0.079286 0.059048
0 0.324643 0.150952 0.040714 0.046667
0 0.209286 0.284762 0.072857 0.049524
0 0.485714 0.310000 0.015714 0.048571
0 0.692500 0.483333 0.015000 0.054286
0 0.588571 0.190476 0.030000 0.043810
0 0.602857 0.161429 0.010000 0.027619
0 0.584286 0.164286 0.011429 0.033333
