0 0.479643 0.528553 0.016429 0.049492
0 0.451071 0.508883 0.015000 0.045685
0 0.455000 0.407360 0.014286 0.038071
0 0.480714 0.368655 0.012857 0.036802
0 0.574643 0.513959 0.017857 0.048223
0 0.578214 0.569797 0.017857 0.053299
0 0.602500 0.720178 0.026429 0.074873
0 0.438929 0.894670 0.029286 0.086294
0 0.563571 0.720178 0.022857 0.085025
0 0.588929 0.631980 0.023571 0.076142
0 0.554643 0.639594 0.022143 0.071066
0 0.467143 0.099619 0.008571 0.019036
0 0.469286 0.078680 0.007143 0.017766
0 0.469643 0.065990 0.007857 0.010152
0 0.482500 0.082487 0.009286 0.035533
0 0.482500 0.065990 0.006429 0.017766
0 0.656786 0.743020 0.006429 0.026650
0 0.592857 0.865482 0.007143 0.027919
0 0.375714 0.958122 0.007143 0.027919
0 0.378214 0.949873 0.006429 0.029188
0 0.594643 0.852157 0.010714 0.029188
0 0.412143 0.496193 0.007143 0.022843
0 0.399286 0.549492 0.005714 0.025381
0 0.413571 0.545051 0.005714 0.024112
0 0.405714 0.560914 0.008571 0.025381
