0 0.446429 0.027619 0.027143 0.022857
0 0.391071 0.106190 0.029286 0.021905
0 0.388214 0.030952 0.027857 0.020000
0 0.386071 0.006190 0.027857 0.012381
0 0.062500 0.210476 0.033571 0.022857
0 0.395357 0.243810 0.026429 0.022857
0 0.721429 0.331429 0.018571 0.116190
0 0.747857 0.407619 0.015714 0.034286
0 0.755714 0.343810 0.005714 0.017143
0 0.569643 0.348095 0.006429 0.016190
0 0.602857 0.740476 0.014286 0.042857
0 0.460000 0.610952 0.032857 0.020000
0 0.845714 0.912381 0.028571 0.019048
0 0.849643 0.989048 0.027857 0.021905
0 0.911071 0.922381 0.032143 0.021905
0 0.913571 0.959524 0.030000 0.021905
0 0.895714 0.886190 0.008571 0.012381
0 0.902500 0.884286 0.007857 0.010476
0 0.787857 0.680000 0.010000 0.011429
0 0.597500 0.868571 0.022143 0.080000
