0 0.235000 0.601905 0.040000 0.057143
0 0.205357 0.638571 0.042143 0.060000
0 0.160000 0.415714 0.037143 0.056190
0 0.163929 0.424286 0.053571 0.039048
0 0.318571 0.507143 0.135714 0.109524
0 0.486429 0.402857 0.128571 0.100952
0 0.610000 0.335238 0.115714 0.099048
0 0.929643 0.528571 0.136429 0.148571
0 0.760000 0.392857 0.022857 0.054286
0 0.756071 0.399524 0.042143 0.050476
0 0.801429 0.479524 0.037143 0.060000
0 0.747857 0.527619 0.082857 0.085714
0 0.717857 0.268095 0.105714 0.105714
0 0.810714 0.216667 0.094286 0.080952
0 0.892500 0.170476 0.086429 0.072381
0 0.780000 0.107619 0.014286 0.047619
0 0.882500 0.206190 0.023571 0.046667
0 0.623571 0.671905 0.150000 0.128571
0 0.504643 0.668571 0.029286 0.040000
0 0.516786 0.664762 0.035000 0.057143
0 0.513214 0.665714 0.053571 0.076190
0 0.362500 0.861905 0.205000 0.137143
