0 0.088205 0.449443 0.018789 0.038033
0 0.134395 0.424861 0.039144 0.029685
0 0.293580 0.464750 0.041232 0.037106
0 0.090292 0.385436 0.007307 0.019481
0 0.096033 0.406308 0.007307 0.020408
0 0.409969 0.617347 0.116388 0.117811
0 0.483299 0.511132 0.043841 0.044527
0 0.730428 0.203154 0.018267 0.020408
0 0.704593 0.214286 0.014614 0.016698
0 0.695198 0.217996 0.005219 0.011132
0 0.830637 0.185065 0.023486 0.038033
0 0.854384 0.169295 0.051148 0.030612
0 0.858038 0.157236 0.019833 0.017625
0 0.876305 0.307514 0.030271 0.026902
0 0.866910 0.215213 0.022965 0.024119
0 0.891701 0.205009 0.024530 0.024119
0 0.469207 0.853432 0.178497 0.224490
0 0.945720 0.126160 0.037578 0.027829
0 0.934499 0.137755 0.026618 0.017625
0 0.943372 0.182746 0.021399 0.020408
0 0.770877 0.788497 0.011482 0.022263
0 0.769833 0.797310 0.019833 0.028757
0 0.777662 0.818182 0.011482 0.025974
0 0.778706 0.824212 0.015658 0.030612
0 0.833246 0.796382 0.019311 0.030612
0 0.833768 0.786642 0.008873 0.031540
0 0.008873 0.475881 0.007307 0.024119
