0 0.211071 0.133333 0.030714 0.059048
0 0.053571 0.215238 0.025714 0.045714
0 0.063214 0.262857 0.035000 0.051429
0 0.060714 0.300476 0.032857 0.039048
0 0.246786 0.329048 0.027857 0.088571
0 0.243571 0.487619 0.075714 0.177143
0 0.098929 0.662381 0.026429 0.042857
0 0.213929 0.695714 0.076429 0.197143
0 0.336429 0.475714 0.025714 0.054286
0 0.316429 0.441429 0.022857 0.046667
0 0.635714 0.200000 0.061429 0.139048
0 0.747500 0.171429 0.047857 0.099048
0 0.783929 0.287619 0.020714 0.047619
0 0.582500 0.635714 0.066429 0.212381
0 0.680000 0.695238 0.080000 0.203810
0 0.804286 0.539524 0.081429 0.174286
0 0.885000 0.520952 0.087143 0.173333
0 0.846429 0.759048 0.087143 0.192381
