0 0.134286 0.436667 0.017143 0.033333
0 0.288214 0.612857 0.089286 0.094286
0 0.314286 0.478095 0.072857 0.078095
0 0.363214 0.410476 0.042143 0.026667
0 0.371786 0.400000 0.015000 0.026667
0 0.332857 0.257143 0.054286 0.047619
0 0.262143 0.139048 0.035714 0.049524
0 0.658929 0.197143 0.012143 0.032381
0 0.955357 0.253333 0.056429 0.055238
0 0.917143 0.223333 0.061429 0.061905
0 0.884643 0.203810 0.055000 0.049524
0 0.857857 0.171429 0.057143 0.060952
0 0.820000 0.161429 0.051429 0.065714
0 0.818929 0.264286 0.050714 0.061905
0 0.857857 0.281429 0.062857 0.067619
0 0.896071 0.305238 0.065000 0.067619
0 0.744286 0.432857 0.074286 0.086667
0 0.718929 0.388571 0.070714 0.076190
0 0.685357 0.508571 0.070714 0.089524
0 0.838571 0.520476 0.062857 0.079048
0 0.886429 0.569048 0.074286 0.098095
0 0.941786 0.630000 0.086429 0.130476
0 0.804643 0.406190 0.016429 0.040952
0 0.648571 0.461905 0.075714 0.085714
0 0.928214 0.095238 0.047857 0.051429
0 0.958571 0.108095 0.045714 0.046667
0 0.966429 0.061905 0.047143 0.047619
