0 0.170668 0.870130 0.125261 0.150278
0 0.352296 0.575603 0.083507 0.162338
0 0.392223 0.556586 0.040188 0.113173
0 0.420929 0.537570 0.045407 0.108534
0 0.493476 0.510668 0.048539 0.101113
0 0.467641 0.569109 0.059499 0.069573
0 0.449896 0.508813 0.050104 0.084416
0 0.650052 0.574675 0.038100 0.140074
0 0.740605 0.639147 0.033403 0.068646
0 0.790710 0.701763 0.026096 0.078850
0 0.801409 0.661410 0.030793 0.118738
0 0.810021 0.592301 0.121086 0.169759
0 0.742171 0.454545 0.024008 0.111317
0 0.781576 0.445269 0.053758 0.161410
0 0.710073 0.397959 0.042276 0.070501
0 0.611169 0.414657 0.050104 0.076067
0 0.781054 0.034787 0.015136 0.060297
0 0.736691 0.050093 0.043319 0.066790
