0 0.008214 0.095178 0.009286 0.012690
0 0.063929 0.085025 0.006429 0.010152
0 0.063214 0.077411 0.007857 0.010152
0 0.068571 0.084391 0.007143 0.008883
0 0.046786 0.180203 0.089286 0.050761
0 0.196786 0.210660 0.032143 0.032995
0 0.059643 0.493020 0.025000 0.021574
0 0.060714 0.539340 0.038571 0.027919
0 0.136429 0.661802 0.028571 0.024112
0 0.180357 0.696701 0.012143 0.012690
0 0.177143 0.697335 0.005714 0.011421
0 0.265357 0.740482 0.047857 0.036802
0 0.358214 0.817893 0.032143 0.031726
0 0.181786 0.513325 0.032143 0.029188
0 0.217143 0.552665 0.080000 0.054569
0 0.305357 0.260152 0.027857 0.030457
0 0.304286 0.364848 0.030000 0.029188
0 0.449643 0.238579 0.033571 0.035533
0 0.506071 0.259518 0.029286 0.031726
0 0.545714 0.085025 0.030000 0.030457
0 0.517143 0.404822 0.027143 0.032995
0 0.410714 0.587563 0.018571 0.063452
0 0.428929 0.562183 0.037857 0.152284
0 0.462143 0.487944 0.034286 0.029188
0 0.465357 0.536168 0.010714 0.011421
0 0.462857 0.538071 0.007143 0.010152
0 0.467143 0.593909 0.022857 0.025381
0 0.505357 0.467005 0.025000 0.030457
0 0.523571 0.562183 0.024286 0.027919
0 0.555000 0.600888 0.024286 0.029188
0 0.578571 0.531091 0.030000 0.036802
0 0.577143 0.699239 0.032857 0.038071
0 0.889286 0.906091 0.022857 0.053299
0 0.914643 0.837563 0.023571 0.055838
0 0.982143 0.638959 0.030000 0.054569
0 0.950000 0.728426 0.062857 0.121827
0 0.620000 0.433376 0.012857 0.016497
0 0.619643 0.434010 0.006429 0.010152
0 0.653571 0.527284 0.025714 0.031726
0 0.673571 0.618655 0.025714 0.036802
0 0.961786 0.169416 0.070714 0.107868
0 0.705357 0.084391 0.029286 0.034264
0 0.783214 0.075508 0.027857 0.039340
0 0.748571 0.017766 0.028571 0.035533
