0 0.560357 0.796667 0.085000 0.246667
0 0.245000 0.828571 0.211429 0.198095
0 0.278571 0.665714 0.168571 0.146667
0 0.559286 0.412857 0.055714 0.141905
0 0.332857 0.440952 0.122857 0.099048
0 0.319286 0.538571 0.158571 0.124762
0 0.473571 0.850000 0.028571 0.063810
0 0.443214 0.830476 0.033571 0.060952
0 0.439286 0.717619 0.025714 0.056190
0 0.463929 0.308571 0.012143 0.051429
0 0.480714 0.304762 0.011429 0.049524
0 0.346071 0.371429 0.109286 0.072381
0 0.365000 0.308095 0.112857 0.069524
0 0.550000 0.323333 0.050000 0.101905
0 0.542857 0.182857 0.038571 0.074286
0 0.543214 0.115714 0.035000 0.061905
0 0.536071 0.068571 0.032143 0.066667
0 0.373929 0.256190 0.096429 0.062857
0 0.387500 0.204762 0.093571 0.072381
0 0.410714 0.102857 0.070000 0.055238
0 0.422500 0.077143 0.073571 0.049524
0 0.432500 0.049524 0.069286 0.040000
0 0.433929 0.029524 0.062143 0.043810
0 0.397143 0.040476 0.007143 0.031429
0 0.670714 0.204762 0.030000 0.024762
0 0.220357 0.240000 0.017857 0.043810
0 0.080000 0.362381 0.097143 0.084762
0 0.130714 0.290476 0.091429 0.097143
0 0.160000 0.222381 0.068571 0.090476
0 0.182857 0.177143 0.064286 0.080000
0 0.101786 0.155238 0.082143 0.080000
0 0.171429 0.094762 0.051429 0.069524
0 0.237857 0.111905 0.047143 0.056190
0 0.282500 0.077143 0.042143 0.051429
0 0.291071 0.022381 0.056429 0.039048
0 0.118571 0.055714 0.027143 0.023810
0 0.101071 0.068571 0.023571 0.017143
0 0.068571 0.063810 0.031429 0.020952
0 0.085357 0.052857 0.027857 0.023810
0 0.073929 0.060476 0.029286 0.020000
