0 0.555714 0.778095 0.041429 0.129524
0 0.501071 0.539524 0.029286 0.101905
0 0.551071 0.647619 0.037857 0.114286
0 0.526429 0.762381 0.010000 0.016190
0 0.477857 0.755714 0.010000 0.016190
0 0.465714 0.656190 0.018571 0.009524
0 0.531786 0.390000 0.012143 0.020000
0 0.468214 0.350476 0.013571 0.028571
0 0.523929 0.332857 0.009286 0.023810
0 0.522500 0.256190 0.010714 0.022857
0 0.501786 0.184762 0.009286 0.022857
0 0.487500 0.114286 0.009286 0.030476
0 0.477143 0.056667 0.010000 0.029524
0 0.461786 0.022857 0.012143 0.040000
0 0.467143 0.153810 0.031429 0.088571
0 0.497857 0.297143 0.014286 0.053333
0 0.498214 0.290952 0.013571 0.025714
