0 0.041786 0.129442 0.009286 0.017766
0 0.055000 0.123731 0.010000 0.019036
0 0.067143 0.118655 0.010000 0.021574
0 0.123214 0.158629 0.009286 0.025381
0 0.083571 0.113579 0.011429 0.024112
0 0.090000 0.046320 0.011429 0.026650
0 0.052143 0.147843 0.011429 0.024112
0 0.033571 0.187817 0.012857 0.025381
0 0.043929 0.210025 0.013571 0.024112
0 0.029643 0.220178 0.012143 0.024112
0 0.040357 0.155457 0.010714 0.021574
0 0.048571 0.178299 0.010000 0.021574
0 0.061429 0.179569 0.010000 0.021574
0 0.057500 0.315990 0.010714 0.025381
0 0.122143 0.295685 0.010000 0.027919
0 0.167500 0.434010 0.022143 0.091371
0 0.187500 0.626904 0.005000 0.012690
0 0.065714 0.696701 0.012857 0.043147
0 0.014643 0.899112 0.029286 0.125635
0 0.223571 0.898477 0.031429 0.035533
0 0.698929 0.901015 0.005000 0.012690
0 0.701071 0.914975 0.005000 0.015228
0 0.707857 0.907360 0.005714 0.010152
0 0.630714 0.917513 0.038571 0.088832
0 0.734643 0.836294 0.070714 0.088832
0 0.638214 0.774112 0.063571 0.083756
0 0.674643 0.745558 0.050714 0.069797
0 0.700714 0.740482 0.048571 0.059645
0 0.705357 0.713198 0.046429 0.060914
0 0.727500 0.703680 0.047857 0.059645
0 0.745000 0.615482 0.061429 0.076142
0 0.858214 0.575508 0.060714 0.072335
0 0.854643 0.743020 0.062143 0.118020
0 0.810000 0.942893 0.027143 0.053299
0 0.850357 0.894670 0.027857 0.053299
0 0.834643 0.908629 0.025000 0.048223
0 0.365357 0.786802 0.029286 0.032995
0 0.510714 0.912437 0.004286 0.010152
0 0.380357 0.687183 0.003571 0.008883
0 0.379286 0.696066 0.004286 0.011421
0 0.458929 0.651015 0.043571 0.114213
0 0.902857 0.255711 0.004286 0.011421
0 0.908214 0.255076 0.003571 0.012690
0 0.911071 0.255711 0.003571 0.008883
0 0.916429 0.258249 0.004286 0.011421
0 0.909286 0.263959 0.002857 0.010152
0 0.912143 0.267766 0.004286 0.007614
0 0.888929 0.289975 0.005000 0.011421
0 0.817500 0.341371 0.005000 0.012690
0 0.781786 0.371193 0.005000 0.011421
0 0.711786 0.416878 0.003571 0.008883
0 0.437143 0.609137 0.024286 0.053299
0 0.442857 0.461294 0.015714 0.036802
0 0.508214 0.412437 0.023571 0.025381
0 0.501071 0.397208 0.023571 0.025381
0 0.497143 0.380076 0.022857 0.026650
0 0.481071 0.347081 0.023571 0.026650
0 0.286786 0.275381 0.010714 0.025381
0 0.392857 0.269036 0.014286 0.027919
0 0.365357 0.208122 0.012143 0.025381
0 0.437857 0.239213 0.021429 0.024112
0 0.430000 0.221447 0.021429 0.021574
0 0.423929 0.208122 0.019286 0.020305
0 0.417143 0.188452 0.018571 0.019036
0 0.409286 0.166244 0.021429 0.022843
0 0.405357 0.156726 0.020714 0.019036
0 0.396429 0.129442 0.021429 0.022843
0 0.400357 0.148477 0.019286 0.017766
0 0.391071 0.119924 0.019286 0.019036
0 0.386786 0.112310 0.017857 0.016497
0 0.383571 0.100888 0.020000 0.021574
0 0.377143 0.084391 0.020000 0.021574
0 0.361786 0.065355 0.013571 0.024112
0 0.351786 0.041244 0.012143 0.024112
0 0.345000 0.022208 0.010000 0.019036
0 0.386071 0.016497 0.017857 0.022843
0 0.394643 0.032995 0.017857 0.020305
0 0.397857 0.010787 0.014286 0.019036
0 0.332857 0.117386 0.011429 0.021574
0 0.354643 0.164975 0.012143 0.022843
0 0.326071 0.059645 0.010714 0.020305
0 0.316786 0.036168 0.012143 0.019036
0 0.308571 0.010152 0.010000 0.020305
0 0.258571 0.145939 0.021429 0.063452
0 0.256429 0.332487 0.002857 0.012690
0 0.257857 0.333122 0.002857 0.011421
0 0.259286 0.319162 0.002857 0.011421
0 0.262857 0.313452 0.002857 0.010152
0 0.252500 0.241117 0.003571 0.012690
0 0.240000 0.214467 0.002857 0.010152
