0 0.633873 0.795455 0.082985 0.169759
0 0.825678 0.869666 0.090814 0.093692
0 0.760438 0.745362 0.082463 0.134508
0 0.697547 0.535714 0.047495 0.089981
0 0.406837 0.638219 0.103862 0.113173
0 0.279489 0.631262 0.103862 0.095547
0 0.284447 0.590445 0.088727 0.082560
0 0.379958 0.585343 0.090814 0.094620
0 0.636743 0.373840 0.027140 0.063080
0 0.606472 0.297310 0.025052 0.045455
0 0.485908 0.309833 0.048017 0.037106
0 0.436587 0.287570 0.050626 0.031540
0 0.243998 0.908627 0.053758 0.093692
0 0.252871 0.577458 0.045407 0.041744
0 0.266701 0.519481 0.030271 0.035250
0 0.276357 0.522727 0.036013 0.034323
0 0.317067 0.410946 0.012004 0.050093
0 0.520355 0.257421 0.006263 0.026902
0 0.533403 0.259276 0.007307 0.023191
0 0.406054 0.286178 0.006263 0.021336
0 0.542276 0.526438 0.012526 0.049165
0 0.529489 0.307050 0.007829 0.022263
0 0.544624 0.178571 0.004697 0.012059
0 0.554541 0.178108 0.003653 0.009276
0 0.568633 0.235622 0.006785 0.016698
0 0.564196 0.173933 0.005219 0.010204
0 0.576200 0.172078 0.003132 0.010204
0 0.565501 0.147959 0.002610 0.006494
0 0.565501 0.146104 0.002610 0.006494
0 0.575939 0.168831 0.003653 0.009276
0 0.563935 0.171150 0.003653 0.012059
0 0.554541 0.174397 0.003653 0.009276
0 0.545146 0.175788 0.004697 0.012059
0 0.568372 0.231911 0.006263 0.018553
0 0.528706 0.302412 0.008351 0.020408
0 0.371086 0.336271 0.015658 0.023191
0 0.542015 0.514842 0.014092 0.046382
0 0.615866 0.492115 0.074113 0.153061
0 0.450939 0.272263 0.044885 0.032468
0 0.455115 0.257885 0.042797 0.038961
0 0.454593 0.250464 0.034447 0.033395
0 0.450939 0.243043 0.022965 0.027829
0 0.452505 0.201763 0.020877 0.021336
0 0.477035 0.206401 0.010438 0.025046
0 0.467119 0.201299 0.011482 0.020408
0 0.482516 0.198052 0.016180 0.021336
0 0.459812 0.194341 0.014614 0.019481
0 0.463466 0.184601 0.011482 0.016698
0 0.493737 0.178108 0.015658 0.020408
0 0.483559 0.161410 0.009916 0.016698
0 0.588205 0.239332 0.014614 0.025974
0 0.544102 0.161410 0.014092 0.014842
0 0.493737 0.206865 0.018789 0.022263
0 0.506002 0.191558 0.024530 0.015770
0 0.487213 0.186456 0.023486 0.016698
0 0.477818 0.181818 0.025574 0.020408
0 0.481211 0.173469 0.017745 0.018553
0 0.502088 0.162338 0.016701 0.016698
0 0.520877 0.165584 0.019833 0.013915
0 0.517484 0.161410 0.016180 0.014842
0 0.597599 0.268553 0.012526 0.026902
0 0.584551 0.226345 0.016701 0.046382
0 0.471294 0.204082 0.005219 0.011132
0 0.481472 0.202226 0.004697 0.020408
0 0.460073 0.179035 0.004697 0.009276
0 0.463205 0.178571 0.003653 0.013915
0 0.486952 0.163265 0.007307 0.009276
0 0.492693 0.166512 0.007307 0.013915
0 0.527401 0.163265 0.002610 0.016698
0 0.543058 0.156772 0.014092 0.016698
0 0.564457 0.163265 0.006785 0.014842
0 0.575157 0.165584 0.006263 0.015770
0 0.583768 0.165584 0.004697 0.012059
0 0.583507 0.158627 0.003132 0.009276
0 0.562630 0.154453 0.002088 0.008349
0 0.566545 0.154917 0.002610 0.011132
0 0.564196 0.154917 0.003132 0.012987
0 0.565240 0.140074 0.002088 0.007421
0 0.564979 0.141929 0.002610 0.005566
0 0.570198 0.141466 0.006785 0.008349
0 0.569676 0.135436 0.007829 0.009276
0 0.579854 0.117347 0.010438 0.023191
