0 0.290000 0.063333 0.014286 0.029524
0 0.270357 0.059048 0.013571 0.036190
0 0.277500 0.051429 0.019286 0.045714
0 0.245000 0.181429 0.108571 0.100000
0 0.188571 0.281905 0.032857 0.051429
0 0.139286 0.331429 0.030000 0.034286
0 0.121071 0.337619 0.027857 0.035238
0 0.385000 0.298571 0.054286 0.160952
0 0.179286 0.796190 0.050000 0.120000
0 0.468571 0.299524 0.075714 0.267619
0 0.572500 0.427143 0.059286 0.178095
0 0.784286 0.028095 0.018571 0.044762
0 0.864286 0.139048 0.081429 0.062857
0 0.749286 0.209524 0.038571 0.028571
0 0.751071 0.203333 0.012143 0.042857
0 0.807500 0.543810 0.066429 0.127619
0 0.849643 0.803810 0.156429 0.173333
