0 0.553214 0.358571 0.016429 0.033333
0 0.547857 0.282857 0.012857 0.032381
0 0.518571 0.263810 0.017143 0.034286
0 0.540000 0.229048 0.014286 0.021905
0 0.549286 0.936190 0.037143 0.127619
0 0.471786 0.918571 0.030714 0.119048
0 0.472857 0.742857 0.031429 0.095238
0 0.471786 0.650000 0.032143 0.086667
0 0.475357 0.571429 0.023571 0.068571
0 0.473214 0.461905 0.023571 0.049524
0 0.475000 0.410952 0.022857 0.046667
0 0.478214 0.366190 0.017857 0.044762
0 0.478571 0.317143 0.017143 0.051429
0 0.501071 0.366667 0.009286 0.032381
0 0.481429 0.258095 0.012857 0.030476
0 0.481786 0.209524 0.012143 0.020952
0 0.479286 0.173810 0.011429 0.018095
0 0.478571 0.151905 0.012857 0.018095
0 0.478929 0.134762 0.010714 0.018095
0 0.479643 0.113810 0.012143 0.018095
0 0.479286 0.095714 0.011429 0.014286
0 0.479643 0.078571 0.010714 0.018095
0 0.481071 0.051905 0.012143 0.021905
0 0.529643 0.005238 0.007857 0.008571
0 0.531429 0.016190 0.008571 0.013333
0 0.533214 0.032381 0.007857 0.011429
0 0.534643 0.046667 0.007857 0.013333
0 0.538214 0.070952 0.009286 0.012381
0 0.539643 0.085714 0.009286 0.015238
0 0.544643 0.113333 0.010714 0.015238
0 0.547143 0.129524 0.008571 0.013333
0 0.531071 0.172857 0.012143 0.020000
0 0.455357 0.004762 0.012143 0.009524
0 0.453571 0.032857 0.002857 0.010476
0 0.450357 0.032381 0.002143 0.007619
0 0.450357 0.010000 0.002143 0.006667
0 0.447857 0.009048 0.001429 0.006667
0 0.443571 0.049048 0.002857 0.008571
0 0.439643 0.048571 0.002143 0.009524
0 0.442500 0.027619 0.002143 0.005714
0 0.439643 0.027143 0.002143 0.008571
0 0.566786 0.047619 0.002143 0.007619
0 0.563929 0.047143 0.002143 0.008571
0 0.570000 0.074286 0.002857 0.013333
0 0.577857 0.110476 0.002857 0.013333
0 0.584286 0.064762 0.002857 0.011429
0 0.616786 0.156190 0.003571 0.011429
0 0.610357 0.160952 0.002143 0.009524
0 0.618571 0.230000 0.004286 0.014286
0 0.620000 0.278095 0.004286 0.015238
0 0.615357 0.275714 0.003571 0.014286
0 0.483571 0.030000 0.008571 0.016190
0 0.428214 0.156667 0.002143 0.012381
0 0.425000 0.156190 0.002857 0.013333
0 0.439643 0.235714 0.005000 0.016190
0 0.495357 0.223810 0.003571 0.015238
0 0.489643 0.218095 0.003571 0.013333
0 0.545000 0.179524 0.004286 0.012381
0 0.509643 0.187619 0.003571 0.017143
0 0.502500 0.209524 0.003571 0.013333
0 0.499286 0.206190 0.002857 0.010476
0 0.504286 0.184762 0.005714 0.017143
0 0.508929 0.226190 0.005000 0.020000
0 0.555714 0.174762 0.004286 0.012381
0 0.435357 0.204762 0.003571 0.015238
0 0.381429 0.444286 0.004286 0.014286
0 0.356071 0.591905 0.002143 0.012381
0 0.362143 0.587143 0.002857 0.016190
0 0.587143 0.482857 0.007143 0.020952
0 0.499643 0.472857 0.006429 0.033333
0 0.764286 0.621429 0.047143 0.061905
0 0.648929 0.406667 0.006429 0.020952
0 0.636786 0.273333 0.003571 0.015238
0 0.628214 0.181429 0.029286 0.020000
0 0.932143 0.828095 0.052857 0.096190
0 0.555714 0.171429 0.002857 0.009524
0 0.545000 0.176667 0.002857 0.008571
0 0.509286 0.185714 0.002857 0.007619
0 0.503571 0.181429 0.002857 0.008571
0 0.498929 0.204762 0.002143 0.007619
0 0.502857 0.206190 0.002857 0.006667
0 0.508571 0.222857 0.004286 0.011429
0 0.499286 0.462857 0.007143 0.011429
0 0.587500 0.479048 0.006429 0.013333
