0 0.128392 0.862709 0.030271 0.042672
0 0.082463 0.808905 0.009395 0.024119
0 0.082985 0.799165 0.007307 0.021336
0 0.028706 0.667904 0.039666 0.024119
0 0.065240 0.630798 0.035491 0.025974
0 0.115084 0.594156 0.024530 0.047310
0 0.101775 0.566790 0.016701 0.022263
0 0.163883 0.558905 0.006263 0.012059
0 0.163361 0.555195 0.004175 0.013915
0 0.104384 0.555659 0.026096 0.020408
0 0.087944 0.543135 0.010960 0.010204
0 0.095772 0.524583 0.016180 0.015770
0 0.110647 0.508349 0.028184 0.018553
0 0.114562 0.504638 0.025574 0.020408
0 0.118737 0.495362 0.027662 0.018553
0 0.182672 0.501391 0.007307 0.017625
0 0.211378 0.478200 0.024008 0.049165
0 0.137265 0.468924 0.013570 0.017625
0 0.220251 0.442950 0.011482 0.021336
0 0.205898 0.438776 0.003653 0.011132
0 0.206420 0.442022 0.004697 0.008349
0 0.191284 0.446660 0.002610 0.010204
0 0.192589 0.442950 0.003132 0.008349
0 0.174582 0.406308 0.067328 0.025974
0 0.207724 0.384972 0.024008 0.033395
0 0.199635 0.375232 0.009916 0.012059
0 0.219990 0.383117 0.003653 0.011132
0 0.221816 0.379406 0.003132 0.012987
0 0.236169 0.393321 0.020355 0.035250
0 0.242693 0.372449 0.017745 0.036178
0 0.206681 0.359926 0.015658 0.012987
0 0.198330 0.355751 0.010438 0.013915
0 0.193894 0.355751 0.008873 0.012059
0 0.238257 0.313544 0.009916 0.011132
0 0.229123 0.297310 0.009395 0.008349
0 0.250261 0.282004 0.004697 0.007421
0 0.254958 0.266234 0.009916 0.016698
0 0.247651 0.268089 0.007829 0.007421
0 0.249217 0.264378 0.006785 0.007421
0 0.275574 0.250000 0.008351 0.019481
0 0.128653 0.443414 0.014092 0.012987
0 0.320198 0.430891 0.014092 0.017625
0 0.313935 0.375696 0.007829 0.014842
0 0.313152 0.352968 0.007307 0.012059
0 0.314979 0.325603 0.009916 0.029685
0 0.315501 0.300557 0.009916 0.020408
0 0.318894 0.283859 0.006263 0.014842
0 0.310543 0.264842 0.008351 0.017625
0 0.313674 0.246753 0.003132 0.007421
0 0.313674 0.238868 0.006263 0.006494
0 0.302192 0.284787 0.004175 0.009276
0 0.297234 0.297310 0.001566 0.004638
0 0.297495 0.298701 0.002088 0.003711
0 0.316284 0.214286 0.003132 0.007421
0 0.553497 0.915121 0.051670 0.089981
0 0.728601 0.870594 0.049061 0.039889
0 0.779228 0.889610 0.007307 0.025974
0 0.793841 0.891929 0.006263 0.026902
0 0.750783 0.826994 0.040188 0.038033
0 0.610908 0.740260 0.033925 0.040816
0 0.635438 0.717996 0.033925 0.029685
0 0.657098 0.703618 0.013570 0.025046
0 0.666754 0.709184 0.012004 0.013915
0 0.610647 0.695269 0.041754 0.039889
0 0.611691 0.665584 0.029228 0.026902
0 0.584812 0.637291 0.005741 0.011132
0 0.588727 0.590909 0.005219 0.020408
0 0.570981 0.572356 0.008351 0.012987
0 0.543058 0.621058 0.022443 0.026902
0 0.555324 0.570501 0.018789 0.016698
0 0.541493 0.553803 0.022443 0.020408
0 0.562630 0.539425 0.015658 0.021336
0 0.499739 0.773655 0.044363 0.035250
0 0.484864 0.713822 0.037578 0.045455
0 0.487213 0.654917 0.003653 0.012987
0 0.486430 0.651206 0.005219 0.014842
0 0.485908 0.653525 0.006263 0.019481
0 0.449113 0.625696 0.033925 0.043599
0 0.429019 0.557514 0.024008 0.025974
0 0.440762 0.537570 0.004697 0.012059
0 0.441023 0.544063 0.004175 0.013915
0 0.527662 0.510204 0.011482 0.012987
0 0.524008 0.506494 0.003132 0.012987
0 0.519833 0.504638 0.004175 0.011132
0 0.520094 0.507421 0.007829 0.011132
0 0.498956 0.499072 0.018789 0.018553
0 0.403706 0.471243 0.018267 0.018553
0 0.450418 0.486085 0.003132 0.014842
0 0.470772 0.487013 0.009395 0.009276
0 0.477035 0.483302 0.004175 0.009276
0 0.468424 0.481447 0.003653 0.011132
0 0.489823 0.476345 0.004697 0.012059
0 0.491388 0.471707 0.019311 0.015770
0 0.486691 0.462894 0.012004 0.014842
0 0.496868 0.462430 0.008351 0.010204
0 0.487996 0.452690 0.014614 0.011132
0 0.470251 0.447588 0.013570 0.012059
0 0.455898 0.450835 0.012004 0.014842
0 0.476514 0.428571 0.006263 0.011132
0 0.456159 0.429963 0.014614 0.012059
0 0.438935 0.423933 0.017745 0.012987
0 0.465031 0.419295 0.018789 0.011132
0 0.420407 0.445269 0.005741 0.014842
0 0.426409 0.338126 0.012526 0.010204
0 0.364823 0.333024 0.009395 0.027829
0 0.359603 0.322356 0.009395 0.010204
0 0.357777 0.317254 0.009916 0.009276
0 0.356994 0.309833 0.008351 0.009276
0 0.385960 0.306586 0.009916 0.008349
0 0.382307 0.304267 0.008873 0.005566
0 0.379697 0.298237 0.003653 0.008349
0 0.396660 0.301948 0.009395 0.006494
0 0.366910 0.280612 0.006263 0.010204
0 0.355428 0.263915 0.003132 0.006494
