0 0.100357 0.935238 0.043571 0.040000
0 0.455357 0.508571 0.015000 0.043810
0 0.142143 0.029524 0.014286 0.034286
0 0.200714 0.236190 0.048571 0.059048
0 0.234286 0.041905 0.038571 0.041905
0 0.257500 0.076190 0.063571 0.040000
0 0.286071 0.118571 0.066429 0.052381
0 0.355357 0.145238 0.072143 0.052381
0 0.491429 0.147619 0.035714 0.057143
0 0.439286 0.166190 0.032857 0.050476
0 0.348929 0.195714 0.053571 0.061905
0 0.291786 0.203333 0.053571 0.058095
0 0.395714 0.187143 0.054286 0.075238
0 0.637857 0.094762 0.040000 0.058095
0 0.334643 0.257619 0.055000 0.065714
0 0.555000 0.140000 0.040000 0.055238
0 0.595000 0.120000 0.041429 0.053333
0 0.562143 0.237143 0.078571 0.060952
0 0.557143 0.346190 0.085714 0.094286
0 0.616071 0.413810 0.082143 0.101905
0 0.682857 0.440476 0.104286 0.098095
0 0.704286 0.521429 0.101429 0.130476
0 0.805000 0.564762 0.122857 0.148571
0 0.820357 0.686667 0.116429 0.150476
0 0.641786 0.830952 0.142143 0.195238
0 0.455714 0.870000 0.117143 0.189524
0 0.431429 0.414286 0.105714 0.137143
0 0.734286 0.428571 0.017143 0.045714
0 0.648214 0.341905 0.027857 0.034286
0 0.668571 0.324286 0.022857 0.031429
0 0.623929 0.271429 0.020714 0.034286
0 0.598214 0.246667 0.029286 0.032381
0 0.963929 0.575714 0.037857 0.046667
0 0.823214 0.759048 0.025000 0.034286
0 0.882857 0.746190 0.022857 0.039048
0 0.506429 0.067619 0.008571 0.032381
0 0.421786 0.082381 0.007857 0.033333
0 0.542143 0.087143 0.092857 0.065714
0 0.610714 0.053333 0.071429 0.040000
0 0.654643 0.080476 0.032143 0.048571
