0 0.718214 0.916244 0.066429 0.104061
0 0.552500 0.703680 0.059286 0.092640
0 0.452500 0.784264 0.057857 0.088832
0 0.387143 0.598985 0.051429 0.076142
0 0.382857 0.470812 0.054286 0.081218
0 0.396071 0.413071 0.070714 0.118020
0 0.248929 0.291878 0.045000 0.060914
0 0.198571 0.160533 0.047143 0.074873
0 0.139286 0.141497 0.041429 0.059645
0 0.342143 0.795051 0.037143 0.077411
0 0.105000 0.032995 0.044286 0.058376
0 0.249643 0.158629 0.079286 0.116751
0 0.257143 0.111041 0.030000 0.041878
0 0.376786 0.149112 0.065000 0.130711
0 0.333929 0.142132 0.056429 0.111675
0 0.275714 0.056472 0.065714 0.105330
0 0.302500 0.041878 0.060714 0.083756
0 0.119643 0.391497 0.032143 0.049492
0 0.093214 0.349619 0.032143 0.046954
0 0.059286 0.301396 0.028571 0.044416
0 0.027857 0.263325 0.032857 0.049492
0 0.183929 0.493655 0.017857 0.025381
0 0.227143 0.644036 0.011429 0.021574
0 0.222143 0.651650 0.012857 0.021574
0 0.285000 0.753807 0.011429 0.025381
0 0.374643 0.074239 0.010714 0.024112
0 0.428571 0.970178 0.012857 0.019036
