0 0.013214 0.244286 0.023571 0.016190
0 0.065000 0.320476 0.020000 0.010476
0 0.428214 0.416190 0.007857 0.011429
0 0.435357 0.490476 0.022143 0.060952
0 0.391429 0.521905 0.044286 0.036190
0 0.384286 0.495714 0.050000 0.035238
0 0.388214 0.457143 0.057857 0.038095
0 0.382143 0.427143 0.045714 0.037143
0 0.374286 0.400476 0.041429 0.031429
0 0.373214 0.351429 0.045000 0.028571
0 0.373571 0.319048 0.042857 0.026667
0 0.377857 0.288095 0.048571 0.027619
0 0.384643 0.256190 0.047857 0.028571
0 0.318571 0.225714 0.022857 0.068571
0 0.348214 0.207619 0.023571 0.059048
0 0.370000 0.201905 0.022857 0.059048
0 0.294286 0.182381 0.014286 0.023810
0 0.348214 0.146190 0.009286 0.014286
0 0.338929 0.012857 0.015000 0.025714
0 0.381071 0.014762 0.007857 0.016190
0 0.386786 0.048571 0.035000 0.034286
0 0.434286 0.037143 0.042857 0.053333
0 0.440714 0.100000 0.022857 0.068571
0 0.481429 0.234762 0.020000 0.061905
0 0.533571 0.030952 0.015714 0.035238
0 0.535714 0.020476 0.011429 0.014286
0 0.540714 0.094286 0.014286 0.038095
0 0.541429 0.084286 0.007143 0.016190
0 0.556786 0.130000 0.013571 0.020000
0 0.555714 0.126667 0.008571 0.011429
0 0.527500 0.225714 0.009286 0.022857
0 0.523214 0.381905 0.020714 0.064762
0 0.499286 0.486190 0.022857 0.063810
0 0.531429 0.512381 0.021429 0.059048
0 0.565714 0.615238 0.011429 0.034286
0 0.565000 0.607619 0.008571 0.015238
0 0.571429 0.708095 0.008571 0.025714
0 0.571429 0.708571 0.007143 0.015238
0 0.491071 0.653810 0.013571 0.027619
0 0.516429 0.722857 0.022857 0.062857
0 0.549643 0.902381 0.025000 0.065714
0 0.576071 0.863333 0.029286 0.071429
0 0.610714 0.848095 0.020000 0.060000
0 0.655000 0.863333 0.045714 0.029524
0 0.688214 0.796190 0.043571 0.026667
0 0.694286 0.831429 0.044286 0.030476
0 0.710357 0.897619 0.045000 0.037143
0 0.714643 0.929524 0.047857 0.036190
0 0.717857 0.963810 0.045714 0.036190
0 0.804286 0.845238 0.018571 0.012381
0 0.802500 0.832857 0.020714 0.012381
0 0.715714 0.764286 0.018571 0.035238
0 0.784286 0.789048 0.047143 0.044762
0 0.676786 0.660952 0.043571 0.036190
0 0.745714 0.583333 0.012857 0.008571
0 0.661786 0.567619 0.045000 0.032381
0 0.739643 0.538571 0.013571 0.037143
0 0.657143 0.540476 0.047143 0.035238
0 0.651786 0.507619 0.043571 0.032381
0 0.648929 0.476190 0.043571 0.028571
0 0.648571 0.446190 0.038571 0.029524
0 0.648929 0.417143 0.045000 0.032381
0 0.732857 0.510952 0.010000 0.020000
0 0.733214 0.511429 0.006429 0.009524
0 0.731786 0.461429 0.017857 0.012381
0 0.747500 0.459048 0.019286 0.013333
0 0.731429 0.406667 0.018571 0.013333
0 0.733571 0.396667 0.020000 0.010476
0 0.726071 0.371429 0.023571 0.009524
0 0.725714 0.358095 0.021429 0.020952
0 0.681786 0.315238 0.005000 0.011429
0 0.637500 0.258571 0.043571 0.031429
0 0.632143 0.232381 0.042857 0.030476
0 0.672500 0.191429 0.006429 0.015238
0 0.702143 0.234286 0.011429 0.020952
0 0.713571 0.208095 0.017143 0.014286
0 0.726071 0.124286 0.032143 0.060000
0 0.708929 0.073333 0.009286 0.019048
0 0.688214 0.064286 0.006429 0.012381
0 0.175000 0.144762 0.014286 0.032381
0 0.185714 0.142381 0.014286 0.023810
0 0.191429 0.137619 0.018571 0.021905
0 0.206071 0.130476 0.013571 0.022857
0 0.218214 0.125238 0.016429 0.027619
0 0.230357 0.117619 0.016429 0.025714
0 0.183571 0.065238 0.014286 0.027619
0 0.196786 0.055238 0.016429 0.022857
0 0.176429 0.083333 0.018571 0.031429
0 0.211429 0.083810 0.014286 0.015238
