0 0.471429 0.743020 0.045714 0.059645
0 0.470000 0.687183 0.038571 0.057107
0 0.451071 0.645939 0.060714 0.078680
0 0.516071 0.602792 0.045000 0.053299
0 0.577500 0.554569 0.043571 0.050761
0 0.671071 0.520305 0.107857 0.124365
0 0.576786 0.442259 0.036429 0.044416
0 0.645357 0.319162 0.087857 0.123096
0 0.584286 0.312817 0.008571 0.021574
0 0.811071 0.320431 0.029286 0.036802
0 0.835357 0.394670 0.017857 0.025381
0 0.929643 0.186548 0.030714 0.030457
0 0.413214 0.444162 0.007857 0.022843
0 0.250357 0.449873 0.035000 0.085025
0 0.204643 0.198604 0.017857 0.041878
0 0.140000 0.201777 0.017143 0.040609
0 0.176071 0.088198 0.019286 0.041878
0 0.049643 0.867386 0.056429 0.064721
0 0.045000 0.828680 0.054286 0.060914
0 0.078214 0.753173 0.025000 0.034264
0 0.077500 0.750635 0.016429 0.021574
0 0.052143 0.734137 0.055714 0.062183
