0 0.688929 0.798223 0.039286 0.035533
0 0.778571 0.705584 0.028571 0.058376
0 0.766786 0.657995 0.016429 0.036802
0 0.798571 0.715736 0.011429 0.022843
0 0.758929 0.564086 0.017857 0.049492
0 0.748571 0.579949 0.034286 0.104061
0 0.726786 0.513959 0.015000 0.035533
0 0.717500 0.465736 0.012143 0.035533
0 0.708929 0.430838 0.012143 0.039340
0 0.765714 0.406726 0.002857 0.011421
0 0.676429 0.303934 0.012857 0.034264
0 0.637500 0.186548 0.012143 0.032995
0 0.580714 0.088832 0.010000 0.022843
0 0.640000 0.148477 0.021429 0.043147
0 0.678214 0.221447 0.017857 0.041878
0 0.660357 0.253807 0.012143 0.022843
0 0.745000 0.247462 0.020000 0.053299
0 0.565714 0.043782 0.011429 0.036802
0 0.573929 0.040609 0.007857 0.015228
0 0.471429 0.032360 0.004286 0.016497
0 0.848571 0.953680 0.031429 0.074873
