0 0.187500 0.943810 0.045000 0.080000
0 0.660357 0.654762 0.030714 0.054286
0 0.222500 0.720952 0.052143 0.062857
0 0.460000 0.741905 0.188571 0.140952
0 0.124643 0.641905 0.077857 0.182857
0 0.278214 0.558095 0.073571 0.137143
0 0.831071 0.717619 0.173571 0.136190
0 0.925357 0.324286 0.097857 0.136190
0 0.807143 0.306667 0.085714 0.129524
0 0.747500 0.268095 0.083571 0.126667
0 0.488214 0.567619 0.165000 0.118095
0 0.444643 0.368571 0.125000 0.108571
0 0.396786 0.317143 0.110714 0.121905
0 0.265357 0.393333 0.073571 0.165714
0 0.581786 0.443810 0.016429 0.055238
0 0.527857 0.277143 0.015714 0.059048
0 0.487857 0.229524 0.010000 0.053333
0 0.504643 0.219524 0.012143 0.050476
0 0.691071 0.155714 0.015000 0.050476
0 0.541786 0.170952 0.082143 0.098095
0 0.497500 0.160476 0.083571 0.094286
0 0.467143 0.132857 0.082857 0.073333
0 0.203571 0.174286 0.061429 0.074286
0 0.293929 0.197619 0.057857 0.109524
0 0.307857 0.125238 0.044286 0.063810
0 0.318929 0.042857 0.037857 0.062857
0 0.055714 0.248571 0.082857 0.106667
0 0.104643 0.158571 0.062143 0.082857
0 0.136786 0.083810 0.055000 0.074286
0 0.228571 0.236190 0.010000 0.034286
0 0.233571 0.253333 0.007143 0.036190
