0 0.605714 0.770952 0.115714 0.086667
0 0.405357 0.716667 0.049286 0.126667
0 0.566786 0.709048 0.096429 0.084762
0 0.497857 0.710952 0.015714 0.031429
0 0.481786 0.700952 0.016429 0.038095
0 0.448571 0.677619 0.018571 0.035238
0 0.434643 0.647143 0.019286 0.029524
0 0.527500 0.370952 0.037857 0.077143
0 0.485000 0.388095 0.040000 0.080952
0 0.574643 0.241429 0.066429 0.052381
0 0.607500 0.364286 0.040714 0.067619
0 0.485357 0.239048 0.070714 0.047619
0 0.499286 0.135238 0.030000 0.060952
0 0.453214 0.126667 0.025000 0.041905
0 0.416429 0.147143 0.028571 0.048571
0 0.548214 0.159048 0.023571 0.030476
0 0.450357 0.066190 0.022143 0.021905
0 0.420714 0.036667 0.014286 0.029524
0 0.527857 0.016190 0.024286 0.022857
0 0.527500 0.067143 0.020714 0.020000
0 0.511071 0.027143 0.007857 0.029524
0 0.505357 0.033810 0.006429 0.018095
0 0.498571 0.030476 0.008571 0.030476
0 0.541786 0.042857 0.010714 0.020952
0 0.421429 0.030952 0.012857 0.027619
0 0.270357 0.082857 0.032143 0.055238
0 0.216786 0.206190 0.039286 0.069524
0 0.196786 0.274286 0.043571 0.078095
0 0.154286 0.473810 0.051429 0.092381
0 0.065714 0.520952 0.060000 0.110476
0 0.064643 0.575714 0.025000 0.042857
