0 0.387143 0.817143 0.051429 0.137143
0 0.726071 0.877143 0.086429 0.173333
0 0.411429 0.566190 0.041429 0.098095
0 0.303571 0.911905 0.018571 0.060000
0 0.462143 0.776190 0.017143 0.049524
0 0.460714 0.764762 0.014286 0.028571
0 0.421429 0.476667 0.037143 0.082857
0 0.439643 0.339524 0.029286 0.054286
0 0.447857 0.275714 0.030000 0.061905
0 0.452500 0.226190 0.025000 0.048571
0 0.454643 0.179048 0.023571 0.049524
0 0.463214 0.141429 0.022143 0.037143
0 0.467143 0.072857 0.020000 0.027619
0 0.466071 0.100000 0.019286 0.043810
0 0.533571 0.171905 0.021429 0.042857
0 0.552143 0.122381 0.022857 0.058095
0 0.555000 0.166190 0.021429 0.037143
0 0.582857 0.158095 0.022857 0.038095
0 0.557857 0.270476 0.027143 0.053333
0 0.560714 0.326667 0.027143 0.055238
0 0.563214 0.433810 0.029286 0.069524
0 0.561429 0.520476 0.035714 0.086667
0 0.569643 0.655714 0.042143 0.107619
0 0.751429 0.878571 0.012857 0.027619
0 0.786786 0.861905 0.043571 0.032381
0 0.778571 0.814762 0.037143 0.037143
0 0.769286 0.790000 0.038571 0.025714
0 0.762500 0.773333 0.042143 0.032381
0 0.868929 0.904286 0.025000 0.054286
0 0.750357 0.658571 0.033571 0.021905
0 0.742857 0.621905 0.031429 0.020952
0 0.731071 0.573333 0.026429 0.022857
0 0.610714 0.473810 0.012857 0.037143
0 0.729286 0.588095 0.030000 0.021905
0 0.642500 0.357143 0.012143 0.034286
0 0.601786 0.166190 0.007857 0.029524
0 0.616071 0.110476 0.007857 0.022857
0 0.656429 0.119524 0.020000 0.025714
0 0.618214 0.083333 0.035000 0.027619
0 0.668929 0.207143 0.010714 0.025714
0 0.653929 0.081429 0.015000 0.014286
0 0.638571 0.017619 0.007143 0.023810
0 0.628929 0.073333 0.019286 0.019048
0 0.600000 0.065238 0.040000 0.035238
0 0.585357 0.026667 0.037857 0.026667
0 0.605357 0.048571 0.045000 0.024762
0 0.805000 0.180952 0.010000 0.024762
0 0.048214 0.079524 0.053571 0.031429
0 0.172500 0.077143 0.056429 0.032381
0 0.136786 0.029048 0.033571 0.046667
0 0.317143 0.064762 0.008571 0.028571
0 0.278214 0.085714 0.040714 0.034286
0 0.227143 0.072857 0.044286 0.033333
