0 0.792500 0.604061 0.187857 0.200508
0 0.861071 0.743020 0.082143 0.092640
0 0.362857 0.410533 0.072857 0.079949
0 0.532500 0.836294 0.040714 0.119289
0 0.603929 0.894036 0.052143 0.140863
0 0.134286 0.403553 0.051429 0.104061
0 0.244643 0.261421 0.062143 0.073604
0 0.334643 0.292513 0.042143 0.097716
0 0.108214 0.229695 0.059286 0.073604
0 0.076071 0.327411 0.069286 0.081218
0 0.467857 0.284898 0.057143 0.069797
0 0.478929 0.236041 0.053571 0.065990
0 0.477143 0.157360 0.045714 0.098985
0 0.502143 0.180838 0.037143 0.087563
0 0.450714 0.138325 0.041429 0.091371
0 0.319643 0.170051 0.042143 0.078680
0 0.293929 0.149112 0.043571 0.082487
0 0.632857 0.310914 0.062857 0.063452
0 0.632143 0.267766 0.060000 0.058376
0 0.618571 0.222081 0.074286 0.073604
0 0.609643 0.181472 0.060714 0.063452
0 0.593571 0.141497 0.065714 0.059645
0 0.569643 0.064086 0.060714 0.064721
0 0.559286 0.029188 0.057143 0.050761
0 0.631071 0.760787 0.013571 0.026650
0 0.641786 0.760152 0.007857 0.027919
0 0.871786 0.470812 0.127857 0.111675
0 0.621429 0.434645 0.014286 0.029188
0 0.593929 0.429569 0.009286 0.031726
0 0.600357 0.416244 0.007857 0.025381
0 0.598214 0.402919 0.007857 0.026650
0 0.371429 0.276015 0.010000 0.029188
0 0.363571 0.265228 0.008571 0.025381
0 0.362857 0.251904 0.007143 0.019036
0 0.357500 0.254442 0.006429 0.026650
