0 0.080115 0.348794 0.021399 0.040816
0 0.134395 0.315399 0.040188 0.068646
0 0.170668 0.329314 0.037578 0.070501
0 0.216597 0.340909 0.039666 0.069573
0 0.074896 0.648423 0.051670 0.115028
0 0.340553 0.754638 0.016180 0.038033
0 0.147443 0.939703 0.024530 0.044527
0 0.156576 0.914193 0.022965 0.047310
0 0.377088 0.925325 0.038100 0.143785
0 0.312370 0.326994 0.010960 0.036178
0 0.338727 0.450371 0.010438 0.026902
0 0.339770 0.455937 0.015658 0.039889
0 0.367432 0.388683 0.017745 0.059369
0 0.325157 0.121521 0.007307 0.024119
0 0.325418 0.127551 0.008873 0.028757
0 0.340292 0.145640 0.021921 0.042672
0 0.352035 0.106679 0.014092 0.020408
0 0.302714 0.097403 0.009395 0.022263
0 0.304019 0.086735 0.017223 0.017625
0 0.305063 0.079777 0.015136 0.018553
0 0.306889 0.073284 0.016701 0.020408
0 0.357516 0.059833 0.015658 0.015770
0 0.358559 0.057050 0.015658 0.015770
0 0.359342 0.052876 0.015136 0.016698
0 0.360386 0.048701 0.016180 0.015770
0 0.359342 0.041280 0.015136 0.015770
0 0.361430 0.036178 0.015136 0.016698
0 0.362474 0.032004 0.014092 0.017625
0 0.575678 0.155844 0.007307 0.024119
0 0.575157 0.154453 0.006263 0.023191
0 0.574635 0.160482 0.007307 0.027829
0 0.595511 0.245826 0.009395 0.025974
0 0.595772 0.251855 0.006785 0.034323
0 0.686848 0.796382 0.014614 0.032468
0 0.685804 0.786178 0.011482 0.034323
0 0.687109 0.804731 0.017223 0.052876
