0 0.113571 0.877619 0.191429 0.244762
0 0.316786 0.621905 0.126429 0.158095
0 0.396071 0.515238 0.076429 0.112381
0 0.339643 0.426190 0.020714 0.052381
0 0.366786 0.419524 0.016429 0.042857
0 0.465000 0.360476 0.010000 0.050476
0 0.532143 0.360952 0.081429 0.068571
0 0.485714 0.340952 0.031429 0.026667
0 0.357143 0.332381 0.010000 0.043810
0 0.386786 0.316190 0.030714 0.028571
0 0.667857 0.283333 0.051429 0.052381
0 0.692500 0.246667 0.039286 0.045714
0 0.863929 0.179048 0.030714 0.030476
0 0.878571 0.311905 0.040000 0.058095
0 0.608929 0.240476 0.037857 0.050476
0 0.643214 0.235714 0.007857 0.042857
0 0.468929 0.248571 0.020714 0.020952
0 0.921786 0.205714 0.029286 0.038095
0 0.977857 0.295714 0.014286 0.042857
0 0.965000 0.232857 0.038571 0.044762
0 0.960000 0.201429 0.028571 0.033333
0 0.948214 0.156667 0.025000 0.029524
0 0.902143 0.183333 0.011429 0.029524
0 0.892143 0.108571 0.021429 0.024762
0 0.915000 0.068571 0.015714 0.017143
0 0.906071 0.038095 0.010714 0.013333
0 0.770357 0.145714 0.023571 0.032381
0 0.720000 0.198095 0.034286 0.038095
0 0.704286 0.219524 0.008571 0.027619
0 0.987143 0.191429 0.025714 0.034286
0 0.980000 0.170476 0.024286 0.032381
0 0.971429 0.153810 0.020000 0.027619
0 0.963214 0.137143 0.022143 0.024762
0 0.955357 0.123333 0.022143 0.023810
0 0.940000 0.144286 0.020000 0.029524
0 0.951786 0.110000 0.019286 0.020000
0 0.948571 0.100476 0.017143 0.020000
0 0.944286 0.089048 0.017143 0.021905
0 0.921071 0.040000 0.013571 0.015238
0 0.975714 0.074286 0.020000 0.015238
0 0.968929 0.064762 0.013571 0.015238
0 0.965714 0.057619 0.017143 0.016190
0 0.782500 0.123333 0.017857 0.020000
0 0.791786 0.095714 0.015000 0.020000
0 0.801071 0.084762 0.012143 0.019048
0 0.968214 0.041905 0.005000 0.013333
0 0.485714 0.278095 0.017143 0.024762
0 0.292500 0.534286 0.020714 0.057143
0 0.093929 0.736190 0.047857 0.066667
0 0.534286 0.201429 0.011429 0.029524
0 0.902143 0.180476 0.011429 0.021905
