0 0.191786 0.035714 0.066429 0.063810
0 0.246429 0.063333 0.097143 0.067619
0 0.248929 0.087619 0.075000 0.070476
0 0.302143 0.116190 0.091429 0.070476
0 0.083571 0.316190 0.101429 0.104762
0 0.123571 0.370476 0.105714 0.120000
0 0.165357 0.438571 0.112143 0.149524
0 0.215000 0.520000 0.114286 0.184762
0 0.276429 0.611905 0.124286 0.214286
0 0.347857 0.748571 0.128571 0.238095
0 0.833214 0.643810 0.169286 0.112381
0 0.727857 0.554286 0.160000 0.099048
0 0.510000 0.514286 0.158571 0.182857
0 0.780000 0.454762 0.147143 0.138095
0 0.633929 0.448095 0.157857 0.124762
0 0.974643 0.301429 0.033571 0.050476
0 0.821071 0.388571 0.030714 0.060952
0 0.852857 0.435714 0.035714 0.060000
0 0.868571 0.470476 0.025714 0.041905
0 0.802857 0.161429 0.021429 0.050476
0 0.756786 0.214286 0.027857 0.051429
0 0.477500 0.207143 0.033571 0.031429
0 0.458214 0.212857 0.040714 0.025714
0 0.433214 0.161429 0.023571 0.023810
0 0.415000 0.178571 0.024286 0.037143
