0 0.175357 0.901015 0.043571 0.096447
0 0.385357 0.788706 0.029286 0.079949
0 0.272857 0.734772 0.031429 0.091371
0 0.502500 0.784898 0.026429 0.102792
0 0.141786 0.578046 0.070714 0.052030
0 0.287500 0.487944 0.062143 0.046954
0 0.468571 0.606599 0.064286 0.055838
0 0.592143 0.557107 0.067143 0.050761
0 0.637143 0.503173 0.065714 0.052030
0 0.817143 0.795051 0.052857 0.158629
0 0.747500 0.444797 0.052143 0.143401
0 0.726071 0.356599 0.022143 0.053299
0 0.892143 0.265863 0.005714 0.021574
0 0.897500 0.260152 0.006429 0.015228
0 0.803929 0.105330 0.030714 0.106599
0 0.750357 0.081853 0.003571 0.016497
0 0.752857 0.079949 0.004286 0.017766
0 0.766429 0.128807 0.004286 0.021574
0 0.629643 0.034898 0.015000 0.026650
0 0.571429 0.014594 0.005714 0.016497
0 0.571071 0.012056 0.006429 0.016497
0 0.553929 0.079315 0.016429 0.026650
0 0.617500 0.136421 0.015000 0.041878
0 0.343929 0.074239 0.056429 0.092640
0 0.386786 0.023477 0.003571 0.016497
0 0.394643 0.015228 0.003571 0.015228
0 0.397500 0.014594 0.003571 0.016497
0 0.400714 0.013325 0.002857 0.019036
0 0.404286 0.008883 0.004286 0.017766
0 0.374286 0.035533 0.002857 0.017766
0 0.382857 0.020305 0.004286 0.017766
0 0.368571 0.030457 0.004286 0.017766
0 0.283214 0.121193 0.006429 0.019036
0 0.402143 0.152284 0.038571 0.055838
0 0.187143 0.087563 0.081429 0.093909
0 0.164643 0.262690 0.006429 0.022843
0 0.518571 0.456218 0.020000 0.069797
