0 0.015714 0.335660 0.017143 0.024112
0 0.437857 0.164975 0.010000 0.035533
0 0.438929 0.163706 0.007857 0.030457
0 0.461786 0.500000 0.022143 0.098985
0 0.613929 0.168782 0.039286 0.284264
0 0.625714 0.544416 0.047143 0.271574
0 0.577500 0.434645 0.025000 0.107868
0 0.592143 0.777919 0.028571 0.096447
0 0.733571 0.737944 0.035714 0.112944
0 0.725714 0.618655 0.032857 0.110406
0 0.742143 0.470178 0.050000 0.166244
0 0.701786 0.231599 0.040714 0.184010
0 0.743571 0.255711 0.047143 0.229695
0 0.791786 0.314721 0.046429 0.276650
