0 0.116071 0.841429 0.145000 0.223810
0 0.750357 0.718095 0.177857 0.179048
0 0.083214 0.656190 0.033571 0.053333
0 0.067143 0.543810 0.041429 0.049524
0 0.067143 0.553810 0.052857 0.061905
0 0.426786 0.507619 0.020714 0.062857
0 0.633571 0.453810 0.105714 0.113333
0 0.481786 0.485238 0.116429 0.122857
0 0.646071 0.326190 0.080714 0.103810
0 0.404286 0.386190 0.130000 0.084762
0 0.499286 0.436667 0.011429 0.046667
0 0.771429 0.270000 0.018571 0.052381
0 0.780000 0.266190 0.011429 0.060000
0 0.772500 0.252381 0.017857 0.055238
0 0.657857 0.198571 0.020000 0.031429
0 0.819286 0.329524 0.031429 0.055238
0 0.798571 0.314762 0.027143 0.050476
0 0.639286 0.238571 0.015714 0.044762
0 0.685357 0.258571 0.019286 0.048571
0 0.527500 0.240000 0.027857 0.036190
0 0.581786 0.241905 0.032143 0.040000
0 0.497857 0.215238 0.028571 0.038095
0 0.546429 0.203333 0.031429 0.029524
0 0.474643 0.243333 0.012143 0.050476
0 0.453214 0.253810 0.012143 0.050476
0 0.416071 0.168571 0.027857 0.038095
0 0.405000 0.167143 0.024286 0.031429
0 0.422500 0.118571 0.012143 0.050476
0 0.415357 0.127619 0.017857 0.026667
0 0.393214 0.116667 0.015000 0.033333
0 0.373571 0.085714 0.011429 0.038095
0 0.316429 0.081429 0.012857 0.039048
0 0.321786 0.078571 0.012143 0.044762
0 0.118571 0.016190 0.012857 0.032381
0 0.142857 0.014762 0.010000 0.025714
0 0.203929 0.016667 0.047857 0.029524
0 0.185714 0.033333 0.064286 0.032381
0 0.187500 0.052857 0.045000 0.046667
0 0.205714 0.072381 0.065714 0.059048
0 0.216786 0.090476 0.066429 0.057143
0 0.238929 0.094762 0.072143 0.061905
0 0.291786 0.130952 0.079286 0.065714
0 0.277857 0.352857 0.091429 0.088571
0 0.126429 0.396190 0.085714 0.093333
0 0.241071 0.303333 0.067857 0.084762
0 0.191786 0.258571 0.073571 0.071429
0 0.167500 0.196667 0.017857 0.040952
0 0.048571 0.183810 0.022857 0.041905
0 0.020357 0.193333 0.022143 0.040000
0 0.091786 0.166667 0.057857 0.055238
0 0.050000 0.140952 0.058571 0.059048
0 0.024643 0.110000 0.049286 0.054286
