0 0.083246 0.085343 0.013048 0.027829
0 0.122129 0.121521 0.033403 0.053803
0 0.029228 0.091373 0.013570 0.028757
0 0.025313 0.066790 0.018267 0.024119
0 0.068633 0.061224 0.015136 0.025974
0 0.116388 0.240724 0.042797 0.039889
0 0.232255 0.170223 0.034447 0.052876
0 0.253653 0.176252 0.021921 0.029685
0 0.289666 0.201299 0.031315 0.053803
0 0.227296 0.266234 0.046451 0.046382
0 0.301670 0.554267 0.050104 0.069573
0 0.361430 0.328850 0.044363 0.064007
0 0.367432 0.391466 0.010438 0.025974
0 0.415188 0.364564 0.006785 0.024119
0 0.431628 0.398423 0.016701 0.026902
0 0.450157 0.391466 0.017223 0.027829
0 0.371868 0.519944 0.048539 0.065863
0 0.472338 0.442486 0.038622 0.068646
0 0.496347 0.459647 0.037578 0.069573
0 0.484603 0.638683 0.052714 0.076994
0 0.578810 0.559833 0.052192 0.058442
0 0.391962 0.738868 0.062630 0.088126
0 0.704854 0.659091 0.038100 0.080705
0 0.734342 0.690167 0.013570 0.033395
0 0.776879 0.781540 0.020355 0.038033
0 0.788883 0.769017 0.012004 0.038961
0 0.822025 0.778757 0.038622 0.088126
0 0.856733 0.818646 0.046451 0.099258
0 0.368737 0.153061 0.045407 0.085343
