0 0.100357 0.266190 0.027857 0.037143
0 0.082857 0.315238 0.031429 0.036190
0 0.084643 0.369524 0.017857 0.024762
0 0.331071 0.057619 0.013571 0.031429
0 0.251071 0.310476 0.033571 0.022857
0 0.255000 0.253333 0.034286 0.030476
0 0.258929 0.219524 0.020714 0.039048
0 0.696429 0.805238 0.012857 0.050476
0 0.697143 0.806190 0.014286 0.025714
0 0.780714 0.686190 0.024286 0.067619
0 0.729643 0.599048 0.046429 0.123810
0 0.728571 0.433333 0.040000 0.108571
0 0.723571 0.300952 0.035714 0.091429
0 0.720357 0.179048 0.037857 0.100952
0 0.717143 0.067143 0.035714 0.086667
0 0.822500 0.503810 0.020714 0.028571
0 0.805357 0.485238 0.019286 0.031429
0 0.789286 0.519048 0.020000 0.022857
0 0.778929 0.516190 0.030714 0.030476
0 0.182143 0.750000 0.028571 0.042857
