0 0.374643 0.123333 0.049286 0.124762
0 0.233929 0.173333 0.055000 0.127619
0 0.217500 0.328571 0.060714 0.150476
0 0.202500 0.500000 0.063571 0.150476
0 0.143214 0.277143 0.023571 0.038095
0 0.071071 0.429524 0.030714 0.032381
0 0.533929 0.185238 0.043571 0.115238
0 0.672143 0.268571 0.047143 0.123810
0 0.663929 0.122857 0.045000 0.108571
0 0.717143 0.060000 0.045714 0.116190
0 0.726786 0.162381 0.046429 0.119048
0 0.754643 0.382381 0.057857 0.143810
0 0.802143 0.378095 0.017143 0.034286
0 0.692500 0.822857 0.059286 0.175238
0 0.671429 0.615714 0.055714 0.168571
0 0.782857 0.577143 0.061429 0.144762
0 0.617143 0.659048 0.018571 0.028571
0 0.617143 0.660952 0.014286 0.060952
0 0.886786 0.780000 0.027857 0.026667
0 0.857500 0.676190 0.027857 0.024762
0 0.234643 0.766190 0.020714 0.027619
0 0.236071 0.769048 0.026429 0.069524
0 0.173571 0.714762 0.062857 0.126667
0 0.886786 0.391905 0.073571 0.138095
