0 0.061429 0.013810 0.010000 0.025714
0 0.027857 0.098095 0.015714 0.032381
0 0.251071 0.129524 0.012143 0.030476
0 0.260357 0.123810 0.013571 0.024762
0 0.147143 0.109524 0.032857 0.057143
0 0.066071 0.265238 0.050714 0.061905
0 0.261429 0.226667 0.037143 0.051429
0 0.318929 0.214762 0.063571 0.090476
0 0.345357 0.051429 0.029286 0.032381
0 0.348929 0.083810 0.016429 0.028571
0 0.307857 0.372857 0.044286 0.071429
0 0.081786 0.707619 0.135000 0.167619
0 0.447857 0.406667 0.010000 0.030476
0 0.493929 0.210952 0.009286 0.031429
0 0.475000 0.197619 0.005714 0.023810
0 0.585714 0.399048 0.078571 0.045714
0 0.594643 0.348571 0.067857 0.041905
0 0.386786 0.163810 0.030714 0.053333
0 0.528929 0.123333 0.047857 0.027619
0 0.592143 0.245238 0.080000 0.050476
0 0.597143 0.174762 0.072857 0.060000
0 0.603929 0.212381 0.060714 0.041905
0 0.629643 0.107143 0.006429 0.025714
0 0.835714 0.062857 0.027143 0.028571
0 0.792500 0.090952 0.045000 0.031429
0 0.788214 0.072857 0.042143 0.025714
0 0.781429 0.061429 0.045714 0.025714
0 0.777500 0.038095 0.037857 0.026667
0 0.919286 0.111905 0.047143 0.031429
0 0.917143 0.091905 0.051429 0.025714
0 0.903214 0.078095 0.043571 0.015238
0 0.900714 0.071905 0.035714 0.020000
0 0.892143 0.057143 0.040000 0.022857
0 0.884643 0.045238 0.046429 0.021905
0 0.880000 0.034286 0.044286 0.022857
0 0.969643 0.091905 0.043571 0.023810
0 0.954286 0.077143 0.045714 0.024762
0 0.944286 0.057619 0.048571 0.023810
0 0.949643 0.047143 0.043571 0.023810
0 0.941786 0.031905 0.039286 0.021905
0 0.932857 0.019524 0.041429 0.020000
0 0.857857 0.179048 0.050000 0.049524
0 0.730714 0.181429 0.052857 0.042857
0 0.812143 0.201429 0.060000 0.029524
0 0.828929 0.230000 0.056429 0.033333
0 0.848214 0.284286 0.062143 0.035238
0 0.864643 0.310000 0.056429 0.037143
0 0.872857 0.340476 0.057143 0.046667
0 0.790000 0.418571 0.095714 0.060000
0 0.791786 0.366667 0.105000 0.059048
0 0.778214 0.325238 0.092143 0.048571
0 0.772857 0.295238 0.090000 0.047619
0 0.763571 0.262381 0.080000 0.056190
0 0.727500 0.276667 0.006429 0.031429
0 0.713929 0.283810 0.007857 0.026667
0 0.708929 0.270000 0.009286 0.027619
0 0.719643 0.267619 0.007857 0.028571
0 0.881786 0.437143 0.070714 0.053333
0 0.895000 0.497143 0.081429 0.051429
0 0.847500 0.730476 0.146429 0.085714
0 0.926786 0.611429 0.093571 0.051429
