0 0.737143 0.315714 0.134286 0.124762
0 0.763571 0.216190 0.124286 0.104762
0 0.807500 0.116667 0.110714 0.092381
0 0.612500 0.473333 0.082143 0.070476
0 0.647143 0.138571 0.024286 0.067619
0 0.670000 0.806667 0.021429 0.032381
0 0.670000 0.874286 0.021429 0.045714
0 0.653214 0.913333 0.033571 0.028571
0 0.321786 0.608095 0.030714 0.037143
0 0.334286 0.394286 0.031429 0.043810
0 0.355000 0.370952 0.020000 0.052381
0 0.634643 0.106667 0.013571 0.062857
0 0.452857 0.312381 0.031429 0.047619
0 0.492500 0.795714 0.086429 0.115238
0 0.522857 0.778095 0.021429 0.032381
0 0.380357 0.793810 0.025000 0.027619
0 0.620357 0.795714 0.022143 0.033333
0 0.610000 0.819524 0.075714 0.109524
0 0.565714 0.614762 0.074286 0.080952
