0 0.515000 0.865482 0.084286 0.096447
0 0.376429 0.748096 0.078571 0.082487
0 0.129643 0.704949 0.079286 0.062183
0 0.859286 0.435279 0.017143 0.040609
0 0.398214 0.409264 0.022143 0.049492
0 0.214286 0.718909 0.075714 0.064721
0 0.301786 0.737310 0.076429 0.060914
0 0.118571 0.763959 0.082857 0.063452
0 0.043929 0.686548 0.080714 0.071066
0 0.778571 0.837563 0.141429 0.119289
0 0.170714 0.638959 0.008571 0.034264
0 0.247143 0.666878 0.010000 0.036802
0 0.410357 0.713198 0.010714 0.043147
0 0.431071 0.712563 0.005000 0.021574
0 0.148929 0.643401 0.010714 0.040609
0 0.432857 0.775381 0.014286 0.053299
0 0.454286 0.771574 0.011429 0.060914
0 0.463214 0.779188 0.007857 0.048223
0 0.487857 0.770939 0.011429 0.064721
0 0.499286 0.783629 0.011429 0.046954
0 0.512500 0.786168 0.009286 0.041878
0 0.535714 0.784898 0.012857 0.069797
0 0.547857 0.793782 0.010000 0.064721
0 0.581786 0.796320 0.012143 0.064721
0 0.595000 0.805203 0.011429 0.059645
0 0.605714 0.800761 0.011429 0.068528
0 0.617857 0.812817 0.012857 0.057107
0 0.645714 0.812183 0.012857 0.071066
0 0.657857 0.811548 0.011429 0.062183
0 0.673214 0.816624 0.015000 0.062183
0 0.474643 0.771574 0.013571 0.068528
0 0.523571 0.782995 0.011429 0.058376
0 0.559286 0.796320 0.011429 0.062183
0 0.570714 0.791878 0.011429 0.058376
0 0.590714 0.717005 0.014286 0.038071
0 0.682500 0.766497 0.007857 0.035533
0 0.693571 0.744924 0.014286 0.043147
0 0.763214 0.561548 0.006429 0.024112
0 0.735357 0.609772 0.006429 0.026650
0 0.855714 0.549492 0.024286 0.048223
0 0.817857 0.071066 0.011429 0.017766
0 0.827143 0.069162 0.011429 0.013959
0 0.851071 0.097081 0.012143 0.016497
0 0.964643 0.283629 0.025000 0.046954
0 0.948214 0.247462 0.029286 0.045685
0 0.798929 0.039340 0.012143 0.010152
0 0.775000 0.024112 0.008571 0.012690
0 0.753929 0.010152 0.010714 0.020305
0 0.787500 0.024112 0.002143 0.007614
0 0.757857 0.082487 0.002857 0.010152
0 0.790714 0.402284 0.004286 0.015228
0 0.797500 0.375635 0.005000 0.017766
0 0.800714 0.368655 0.004286 0.019036
0 0.764643 0.282995 0.003571 0.015228
0 0.775000 0.250635 0.002857 0.019036
0 0.778571 0.161802 0.004286 0.016497
0 0.895357 0.123096 0.003571 0.012690
0 0.975000 0.258883 0.004286 0.020305
0 0.738929 0.029822 0.003571 0.008883
0 0.736429 0.027919 0.002857 0.010152
0 0.740357 0.005711 0.006429 0.008883
0 0.635357 0.178299 0.010714 0.031726
0 0.636429 0.250635 0.030000 0.021574
0 0.636429 0.234772 0.031429 0.012690
0 0.687500 0.243020 0.013571 0.026650
0 0.695714 0.228426 0.025714 0.017766
0 0.693571 0.218909 0.030000 0.019036
0 0.690714 0.208756 0.030000 0.016497
0 0.661071 0.196701 0.006429 0.017766
0 0.655357 0.197335 0.005000 0.016497
0 0.628571 0.325508 0.021429 0.021574
0 0.626786 0.310914 0.022143 0.015228
0 0.587500 0.349619 0.009286 0.026650
0 0.597857 0.349619 0.007143 0.026650
0 0.605714 0.352792 0.007143 0.025381
0 0.612857 0.351523 0.005714 0.030457
0 0.620714 0.347081 0.005714 0.024112
0 0.445714 0.327411 0.021429 0.040609
0 0.484286 0.331218 0.015714 0.035533
0 0.420714 0.417513 0.024286 0.048223
0 0.410714 0.378807 0.021429 0.041878
0 0.431071 0.392766 0.022143 0.044416
0 0.455000 0.387056 0.020000 0.038071
0 0.475714 0.394036 0.021429 0.044416
0 0.499643 0.397843 0.022143 0.044416
0 0.348929 0.365482 0.022143 0.045685
0 0.336786 0.398477 0.026429 0.053299
0 0.499286 0.338198 0.010000 0.024112
0 0.508929 0.337563 0.007857 0.025381
0 0.368571 0.324239 0.014286 0.021574
0 0.369643 0.314086 0.016429 0.024112
0 0.374643 0.308376 0.013571 0.025381
0 0.377857 0.300761 0.014286 0.020305
0 0.405000 0.328680 0.017143 0.015228
0 0.403929 0.324239 0.015000 0.011421
0 0.404286 0.314721 0.012857 0.010152
0 0.396071 0.301396 0.010714 0.013959
0 0.408929 0.303934 0.006429 0.021574
0 0.342143 0.329315 0.027143 0.031726
