0 0.363214 0.096447 0.033571 0.040609
0 0.375357 0.315990 0.022143 0.060914
0 0.396429 0.223985 0.028571 0.057107
0 0.424643 0.374365 0.025000 0.065990
0 0.484643 0.663706 0.026429 0.096447
0 0.877857 0.276650 0.028571 0.078680
0 0.267500 0.068528 0.030714 0.038071
0 0.278571 0.032995 0.031429 0.032995
0 0.279286 0.125635 0.032857 0.043147
0 0.309286 0.070431 0.027143 0.044416
0 0.604643 0.744289 0.030714 0.123096
0 0.713571 0.636421 0.044286 0.133249
0 0.703929 0.307107 0.043571 0.157360
0 0.286071 0.345812 0.010714 0.021574
0 0.271071 0.340736 0.005000 0.013959
0 0.257500 0.244289 0.009286 0.024112
0 0.263929 0.241751 0.007857 0.029188
