0 0.770877 0.664657 0.085595 0.067718
0 0.650574 0.474026 0.015136 0.042672
0 0.581159 0.398887 0.023486 0.042672
0 0.251566 0.878479 0.054280 0.137291
0 0.097338 0.756494 0.097599 0.073284
0 0.380480 0.654453 0.079332 0.067718
0 0.490866 0.602505 0.065240 0.089981
0 0.455637 0.488868 0.059499 0.048237
0 0.640397 0.363173 0.035491 0.110390
0 0.567850 0.296846 0.005219 0.018553
0 0.568372 0.301484 0.005219 0.014842
0 0.536273 0.297310 0.004697 0.015770
0 0.533142 0.300093 0.002610 0.012059
0 0.536273 0.302876 0.010960 0.010204
0 0.568372 0.264842 0.015658 0.034323
0 0.589770 0.179499 0.005219 0.013915
0 0.587944 0.171614 0.002610 0.009276
0 0.599426 0.250464 0.006785 0.018553
0 0.612735 0.249536 0.007307 0.020408
0 0.623173 0.257421 0.010438 0.023191
0 0.606472 0.270872 0.004175 0.014842
0 0.605950 0.275046 0.005219 0.008349
0 0.588466 0.121985 0.005741 0.013915
0 0.486691 0.455473 0.036013 0.037106
0 0.495042 0.464286 0.008873 0.028757
0 0.426409 0.593228 0.068894 0.049165
0 0.416754 0.602041 0.007829 0.046382
0 0.424843 0.554731 0.053236 0.033395
0 0.824896 0.515770 0.064196 0.044527
