0 0.059238 0.713822 0.102818 0.091837
0 0.176148 0.661874 0.072547 0.049165
0 0.111952 0.597866 0.016180 0.023191
0 0.105950 0.597866 0.018789 0.021336
0 0.510438 0.562152 0.007307 0.033395
0 0.376827 0.856215 0.118998 0.100186
0 0.715292 0.692486 0.022443 0.034323
0 0.700678 0.674861 0.073591 0.052876
0 0.693372 0.633117 0.055846 0.045455
0 0.689457 0.608534 0.062630 0.046382
0 0.752088 0.629406 0.011482 0.030612
0 0.576722 0.570501 0.011482 0.027829
0 0.607777 0.525974 0.013048 0.033395
0 0.563935 0.449907 0.028706 0.033395
0 0.587422 0.432282 0.019311 0.027829
0 0.627088 0.358998 0.004697 0.018553
0 0.635699 0.382189 0.006263 0.018553
0 0.522704 0.799165 0.015136 0.043599
0 0.599165 0.325139 0.017745 0.021336
0 0.566023 0.333024 0.025574 0.016698
0 0.578288 0.326531 0.022965 0.014842
0 0.574635 0.319573 0.018789 0.017625
0 0.579071 0.310761 0.019311 0.014842
0 0.590814 0.307050 0.013570 0.016698
0 0.655010 0.285250 0.013570 0.039889
0 0.649791 0.255566 0.007307 0.012059
0 0.633612 0.211039 0.007307 0.015770
0 0.658403 0.333488 0.003653 0.017625
0 0.693633 0.333952 0.025052 0.018553
0 0.575157 0.562152 0.008351 0.033395
0 0.608038 0.521336 0.007307 0.024119
0 0.636221 0.379406 0.004175 0.018553
0 0.523225 0.782931 0.008873 0.040816
