0 0.005000 0.020939 0.005714 0.011421
0 0.011429 0.018401 0.005714 0.011421
0 0.010000 0.032360 0.005714 0.013959
0 0.029286 0.028553 0.007143 0.013959
0 0.036786 0.027284 0.006429 0.016497
0 0.034286 0.057107 0.005714 0.012690
0 0.032143 0.072970 0.005714 0.013959
0 0.025000 0.074239 0.005714 0.016497
0 0.018571 0.016497 0.005714 0.012690
0 0.031071 0.015228 0.006429 0.012690
0 0.025000 0.018401 0.007143 0.013959
0 0.018571 0.060279 0.007143 0.013959
0 0.012143 0.062817 0.007143 0.013959
0 0.017500 0.076142 0.007857 0.017766
0 0.056786 0.132614 0.009286 0.016497
0 0.041429 0.179569 0.007143 0.016497
0 0.034286 0.179569 0.007143 0.013959
0 0.084286 0.124365 0.005714 0.015228
0 0.084643 0.135152 0.003571 0.006345
0 0.079286 0.112310 0.002857 0.006345
0 0.056429 0.105964 0.002857 0.006345
0 0.061786 0.137690 0.003571 0.006345
0 0.052143 0.138959 0.002857 0.006345
0 0.052857 0.131345 0.002857 0.006345
0 0.052857 0.179569 0.007143 0.013959
0 0.060000 0.178299 0.007143 0.016497
0 0.066786 0.177665 0.009286 0.017766
0 0.073929 0.176396 0.007857 0.017766
0 0.090357 0.124365 0.006429 0.015228
0 0.112143 0.118020 0.005714 0.015228
0 0.099286 0.090736 0.080000 0.039340
0 0.117143 0.177665 0.017143 0.015228
0 0.116429 0.164340 0.005714 0.019036
0 0.102857 0.164975 0.005714 0.015228
0 0.095714 0.168147 0.007143 0.016497
0 0.110000 0.166244 0.007143 0.015228
0 0.041429 0.147208 0.005714 0.012690
0 0.076429 0.139594 0.005714 0.017766
0 0.189643 0.195431 0.012143 0.017766
0 0.067143 0.286802 0.010000 0.025381
0 0.232500 0.479695 0.006429 0.022843
0 0.186071 0.690990 0.007857 0.021574
0 0.288929 0.010787 0.006429 0.013959
0 0.345357 0.045685 0.007857 0.015228
0 0.325714 0.131345 0.008571 0.016497
0 0.328929 0.066624 0.010714 0.016497
0 0.382143 0.113579 0.008571 0.019036
0 0.368214 0.173858 0.007857 0.020305
0 0.385000 0.152919 0.008571 0.019036
0 0.397143 0.196701 0.008571 0.022843
0 0.404643 0.255711 0.013571 0.034264
0 0.397500 0.336294 0.009286 0.017766
0 0.390357 0.395939 0.016429 0.045685
0 0.377143 0.347081 0.007143 0.024112
0 0.337143 0.636421 0.010000 0.026650
0 0.385357 0.607868 0.010714 0.025381
0 0.392857 0.604061 0.010000 0.025381
0 0.329286 0.897843 0.068571 0.029188
0 0.322143 0.940355 0.068571 0.027919
0 0.327143 0.980964 0.071429 0.027919
0 0.438214 0.847716 0.019286 0.025381
0 0.407143 0.821066 0.017143 0.048223
0 0.477500 0.929569 0.027857 0.031726
0 0.542500 0.973350 0.015000 0.038071
0 0.505357 0.780457 0.017857 0.048223
0 0.523571 0.786168 0.017143 0.046954
0 0.422143 0.284898 0.010000 0.024112
0 0.432143 0.388959 0.008571 0.021574
0 0.450714 0.455584 0.010000 0.022843
0 0.475000 0.473985 0.010000 0.026650
0 0.487500 0.312817 0.025000 0.067259
0 0.466429 0.377538 0.024286 0.067259
0 0.448571 0.403553 0.017143 0.045685
0 0.425357 0.434010 0.009286 0.022843
0 0.411071 0.425127 0.013571 0.035533
0 0.490357 0.547589 0.029286 0.079949
0 0.524643 0.577411 0.012143 0.027919
0 0.414643 0.617386 0.010714 0.026650
0 0.472143 0.603426 0.011429 0.029188
0 0.520357 0.675127 0.012143 0.032995
0 0.461786 0.616751 0.010714 0.027919
0 0.442857 0.590736 0.011429 0.026650
0 0.417143 0.657360 0.011429 0.027919
0 0.408571 0.664975 0.011429 0.025381
0 0.547143 0.932741 0.014286 0.035533
0 0.589643 0.876904 0.017857 0.048223
0 0.544643 0.724619 0.025000 0.071066
0 0.640000 0.366117 0.011429 0.024112
0 0.662857 0.340102 0.011429 0.022843
0 0.888929 0.079315 0.016429 0.024112
0 0.917857 0.136421 0.022857 0.031726
0 0.949643 0.184645 0.022143 0.036802
0 0.888929 0.739848 0.003571 0.007614
0 0.883929 0.737310 0.003571 0.007614
