0 0.548929 0.726523 0.029286 0.082487
0 0.516429 0.561548 0.028571 0.067259
0 0.577857 0.491751 0.028571 0.057107
0 0.625714 0.343909 0.020000 0.045685
0 0.671071 0.225254 0.015000 0.039340
0 0.674286 0.078680 0.014286 0.027919
0 0.622143 0.049492 0.015714 0.030457
0 0.581071 0.076142 0.016429 0.025381
0 0.698929 0.057741 0.012143 0.029188
0 0.681786 0.178934 0.016429 0.030457
0 0.662500 0.279188 0.016429 0.043147
0 0.618571 0.263959 0.017143 0.038071
0 0.626786 0.227792 0.016429 0.029188
0 0.631786 0.190355 0.013571 0.038071
0 0.609286 0.315355 0.018571 0.046954
0 0.741071 0.457487 0.026429 0.069797
0 0.647143 0.379442 0.021429 0.053299
0 0.516786 0.900381 0.036429 0.110406
0 0.207143 0.563452 0.050000 0.055838
0 0.140000 0.410533 0.041429 0.039340
0 0.205714 0.776015 0.042857 0.095178
0 0.286786 0.434010 0.006429 0.022843
0 0.260357 0.550761 0.006429 0.022843
0 0.264643 0.430838 0.005000 0.021574
0 0.423214 0.378173 0.005000 0.022843
