0 0.250000 0.865238 0.050000 0.031429
0 0.515000 0.810000 0.044286 0.031429
0 0.581786 0.801905 0.035000 0.030476
0 0.628929 0.804762 0.043571 0.028571
0 0.682857 0.796667 0.044286 0.031429
0 0.554643 0.840476 0.033571 0.029524
0 0.655357 0.799524 0.006429 0.021905
0 0.725000 0.786667 0.020000 0.013333
0 0.413571 0.537143 0.012857 0.015238
0 0.425357 0.545714 0.010714 0.009524
0 0.580000 0.535714 0.014286 0.014286
0 0.750357 0.516190 0.012143 0.013333
0 0.054643 0.874286 0.027857 0.017143
0 0.828214 0.724286 0.013571 0.016190
0 0.215000 0.749524 0.005714 0.017143
0 0.206429 0.748095 0.007143 0.018095
0 0.224286 0.723333 0.005714 0.010476
0 0.200714 0.747143 0.005714 0.018095
0 0.189286 0.751905 0.007143 0.018095
