0 0.354286 0.730952 0.051429 0.134286
0 0.313571 0.686667 0.048571 0.125714
0 0.330714 0.522381 0.044286 0.113333
0 0.285714 0.536190 0.042857 0.112381
0 0.349286 0.378095 0.050000 0.116190
0 0.491786 0.466667 0.035000 0.091429
0 0.414286 0.107619 0.038571 0.099048
0 0.372143 0.140952 0.037143 0.089524
0 0.703214 0.205238 0.039286 0.092381
0 0.709643 0.318571 0.037857 0.096190
0 0.717500 0.460000 0.042143 0.112381
0 0.722143 0.600952 0.041429 0.123810
0 0.729643 0.771429 0.049286 0.142857
0 0.251786 0.754762 0.017857 0.018095
0 0.412857 0.892857 0.017143 0.023810
0 0.415714 0.894286 0.012857 0.060952
0 0.143214 0.978095 0.039286 0.028571
0 0.148929 0.886667 0.047857 0.034286
0 0.157500 0.826667 0.030714 0.049524
0 0.373571 0.254286 0.035714 0.106667
0 0.625714 0.318571 0.012857 0.050476
0 0.626071 0.315238 0.017857 0.026667
0 0.736786 0.068095 0.012143 0.033333
0 0.742143 0.064762 0.014286 0.034286
