0 0.015714 0.598350 0.028571 0.021574
0 0.018571 0.665609 0.020000 0.044416
0 0.048929 0.682107 0.020714 0.062183
0 0.066786 0.685279 0.019286 0.058376
0 0.082857 0.690990 0.015714 0.052030
0 0.152857 0.847716 0.062857 0.060914
0 0.238571 0.896574 0.084286 0.077411
0 0.126786 0.717005 0.013571 0.012690
0 0.136429 0.725254 0.010000 0.024112
0 0.151429 0.726523 0.014286 0.011421
0 0.159286 0.744289 0.034286 0.041878
0 0.205357 0.769036 0.030714 0.038071
0 0.227857 0.779822 0.035714 0.044416
0 0.184286 0.755076 0.031429 0.040609
0 0.254643 0.786168 0.032143 0.044416
0 0.276071 0.800761 0.032143 0.048223
0 0.346429 0.932107 0.032857 0.034264
0 0.358571 0.895939 0.032857 0.038071
0 0.366429 0.863579 0.034286 0.039340
0 0.535000 0.926396 0.031429 0.038071
0 0.821429 0.864213 0.035714 0.035533
0 0.776071 0.789340 0.032143 0.032995
0 0.866786 0.713832 0.037857 0.034264
0 0.982500 0.487944 0.026429 0.026650
0 0.935714 0.473985 0.014286 0.013959
0 0.937143 0.474619 0.005714 0.010152
0 0.886071 0.555838 0.029286 0.030457
0 0.961786 0.369289 0.033571 0.035533
0 0.907500 0.303299 0.015000 0.012690
0 0.908929 0.301396 0.007857 0.011421
0 0.916071 0.403553 0.033571 0.030457
0 0.882857 0.443528 0.034286 0.034264
0 0.736429 0.455584 0.031429 0.027919
0 0.818571 0.345812 0.034286 0.031726
0 0.669286 0.699239 0.034286 0.030457
0 0.492143 0.591371 0.034286 0.027919
0 0.477500 0.704949 0.032143 0.031726
0 0.352500 0.657360 0.032143 0.027919
0 0.498571 0.637690 0.027143 0.024112
0 0.627143 0.560914 0.034286 0.025381
0 0.521429 0.556472 0.032857 0.026650
0 0.431071 0.652919 0.076429 0.046954
0 0.552143 0.369289 0.031429 0.025381
0 0.370714 0.407360 0.034286 0.027919
0 0.313571 0.354695 0.084286 0.059645
0 0.306071 0.585660 0.030714 0.024112
0 0.249643 0.600254 0.017857 0.020305
0 0.139643 0.567259 0.030714 0.022843
0 0.203214 0.574873 0.035000 0.025381
0 0.215714 0.639594 0.087143 0.055838
0 0.084643 0.601523 0.029286 0.020305
0 0.193929 0.425761 0.027857 0.024112
