0 0.022857 0.435914 0.042857 0.041878
0 0.040714 0.453680 0.044286 0.041878
0 0.147500 0.560914 0.045000 0.053299
0 0.185357 0.593909 0.045000 0.053299
0 0.196786 0.616117 0.045000 0.057107
0 0.214643 0.630076 0.046429 0.057107
0 0.051071 0.694797 0.033571 0.044416
0 0.091429 0.803934 0.052857 0.095178
0 0.213571 0.888325 0.044286 0.058376
0 0.316429 0.942259 0.051429 0.046954
0 0.490000 0.581853 0.005714 0.019036
0 0.481071 0.812183 0.035000 0.065990
0 0.502143 0.581853 0.004286 0.021574
0 0.504286 0.555203 0.004286 0.019036
0 0.563214 0.446066 0.003571 0.019036
0 0.578929 0.437183 0.005000 0.019036
0 0.671071 0.711294 0.067857 0.158629
0 0.697143 0.862944 0.084286 0.060914
0 0.669286 0.902919 0.084286 0.064721
0 0.680714 0.956218 0.090000 0.067259
0 0.884286 0.781091 0.131429 0.143401
0 0.786786 0.560279 0.052143 0.128173
0 0.609643 0.470812 0.023571 0.040609
0 0.638929 0.340102 0.003571 0.020305
0 0.647500 0.308376 0.003571 0.017766
0 0.652857 0.257614 0.004286 0.017766
0 0.656071 0.285533 0.003571 0.017766
0 0.676429 0.236041 0.002857 0.015228
0 0.686786 0.250000 0.005000 0.015228
0 0.724286 0.092005 0.002857 0.016497
0 0.725000 0.170051 0.004286 0.015228
0 0.686429 0.332487 0.018571 0.032995
0 0.731071 0.287437 0.017857 0.029188
0 0.751786 0.175127 0.013571 0.022843
0 0.793571 0.151650 0.017143 0.021574
0 0.753929 0.100254 0.019286 0.022843
0 0.836786 0.057741 0.010714 0.019036
0 0.821429 0.088198 0.012857 0.026650
