0 0.569643 0.495558 0.016429 0.059645
0 0.488214 0.277284 0.015000 0.036802
0 0.516429 0.172589 0.012857 0.027919
0 0.579286 0.149112 0.011429 0.034264
0 0.542857 0.130711 0.010000 0.025381
0 0.548571 0.072970 0.008571 0.021574
0 0.537143 0.024746 0.008571 0.024112
0 0.557143 0.313452 0.015714 0.045685
0 0.611786 0.103426 0.012143 0.031726
0 0.540714 0.526015 0.021429 0.062183
0 0.570000 0.630076 0.022857 0.085025
0 0.492857 0.197335 0.011429 0.029188
0 0.553929 0.024746 0.009286 0.024112
0 0.850000 0.610406 0.060000 0.040609
0 0.912500 0.616117 0.050714 0.036802
0 0.437500 0.550761 0.033571 0.096447
0 0.911786 0.056472 0.040714 0.029188
