0 0.558929 0.006345 0.006429 0.010152
0 0.575714 0.013959 0.005714 0.010152
0 0.595357 0.023477 0.005000 0.011421
0 0.583214 0.060279 0.007857 0.013959
0 0.544643 0.076777 0.007857 0.011421
0 0.522143 0.100888 0.008571 0.011421
0 0.520357 0.125635 0.009286 0.012690
0 0.593214 0.138959 0.009286 0.049492
0 0.626071 0.092640 0.006429 0.017766
0 0.657500 0.066624 0.010714 0.013959
0 0.674643 0.071701 0.013571 0.011421
0 0.686429 0.088832 0.007143 0.012690
0 0.720000 0.057107 0.031429 0.030457
0 0.759643 0.131345 0.015000 0.013959
0 0.702857 0.170051 0.008571 0.012690
0 0.707143 0.190355 0.008571 0.017766
0 0.711429 0.210025 0.010000 0.016497
0 0.719286 0.234772 0.008571 0.017766
0 0.723929 0.259518 0.010714 0.019036
0 0.731071 0.284898 0.010714 0.019036
0 0.723571 0.285533 0.020000 0.063452
0 0.743214 0.391497 0.012143 0.021574
0 0.748571 0.214467 0.011429 0.020305
0 0.754286 0.233503 0.012857 0.020305
0 0.761071 0.255711 0.010714 0.016497
0 0.765714 0.275381 0.012857 0.020305
0 0.772500 0.300127 0.013571 0.024112
0 0.787500 0.321701 0.020714 0.019036
0 0.792143 0.340102 0.021429 0.020305
0 0.794643 0.352157 0.019286 0.013959
0 0.798214 0.361675 0.019286 0.015228
0 0.803214 0.371827 0.022143 0.020305
0 0.813214 0.412437 0.023571 0.020305
0 0.805357 0.390863 0.022143 0.015228
0 0.810000 0.402284 0.022857 0.020305
0 0.819286 0.436548 0.021429 0.017766
0 0.824643 0.458122 0.022143 0.017766
0 0.775000 0.532360 0.012857 0.029188
0 0.830000 0.475254 0.024286 0.021574
0 0.837143 0.494924 0.024286 0.020305
0 0.876786 0.626904 0.029286 0.025381
0 0.892500 0.672589 0.030714 0.025381
0 0.896071 0.692259 0.029286 0.024112
0 0.902143 0.713198 0.031429 0.027919
0 0.812500 0.934645 0.025000 0.041878
0 0.817143 0.763325 0.030000 0.120558
0 0.774286 0.876904 0.024286 0.063452
0 0.117143 0.982868 0.032857 0.024112
0 0.250000 0.711929 0.017143 0.030457
0 0.153571 0.576142 0.042857 0.071066
0 0.344643 0.751904 0.030714 0.092640
0 0.317143 0.794416 0.017143 0.043147
0 0.271786 0.503173 0.042143 0.079949
0 0.273571 0.612310 0.017143 0.029188
0 0.410714 0.580584 0.014286 0.031726
0 0.425714 0.666878 0.014286 0.036802
0 0.506429 0.826777 0.011429 0.044416
0 0.481071 0.903553 0.012143 0.043147
0 0.466071 0.718274 0.012143 0.038071
0 0.509286 0.583756 0.014286 0.086294
0 0.528214 0.528553 0.016429 0.082487
0 0.624286 0.391497 0.002857 0.011421
0 0.630714 0.409264 0.002857 0.011421
0 0.625000 0.417513 0.001429 0.010152
0 0.399643 0.537437 0.012143 0.024112
0 0.367143 0.447970 0.014286 0.022843
0 0.314643 0.421320 0.002143 0.012690
0 0.296786 0.446066 0.002143 0.011421
0 0.305714 0.421954 0.004286 0.011421
0 0.347500 0.364848 0.002143 0.008883
0 0.375714 0.330584 0.002857 0.011421
0 0.386071 0.315355 0.002143 0.008883
0 0.278214 0.390863 0.015000 0.017766
0 0.318929 0.345178 0.016429 0.020305
0 0.375000 0.282995 0.014286 0.015228
0 0.422143 0.240482 0.032857 0.044416
0 0.420714 0.296320 0.037143 0.054569
0 0.453929 0.368020 0.019286 0.043147
0 0.433214 0.434010 0.023571 0.050761
0 0.414286 0.377538 0.014286 0.019036
0 0.433214 0.324873 0.012143 0.020305
0 0.446429 0.293147 0.011429 0.017766
0 0.453929 0.269036 0.010714 0.020305
0 0.458214 0.291244 0.012143 0.019036
0 0.487857 0.277919 0.010000 0.017766
0 0.473214 0.246193 0.010714 0.017766
0 0.468929 0.391497 0.012143 0.026650
0 0.442143 0.336294 0.012857 0.017766
0 0.466786 0.266497 0.009286 0.017766
0 0.463571 0.247462 0.011429 0.017766
0 0.527143 0.365482 0.008571 0.020305
0 0.482857 0.247462 0.010000 0.017766
0 0.468214 0.229061 0.007857 0.013959
0 0.488571 0.229695 0.008571 0.015228
0 0.478571 0.229061 0.008571 0.013959
0 0.854643 0.145305 0.013571 0.019036
0 0.889643 0.141497 0.016429 0.029188
0 0.913214 0.141497 0.016429 0.021574
0 0.920714 0.142766 0.017143 0.021574
0 0.946071 0.139594 0.016429 0.020305
0 0.959643 0.136421 0.015000 0.026650
0 0.846429 0.166878 0.018571 0.026650
0 0.861786 0.170685 0.012143 0.024112
0 0.907500 0.166878 0.016429 0.029188
0 0.782500 0.201142 0.016429 0.013959
0 0.785000 0.209391 0.018571 0.015228
0 0.786429 0.217640 0.018571 0.016497
0 0.791071 0.227157 0.017857 0.015228
0 0.793571 0.236041 0.018571 0.017766
0 0.795714 0.245558 0.015714 0.016497
0 0.801429 0.255076 0.018571 0.017766
0 0.810000 0.286802 0.018571 0.017766
0 0.802500 0.270939 0.017857 0.013959
0 0.830714 0.218909 0.012857 0.021574
0 0.849643 0.172589 0.013571 0.020305
0 0.975714 0.161802 0.014286 0.024112
0 0.947857 0.188452 0.017143 0.024112
0 0.923929 0.191624 0.013571 0.020305
0 0.904643 0.194162 0.013571 0.020305
0 0.987143 0.212563 0.017143 0.021574
0 0.843929 0.219543 0.012143 0.020305
0 0.853929 0.218274 0.012143 0.022843
0 0.862857 0.217005 0.014286 0.022843
0 0.873929 0.218274 0.016429 0.025381
0 0.896429 0.216371 0.017143 0.019036
0 0.905714 0.218274 0.017143 0.020305
0 0.917500 0.215736 0.013571 0.020305
0 0.930714 0.215736 0.012857 0.020305
0 0.942500 0.215102 0.013571 0.019036
0 0.953571 0.213832 0.010000 0.021574
0 0.964286 0.215102 0.014286 0.021574
0 0.763214 0.041244 0.010714 0.019036
0 0.758929 0.061548 0.007857 0.013959
0 0.752500 0.055203 0.013571 0.011421
0 0.826429 0.241751 0.012857 0.021574
0 0.836071 0.241751 0.016429 0.024112
0 0.849286 0.243655 0.012857 0.020305
0 0.860000 0.239848 0.012857 0.020305
0 0.868214 0.241117 0.012143 0.020305
0 0.823571 0.266497 0.011429 0.022843
0 0.845000 0.265228 0.014286 0.022843
0 0.864286 0.265228 0.015714 0.022843
0 0.857857 0.263325 0.012857 0.024112
0 0.888571 0.262056 0.012857 0.021574
0 0.893214 0.240482 0.013571 0.019036
0 0.901071 0.241117 0.016429 0.022843
0 0.913929 0.240482 0.015000 0.019036
0 0.908571 0.263325 0.014286 0.019036
0 0.925000 0.237944 0.012857 0.021574
0 0.937500 0.239213 0.013571 0.021574
0 0.941786 0.260152 0.013571 0.020305
0 0.952143 0.260787 0.014286 0.019036
0 0.981071 0.237310 0.012143 0.020305
0 0.969643 0.237310 0.009286 0.017766
0 0.965000 0.256980 0.012857 0.021574
0 0.977857 0.257614 0.011429 0.020305
0 0.986429 0.257614 0.015714 0.022843
0 0.820714 0.286168 0.011429 0.021574
