0 0.318111 0.288033 0.029749 0.075139
0 0.295929 0.159555 0.040710 0.100186
0 0.233820 0.065863 0.031315 0.076067
0 0.187370 0.693878 0.037578 0.083488
0 0.232777 0.659555 0.014614 0.037106
0 0.255219 0.677644 0.024008 0.071429
0 0.310282 0.694341 0.044363 0.119666
0 0.424582 0.747681 0.036013 0.090909
0 0.492693 0.788497 0.039666 0.118738
0 0.542276 0.804267 0.043841 0.126160
0 0.103601 0.658627 0.037056 0.098330
0 0.623434 0.658163 0.026618 0.017625
0 0.573330 0.834416 0.012004 0.013915
0 0.571503 0.857143 0.015658 0.020408
0 0.611169 0.805659 0.010438 0.023191
0 0.613518 0.852505 0.013048 0.018553
0 0.650052 0.856679 0.036013 0.134508
0 0.776879 0.937384 0.013048 0.023191
0 0.753392 0.964750 0.009916 0.031540
0 0.932672 0.972171 0.017745 0.018553
0 0.969468 0.985622 0.009916 0.025046
