0 0.782143 0.194286 0.021429 0.015238
0 0.874286 0.070476 0.058571 0.022857
0 0.704643 0.847619 0.077857 0.091429
0 0.581429 0.649048 0.110000 0.153333
0 0.534643 0.667619 0.120714 0.160000
0 0.479286 0.708571 0.090000 0.140952
0 0.436786 0.600952 0.066429 0.095238
0 0.427857 0.726667 0.108571 0.179048
0 0.356429 0.758095 0.058571 0.083810
0 0.461071 0.445238 0.027857 0.035238
0 0.353214 0.501429 0.010714 0.023810
0 0.314643 0.517143 0.007857 0.030476
0 0.341786 0.499048 0.010714 0.026667
0 0.305357 0.468095 0.009286 0.027619
0 0.336071 0.436190 0.007857 0.024762
0 0.139643 0.490476 0.090714 0.064762
0 0.113571 0.453810 0.058571 0.025714
0 0.357857 0.859524 0.018571 0.042857
