0 0.136786 0.932381 0.066429 0.045714
0 0.135714 0.889524 0.060000 0.040000
0 0.127500 0.787619 0.072143 0.041905
0 0.227500 0.881429 0.030714 0.082857
0 0.280357 0.920952 0.062143 0.041905
0 0.278929 0.820476 0.062143 0.039048
0 0.282500 0.779524 0.057857 0.039048
0 0.280714 0.734286 0.064286 0.038095
0 0.400714 0.855238 0.030000 0.083810
0 0.406071 0.768095 0.029286 0.075238
0 0.405357 0.704286 0.032143 0.027619
0 0.413929 0.629524 0.030714 0.080000
0 0.407143 0.559524 0.057143 0.035238
0 0.407143 0.490476 0.058571 0.032381
0 0.409643 0.446190 0.053571 0.037143
0 0.412500 0.410000 0.056429 0.035238
0 0.416071 0.370476 0.057857 0.038095
0 0.415357 0.333333 0.059286 0.038095
0 0.415357 0.291905 0.050714 0.033333
0 0.421429 0.196190 0.055714 0.047619
0 0.367857 0.178571 0.025714 0.061905
0 0.426071 0.025238 0.057857 0.039048
0 0.344643 0.158095 0.019286 0.015238
0 0.355357 0.212857 0.007857 0.018095
0 0.340714 0.302857 0.008571 0.015238
0 0.612143 0.798571 0.027143 0.086667
0 0.567500 0.500000 0.009286 0.028571
0 0.567500 0.498095 0.009286 0.015238
0 0.558214 0.082857 0.009286 0.028571
0 0.558929 0.077619 0.007857 0.016190
0 0.740714 0.879524 0.015714 0.046667
0 0.802500 0.793333 0.026429 0.064762
0 0.766786 0.710000 0.006429 0.020000
0 0.742500 0.623333 0.026429 0.067619
0 0.761071 0.425238 0.010714 0.018095
0 0.746071 0.472857 0.026429 0.071429
0 0.878214 0.503810 0.053571 0.034286
0 0.750000 0.278095 0.015714 0.019048
0 0.780714 0.055714 0.008571 0.021905
0 0.768214 0.046190 0.017857 0.016190
0 0.751071 0.052857 0.032143 0.037143
