0 0.103571 0.802857 0.202857 0.133333
0 0.346786 0.830952 0.206429 0.136190
0 0.621429 0.825238 0.210000 0.136190
0 0.155000 0.960476 0.041429 0.071429
0 0.037857 0.367619 0.071429 0.036190
0 0.050000 0.324762 0.065714 0.047619
0 0.108214 0.333333 0.067857 0.036190
0 0.242500 0.331905 0.025000 0.042857
0 0.511786 0.340952 0.017857 0.034286
0 0.551071 0.333333 0.013571 0.036190
0 0.638929 0.335714 0.017857 0.039048
0 0.770357 0.328095 0.012143 0.027619
0 0.805357 0.333333 0.015000 0.043810
0 0.285714 0.290476 0.060000 0.030476
0 0.433929 0.285714 0.040714 0.028571
0 0.536786 0.280000 0.033571 0.030476
0 0.824643 0.240952 0.012143 0.028571
0 0.778929 0.320000 0.013571 0.034286
