0 0.101786 0.821429 0.030714 0.050476
0 0.123214 0.796667 0.042143 0.042857
0 0.881071 0.828571 0.029286 0.055238
0 0.707500 0.926667 0.026429 0.043810
0 0.360357 0.589524 0.076429 0.131429
0 0.303214 0.553333 0.076429 0.116190
0 0.219643 0.552381 0.095000 0.152381
0 0.046786 0.600952 0.023571 0.043810
0 0.801786 0.018571 0.023571 0.037143
0 0.517500 0.079524 0.047857 0.048571
0 0.422500 0.090476 0.037857 0.038095
0 0.472500 0.044762 0.029286 0.032381
0 0.505714 0.019524 0.025714 0.025714
0 0.096786 0.260476 0.065000 0.044762
0 0.058571 0.291429 0.071429 0.038095
0 0.134643 0.165714 0.057857 0.032381
0 0.188929 0.338571 0.016429 0.035238
0 0.174286 0.330000 0.014286 0.023810
0 0.023214 0.230000 0.027857 0.021905
0 0.012857 0.238571 0.024286 0.018095
0 0.053929 0.208095 0.019286 0.021905
0 0.086429 0.182857 0.017143 0.019048
0 0.544286 0.019524 0.007143 0.018095
0 0.544286 0.024286 0.008571 0.016190
0 0.442500 0.942857 0.019286 0.040000
0 0.455714 0.933810 0.037143 0.107619
0 0.494643 0.047143 0.009286 0.023810
0 0.499643 0.064286 0.009286 0.018095
