0 0.453214 0.743810 0.039286 0.121905
0 0.527857 0.835714 0.038571 0.100000
0 0.522500 0.567143 0.022143 0.040952
0 0.565357 0.471905 0.015000 0.031429
0 0.528214 0.440952 0.017857 0.026667
0 0.529286 0.367143 0.014286 0.023810
0 0.533214 0.245714 0.009286 0.009524
0 0.534643 0.217619 0.006429 0.008571
0 0.532857 0.198095 0.005714 0.005714
0 0.543214 0.191429 0.005000 0.005714
0 0.545357 0.210000 0.007857 0.006667
0 0.540357 0.151429 0.005000 0.003810
0 0.532500 0.148095 0.003571 0.004762
0 0.533929 0.140952 0.005000 0.005714
0 0.540357 0.144286 0.003571 0.004762
0 0.516429 0.137619 0.004286 0.004762
0 0.520357 0.132381 0.005000 0.003810
0 0.537500 0.133810 0.003571 0.004762
0 0.532500 0.190476 0.005000 0.005714
0 0.533929 0.183333 0.005000 0.004762
0 0.544286 0.201905 0.007143 0.007619
0 0.492143 0.174762 0.004286 0.006667
0 0.548214 0.239524 0.003571 0.008571
0 0.642500 0.689048 0.012143 0.031429
0 0.665357 0.590476 0.010714 0.026667
0 0.621429 0.435238 0.005714 0.015238
0 0.642143 0.511429 0.005714 0.015238
0 0.655000 0.512381 0.005714 0.015238
0 0.633571 0.435238 0.005714 0.015238
0 0.575714 0.234286 0.002857 0.007619
0 0.569643 0.205714 0.002143 0.005714
0 0.566071 0.183333 0.002143 0.004762
0 0.568214 0.216190 0.002143 0.005714
0 0.571429 0.215238 0.001429 0.005714
0 0.576071 0.213810 0.002143 0.006667
0 0.717500 0.258095 0.023571 0.032381
0 0.733214 0.295238 0.025000 0.013333
0 0.725000 0.851905 0.010000 0.033333
0 0.741071 0.852381 0.009286 0.026667
0 0.757143 0.845238 0.011429 0.037143
0 0.801429 0.249048 0.027143 0.027619
0 0.758929 0.838095 0.013571 0.026667
0 0.742143 0.838095 0.012857 0.028571
0 0.725357 0.837619 0.013571 0.029524
0 0.642500 0.680952 0.009286 0.022857
0 0.664643 0.583333 0.007857 0.021905
0 0.642500 0.506190 0.006429 0.014286
0 0.655714 0.506190 0.005714 0.012381
0 0.634286 0.428095 0.005714 0.016190
0 0.828929 0.341905 0.009286 0.022857
0 0.566786 0.180952 0.002143 0.003810
0 0.569643 0.204286 0.002143 0.004762
0 0.568214 0.215238 0.002143 0.003810
0 0.575714 0.232381 0.002857 0.003810
0 0.548214 0.238095 0.003571 0.007619
0 0.622143 0.430476 0.005714 0.013333
