0 0.446071 0.062857 0.035000 0.104762
0 0.345357 0.075238 0.075000 0.047619
0 0.346429 0.117143 0.067143 0.051429
0 0.333929 0.174286 0.076429 0.049524
0 0.486429 0.165714 0.035714 0.112381
0 0.451071 0.158095 0.009286 0.019048
0 0.426429 0.220000 0.007143 0.024762
0 0.646429 0.064286 0.034286 0.077143
0 0.650000 0.179048 0.035714 0.097143
0 0.655357 0.299048 0.033571 0.100952
0 0.655000 0.416190 0.037143 0.100952
0 0.660357 0.536667 0.036429 0.109524
0 0.665714 0.673333 0.037143 0.112381
0 0.489643 0.875714 0.037857 0.130476
0 0.327857 0.930476 0.091429 0.060952
0 0.486429 0.694762 0.041429 0.124762
0 0.556429 0.471905 0.011429 0.016190
0 0.627857 0.627619 0.014286 0.013333
0 0.387143 0.581905 0.012857 0.011429
0 0.443929 0.583810 0.035000 0.110476
0 0.488929 0.546667 0.036429 0.112381
0 0.489643 0.296190 0.032143 0.100952
0 0.331429 0.426190 0.075714 0.042857
0 0.338214 0.491429 0.089286 0.051429
0 0.387857 0.199048 0.008571 0.028571
