0 0.180714 0.321429 0.090000 0.130476
0 0.118214 0.435238 0.089286 0.108571
0 0.248571 0.557619 0.090000 0.117143
0 0.172857 0.658571 0.088571 0.119048
0 0.138571 0.708095 0.092857 0.119048
0 0.102143 0.755714 0.088571 0.120952
0 0.065000 0.806667 0.090000 0.131429
0 0.279643 0.502381 0.086429 0.111429
0 0.318571 0.459524 0.094286 0.109524
0 0.317857 0.323810 0.078571 0.112381
0 0.283571 0.274762 0.080000 0.109524
0 0.246071 0.235714 0.085000 0.120952
0 0.211429 0.189524 0.078571 0.114286
0 0.650357 0.237619 0.060714 0.130476
0 0.595714 0.852381 0.080000 0.127619
0 0.803929 0.542857 0.079286 0.123810
0 0.923571 0.209524 0.084286 0.125714
0 0.795357 0.140000 0.073571 0.116190
0 0.387143 0.553810 0.085714 0.080952
0 0.880714 0.147143 0.201429 0.294286
0 0.150357 0.103333 0.069286 0.107619
0 0.111429 0.060952 0.080000 0.114286
0 0.181071 0.151905 0.085000 0.111429
0 0.058214 0.350476 0.097857 0.116190
0 0.084643 0.395238 0.089286 0.112381
0 0.528929 0.034762 0.017857 0.031429
0 0.610000 0.032381 0.012857 0.032381
0 0.565000 0.173333 0.014286 0.030476
0 0.536071 0.154762 0.013571 0.033333
0 0.530000 0.281429 0.017143 0.025714
0 0.484286 0.482381 0.015714 0.018095
0 0.582857 0.419524 0.015714 0.044762
0 0.485000 0.255238 0.017143 0.022857
0 0.488929 0.179524 0.012143 0.027619
0 0.435000 0.283333 0.012857 0.020000
0 0.074643 0.591905 0.033571 0.020000
0 0.123571 0.603810 0.028571 0.013333
0 0.255000 0.717143 0.024286 0.017143
0 0.308929 0.606190 0.017857 0.016190
0 0.214286 0.809048 0.024286 0.027619
0 0.395000 0.307619 0.015714 0.028571
0 0.405000 0.300000 0.014286 0.028571
0 0.415357 0.293333 0.009286 0.026667
0 0.460357 0.374286 0.012143 0.022857
0 0.436071 0.601905 0.013571 0.017143
0 0.453571 0.570476 0.047143 0.066667
0 0.425714 0.475714 0.012857 0.020000
0 0.497857 0.423810 0.014286 0.024762
0 0.491429 0.406667 0.012857 0.019048
0 0.472500 0.408095 0.015000 0.016190
0 0.482857 0.429524 0.021429 0.068571
0 0.390357 0.279524 0.049286 0.052381
0 0.358929 0.426190 0.016429 0.018095
0 0.352500 0.703333 0.032143 0.071429
0 0.884643 0.873333 0.126429 0.167619
0 0.968214 0.603810 0.030714 0.013333
0 0.938571 0.705238 0.047143 0.056190
0 0.906786 0.784286 0.026429 0.027619
0 0.913929 0.771429 0.022143 0.017143
0 0.958214 0.699524 0.026429 0.012381
