0 0.597143 0.864848 0.024286 0.085025
0 0.602500 0.672589 0.022143 0.058376
0 0.558571 0.383883 0.012857 0.031726
0 0.468571 0.282360 0.011429 0.021574
0 0.430000 0.244289 0.007143 0.016497
0 0.495000 0.223350 0.010000 0.020305
0 0.495000 0.187817 0.010000 0.017766
0 0.492143 0.163706 0.008571 0.017766
0 0.508214 0.166878 0.007857 0.019036
0 0.467857 0.025381 0.005714 0.010152
0 0.435357 0.164340 0.006429 0.011421
0 0.438571 0.150381 0.007143 0.013959
0 0.441071 0.135787 0.006429 0.012690
0 0.663214 0.207487 0.019286 0.013959
0 0.597500 0.236041 0.020714 0.012690
0 0.596071 0.231599 0.020714 0.013959
0 0.568929 0.210660 0.017857 0.017766
0 0.374286 0.447970 0.021429 0.025381
0 0.457857 0.177665 0.008571 0.017766
0 0.450714 0.109137 0.007143 0.007614
0 0.442500 0.212563 0.006429 0.011421
0 0.441786 0.232234 0.010714 0.017766
0 0.443929 0.201777 0.009286 0.020305
0 0.446429 0.160533 0.005714 0.016497
0 0.442143 0.116117 0.007143 0.021574
0 0.527143 0.171954 0.014286 0.052030
0 0.430357 0.199239 0.007857 0.015228
0 0.431429 0.185279 0.008571 0.015228
0 0.431786 0.215736 0.009286 0.017766
0 0.503571 0.140228 0.008571 0.016497
0 0.501071 0.083122 0.006429 0.013959
0 0.520714 0.117386 0.007143 0.016497
0 0.497143 0.381980 0.012857 0.045685
0 0.626071 0.233503 0.017857 0.015228
0 0.551786 0.175127 0.007857 0.020305
0 0.513571 0.048858 0.010000 0.031726
0 0.715357 0.206853 0.020714 0.012690
0 0.873571 0.182741 0.021429 0.012690
0 0.908929 0.177030 0.022143 0.013959
0 0.780357 0.189086 0.029286 0.022843
0 0.717500 0.179569 0.012143 0.016497
0 0.521071 0.389594 0.017857 0.071066
0 0.588571 0.403553 0.004286 0.020305
0 0.577857 0.323604 0.004286 0.020305
0 0.566786 0.257614 0.005000 0.012690
0 0.583929 0.224619 0.003571 0.012690
0 0.580714 0.224619 0.004286 0.012690
0 0.596786 0.223985 0.003571 0.013959
0 0.604286 0.218909 0.002857 0.013959
0 0.532857 0.113579 0.002857 0.011421
0 0.533929 0.123096 0.002143 0.007614
0 0.533571 0.129442 0.002857 0.012690
0 0.672143 0.175127 0.017143 0.015228
0 0.670714 0.167513 0.020000 0.020305
0 0.299643 0.859137 0.007857 0.027919
