0 0.192500 0.731905 0.117857 0.195238
0 0.070714 0.200000 0.071429 0.055238
0 0.107857 0.178095 0.084286 0.047619
0 0.126786 0.150000 0.087857 0.050476
0 0.160714 0.112381 0.058571 0.038095
0 0.180000 0.091429 0.058571 0.036190
0 0.189643 0.075714 0.065000 0.035238
0 0.231786 0.035238 0.062143 0.034286
0 0.243571 0.023333 0.061429 0.035238
0 0.057143 0.144762 0.024286 0.026667
0 0.135714 0.071429 0.012857 0.022857
0 0.222143 0.213810 0.058571 0.065714
0 0.178571 0.389048 0.080000 0.111429
0 0.322143 0.300952 0.060000 0.085714
0 0.281071 0.212381 0.046429 0.074286
0 0.262143 0.129048 0.061429 0.079048
0 0.308214 0.155238 0.036429 0.059048
0 0.292143 0.099048 0.034286 0.043810
0 0.327500 0.108571 0.036429 0.055238
0 0.313214 0.057143 0.030714 0.034286
0 0.348571 0.071905 0.032857 0.044762
0 0.328929 0.028571 0.030714 0.034286
0 0.361071 0.042857 0.032143 0.040000
0 0.381429 0.024762 0.008571 0.030476
0 0.307500 0.011429 0.009286 0.022857
0 0.425714 0.054762 0.034286 0.046667
0 0.391786 0.135714 0.040714 0.058095
0 0.433571 0.198095 0.040000 0.076190
0 0.391071 0.318095 0.067857 0.156190
0 0.499643 0.169524 0.035000 0.078095
0 0.552857 0.083810 0.028571 0.047619
0 0.650000 0.023333 0.045714 0.039048
0 0.617857 0.054286 0.024286 0.036190
0 0.655357 0.047143 0.022143 0.035238
0 0.624286 0.089048 0.031429 0.040952
0 0.663929 0.081429 0.027857 0.039048
0 0.630714 0.130476 0.030000 0.045714
0 0.671071 0.132857 0.035000 0.056190
0 0.647143 0.250952 0.050000 0.069524
0 0.637143 0.190952 0.038571 0.054286
0 0.666429 0.289524 0.014286 0.038095
0 0.638571 0.334286 0.032857 0.060952
0 0.652500 0.333810 0.012143 0.020000
0 0.587500 0.358571 0.065000 0.094286
0 0.702500 0.030000 0.007857 0.029524
0 0.707143 0.037143 0.007143 0.028571
0 0.715714 0.087143 0.008571 0.033333
0 0.773929 0.066190 0.012143 0.027619
0 0.757500 0.086190 0.026429 0.039048
0 0.765357 0.128095 0.035000 0.052381
0 0.773929 0.182857 0.045000 0.057143
0 0.761429 0.262857 0.010000 0.043810
0 0.774286 0.260000 0.011429 0.053333
0 0.833929 0.276667 0.086429 0.073333
0 0.897500 0.309524 0.083571 0.080000
0 0.855357 0.379048 0.022143 0.057143
0 0.886786 0.409048 0.043571 0.040952
0 0.798571 0.498095 0.024286 0.060952
0 0.827500 0.475714 0.015000 0.056190
0 0.749286 0.477143 0.020000 0.055238
0 0.762500 0.484286 0.015000 0.040952
0 0.811071 0.462857 0.019286 0.047619
