0 0.385000 0.645238 0.078571 0.155238
0 0.370714 0.452381 0.054286 0.142857
0 0.391786 0.295238 0.053571 0.144762
0 0.380714 0.101429 0.044286 0.119048
0 0.365000 0.846190 0.055714 0.187619
0 0.252500 0.767143 0.069286 0.162857
0 0.238929 0.973810 0.032143 0.033333
0 0.183571 0.842857 0.021429 0.066667
0 0.279286 0.517143 0.032857 0.043810
0 0.312857 0.272381 0.040000 0.030476
0 0.295714 0.412857 0.038571 0.025714
0 0.231429 0.467619 0.021429 0.020952
0 0.718929 0.720952 0.057857 0.160000
0 0.808214 0.684286 0.117857 0.075238
0 0.802143 0.597619 0.115714 0.071429
0 0.794643 0.521429 0.119286 0.075238
0 0.791429 0.434286 0.100000 0.068571
0 0.778929 0.369524 0.106429 0.070476
0 0.774643 0.235238 0.103571 0.066667
0 0.757857 0.169048 0.098571 0.067619
0 0.676071 0.181429 0.047857 0.117143
0 0.691429 0.347143 0.051429 0.128571
0 0.705714 0.510000 0.051429 0.117143
0 0.837143 0.251905 0.020000 0.035238
0 0.616429 0.075238 0.017143 0.028571
0 0.616071 0.083810 0.015000 0.062857
0 0.608214 0.823810 0.032143 0.083810
0 0.338214 0.297143 0.019286 0.034286
0 0.301429 0.390952 0.032857 0.021905
0 0.312500 0.349048 0.039286 0.031429
0 0.313571 0.304286 0.035714 0.035238
0 0.306786 0.332857 0.035000 0.025714
0 0.301786 0.363810 0.039286 0.024762
0 0.854286 0.954286 0.025714 0.032381
0 0.847857 0.951429 0.021429 0.068571
0 0.725000 0.886667 0.020000 0.020952
0 0.626786 0.977143 0.019286 0.024762
0 0.718571 0.974286 0.024286 0.022857
0 0.756786 0.969048 0.022143 0.021905
0 0.719286 0.950952 0.015714 0.018095
0 0.745357 0.977143 0.017857 0.022857
0 0.971071 0.547619 0.033571 0.020952
