0 0.034969 0.758813 0.067850 0.122449
0 0.641962 0.679035 0.110647 0.074212
0 0.618476 0.639610 0.068894 0.049165
0 0.617954 0.614564 0.067850 0.047310
0 0.614562 0.589518 0.066284 0.051020
0 0.691023 0.625232 0.039666 0.083488
0 0.754175 0.629870 0.041754 0.079777
0 0.625000 0.550557 0.090292 0.078850
0 0.635699 0.484694 0.101253 0.078850
0 0.671190 0.399351 0.063674 0.073284
0 0.735386 0.422078 0.041754 0.092764
0 0.677453 0.334416 0.102296 0.062152
0 0.753132 0.271336 0.033403 0.023191
0 0.742693 0.240724 0.051148 0.030612
0 0.532359 0.278757 0.022965 0.023191
0 0.459551 0.456865 0.042276 0.034323
0 0.501566 0.535714 0.019833 0.049165
0 0.452244 0.415121 0.020355 0.043599
0 0.431628 0.584416 0.010438 0.038961
0 0.782359 0.978200 0.012526 0.041744
0 0.718424 0.890538 0.026618 0.033395
0 0.703027 0.449907 0.016701 0.022263
0 0.823330 0.202690 0.003653 0.013915
0 0.549061 0.173933 0.020877 0.017625
0 0.524791 0.178571 0.007829 0.015770
0 0.438674 0.249536 0.023486 0.022263
