0 0.494286 0.295714 0.002857 0.008571
0 0.503929 0.407143 0.003571 0.008571
0 0.498214 0.421905 0.002143 0.013333
0 0.426429 0.428095 0.004286 0.010476
0 0.426429 0.434286 0.005714 0.009524
0 0.283571 0.615238 0.031429 0.060952
0 0.343929 0.480000 0.017857 0.036190
0 0.131429 0.742381 0.010000 0.023810
0 0.156786 0.746667 0.007857 0.024762
0 0.164643 0.746190 0.006429 0.027619
0 0.170714 0.747619 0.010000 0.024762
0 0.197500 0.635714 0.035000 0.048571
0 0.223214 0.585714 0.035000 0.047619
0 0.567857 0.412857 0.014286 0.023810
0 0.552143 0.335714 0.020000 0.012381
0 0.553214 0.327619 0.017857 0.013333
0 0.549286 0.318571 0.020000 0.012381
0 0.667143 0.410000 0.027143 0.016190
0 0.712143 0.410952 0.030000 0.016190
0 0.484286 0.167619 0.004286 0.005714
0 0.079286 0.310476 0.010000 0.022857
