0 0.167857 0.274286 0.030000 0.019048
0 0.267857 0.267619 0.024286 0.015238
0 0.333929 0.074286 0.026429 0.022857
0 0.334643 0.094762 0.022143 0.018095
0 0.331786 0.121905 0.026429 0.017143
0 0.331786 0.139048 0.022143 0.015238
0 0.332500 0.181429 0.020714 0.014286
0 0.332857 0.197619 0.022857 0.014286
0 0.336786 0.210952 0.022143 0.014286
0 0.338929 0.226190 0.023571 0.016190
0 0.375714 0.148571 0.011429 0.030476
0 0.393214 0.191905 0.012143 0.031429
0 0.447857 0.258095 0.030000 0.020952
0 0.426071 0.328095 0.020714 0.014286
0 0.400714 0.494762 0.017143 0.061905
0 0.380357 0.719524 0.042143 0.023810
0 0.407500 0.880952 0.023571 0.017143
0 0.411786 0.895714 0.023571 0.014286
0 0.412857 0.912857 0.021429 0.016190
0 0.415000 0.944286 0.022857 0.016190
0 0.572143 0.714286 0.007143 0.013333
0 0.579286 0.778571 0.005714 0.012381
0 0.596071 0.913810 0.005000 0.012381
0 0.859286 0.960952 0.021429 0.062857
0 0.668214 0.706667 0.019286 0.080000
0 0.837500 0.585238 0.020714 0.040952
0 0.797500 0.656667 0.022143 0.014286
0 0.798571 0.678095 0.022857 0.015238
0 0.798571 0.696667 0.020000 0.016190
0 0.648571 0.462381 0.010000 0.031429
0 0.642143 0.124762 0.011429 0.030476
