0 0.069643 0.100254 0.050714 0.040609
0 0.103571 0.061548 0.057143 0.044416
0 0.127500 0.088198 0.049286 0.049492
0 0.081071 0.729061 0.017857 0.054569
0 0.099643 0.717005 0.020714 0.063452
0 0.046429 0.734772 0.020000 0.053299
0 0.423571 0.692893 0.068571 0.119289
0 0.502143 0.824239 0.054286 0.095178
0 0.577143 0.670051 0.020000 0.126904
0 0.381071 0.422589 0.023571 0.086294
0 0.399643 0.417513 0.022143 0.091371
0 0.420000 0.414340 0.024286 0.102792
0 0.439643 0.399112 0.022143 0.087563
0 0.460714 0.407360 0.021429 0.086294
0 0.483214 0.428299 0.029286 0.143401
0 0.560357 0.362944 0.022143 0.093909
0 0.430000 0.507614 0.022857 0.083756
0 0.412500 0.527284 0.022143 0.085025
0 0.392857 0.529822 0.021429 0.085025
0 0.794286 0.107868 0.008571 0.010152
0 0.788571 0.118655 0.005714 0.008883
0 0.790000 0.121193 0.007143 0.013959
0 0.968571 0.223985 0.038571 0.034264
0 0.878214 0.447335 0.007857 0.008883
0 0.852500 0.553299 0.007857 0.010152
0 0.775000 0.668782 0.007143 0.010152
