0 0.074113 0.070965 0.062630 0.073284
0 0.089770 0.036642 0.066806 0.071429
0 0.434238 0.021336 0.021921 0.022263
0 0.321503 0.624304 0.045929 0.142857
0 0.304541 0.800093 0.049582 0.175325
0 0.466597 0.641466 0.065762 0.134508
0 0.516701 0.216141 0.045929 0.053803
0 0.710334 0.194341 0.034447 0.089981
0 0.753132 0.206401 0.030271 0.102968
0 0.837683 0.249072 0.038622 0.084416
0 0.613518 0.283859 0.008873 0.038961
0 0.628914 0.291280 0.010438 0.040816
0 0.646399 0.281076 0.012004 0.048237
0 0.661534 0.282004 0.008873 0.042672
0 0.663100 0.320965 0.008873 0.042672
0 0.707724 0.354824 0.022965 0.058442
0 0.723643 0.335807 0.009916 0.055659
0 0.782098 0.288497 0.009916 0.051948
0 0.842641 0.344156 0.009916 0.035250
0 0.818894 0.337662 0.022965 0.033395
0 0.903967 0.345083 0.015658 0.037106
0 0.873695 0.308905 0.015658 0.044527
0 0.936848 0.028293 0.060543 0.054731
