0 0.153929 0.059048 0.023571 0.034286
0 0.089286 0.108095 0.027143 0.040952
0 0.149286 0.164762 0.025714 0.040000
0 0.133929 0.218571 0.033571 0.046667
0 0.327143 0.528571 0.062857 0.095238
0 0.467143 0.524762 0.067143 0.083810
0 0.515714 0.678095 0.085714 0.100952
0 0.536786 0.352381 0.049286 0.057143
0 0.681429 0.512857 0.054286 0.063810
0 0.059286 0.019524 0.012857 0.020000
0 0.057143 0.017619 0.007143 0.010476
0 0.746429 0.360000 0.045714 0.047619
0 0.734286 0.612857 0.030000 0.033333
0 0.705714 0.620476 0.028571 0.037143
0 0.730357 0.607143 0.013571 0.014286
0 0.701071 0.613810 0.010714 0.014286
