0 0.487840 0.576813 0.050072 0.102099
0 0.418097 0.551050 0.039342 0.107824
0 0.355150 0.553912 0.043634 0.113550
0 0.369099 0.442748 0.012876 0.028626
0 0.418455 0.399332 0.014306 0.029580
0 0.493562 0.428435 0.012876 0.028626
0 0.665236 0.423664 0.012876 0.028626
0 0.651645 0.423187 0.010014 0.035305
0 0.979971 0.761450 0.012876 0.032443
0 0.794707 0.500000 0.012876 0.028626
0 0.812589 0.489027 0.017167 0.025763
0 0.673820 0.484733 0.014306 0.026718
0 0.680973 0.498569 0.014306 0.033397
0 0.808655 0.519084 0.013591 0.030534
0 0.816881 0.507156 0.040057 0.025763
0 0.747854 0.416031 0.030758 0.045802
0 0.031116 0.349714 0.062232 0.046756
0 0.041130 0.437023 0.069385 0.047710
0 0.146280 0.448950 0.062232 0.048664
0 0.247496 0.527195 0.085837 0.176527
0 0.107654 0.366412 0.066524 0.045802
0 0.116595 0.216603 0.015737 0.030534
0 0.321173 0.249046 0.015737 0.034351
0 0.270386 0.350668 0.011445 0.021947
0 0.339056 0.218034 0.010014 0.029580
0 0.258226 0.147424 0.012876 0.029580
0 0.197067 0.161737 0.013591 0.020038
0 0.211016 0.165553 0.011445 0.021947
0 0.412375 0.263359 0.009299 0.022901
0 0.416667 0.255725 0.009299 0.020992
0 0.420243 0.244752 0.007868 0.018130
0 0.456366 0.410305 0.012876 0.030534
0 0.542203 0.390267 0.014306 0.030534
0 0.285765 0.339695 0.015021 0.020992
0 0.817954 0.455153 0.012160 0.026718
0 0.637339 0.470897 0.012876 0.027672
0 0.617310 0.456584 0.011445 0.021947
0 0.914521 0.381202 0.010730 0.033397
0 0.764664 0.093511 0.032904 0.059160
0 0.813662 0.460878 0.030758 0.019084
0 0.630186 0.464218 0.054363 0.031489
0 0.454578 0.415553 0.032189 0.021947
0 0.543276 0.400763 0.013591 0.034351
0 0.491774 0.371660 0.009299 0.031489
0 0.428469 0.377863 0.008584 0.032443
0 0.454578 0.286260 0.073677 0.043893
0 0.604435 0.351145 0.031474 0.076336
0 0.705651 0.200382 0.035050 0.062977
0 0.671316 0.296756 0.075107 0.041985
0 0.731760 0.362595 0.037196 0.076336
0 0.562947 0.351145 0.035765 0.083969
0 0.425250 0.347805 0.040773 0.071565
0 0.471745 0.352576 0.037911 0.077290
0 0.517525 0.348282 0.033619 0.085878
0 0.649499 0.364504 0.034335 0.076336
0 0.693491 0.366889 0.036481 0.086832
