0 0.054286 0.147208 0.055714 0.078680
0 0.176786 0.129442 0.043571 0.068528
0 0.163214 0.043147 0.037857 0.050761
0 0.277500 0.599619 0.010714 0.041878
0 0.266071 0.583756 0.013571 0.043147
0 0.226429 0.982868 0.028571 0.031726
0 0.359643 0.416244 0.010714 0.027919
0 0.195714 0.379442 0.007143 0.027919
0 0.197857 0.377538 0.010000 0.029188
0 0.468214 0.585660 0.007857 0.036802
0 0.441429 0.242386 0.005714 0.030457
0 0.799643 0.479695 0.007857 0.035533
0 0.813571 0.478426 0.014286 0.040609
0 0.801786 0.470178 0.010714 0.036802
0 0.703929 0.458122 0.007857 0.020305
0 0.707857 0.446066 0.008571 0.031726
0 0.723214 0.436548 0.009286 0.032995
0 0.786786 0.510787 0.033571 0.044416
0 0.746071 0.489848 0.025000 0.048223
0 0.630000 0.403553 0.018571 0.048223
0 0.864643 0.736041 0.097857 0.111675
0 0.773571 0.783629 0.085714 0.087563
0 0.488571 0.585660 0.015714 0.036802
0 0.449643 0.517766 0.017857 0.032995
0 0.436429 0.436548 0.010000 0.022843
0 0.439286 0.331218 0.005714 0.025381
0 0.428571 0.383883 0.005714 0.024112
0 0.488571 0.573604 0.011429 0.035533
0 0.450000 0.505711 0.010000 0.039340
0 0.435714 0.422589 0.008571 0.030457
0 0.428929 0.370558 0.007857 0.025381
0 0.438214 0.321701 0.007857 0.024112
0 0.513571 0.189721 0.025714 0.082487
0 0.575000 0.179569 0.018571 0.039340
0 0.574286 0.147208 0.017143 0.038071
0 0.570000 0.116117 0.017143 0.039340
0 0.486429 0.105964 0.024286 0.031726
0 0.483571 0.083122 0.017143 0.029188
0 0.569286 0.057107 0.020000 0.068528
0 0.485357 0.042513 0.013571 0.031726
