0 0.517500 0.546320 0.025000 0.085025
0 0.512143 0.420051 0.024286 0.081218
0 0.473214 0.409264 0.023571 0.085025
0 0.507143 0.310914 0.020000 0.081218
0 0.566786 0.175127 0.020714 0.071066
0 0.511786 0.112310 0.017857 0.072335
0 0.473571 0.124365 0.021429 0.073604
0 0.518929 0.768401 0.027857 0.112944
0 0.477857 0.929569 0.031429 0.123096
0 0.821071 0.678934 0.039286 0.083756
0 0.686786 0.621827 0.027857 0.111675
0 0.324643 0.116117 0.040714 0.059645
0 0.180357 0.147208 0.027857 0.073604
0 0.039286 0.160533 0.024286 0.067259
0 0.083571 0.144036 0.031429 0.067259
0 0.147143 0.127538 0.025714 0.059645
0 0.118214 0.133249 0.023571 0.078680
0 0.409643 0.775381 0.043571 0.215736
0 0.212500 0.134518 0.026429 0.076142
0 0.508571 0.205584 0.022857 0.076142
0 0.372143 0.256345 0.010000 0.027919
0 0.358214 0.253807 0.007857 0.022843
0 0.473571 0.574873 0.022857 0.091371
