0 0.040357 0.061548 0.026429 0.013959
0 0.091071 0.048223 0.026429 0.022843
0 0.087857 0.023477 0.042857 0.036802
0 0.051786 0.008883 0.003571 0.007614
0 0.053214 0.011421 0.009286 0.007614
0 0.121786 0.203046 0.005000 0.010152
0 0.095000 0.217005 0.005714 0.012690
0 0.105357 0.211294 0.005000 0.016497
0 0.238571 0.090102 0.012857 0.027919
0 0.246429 0.152284 0.012857 0.032995
0 0.245000 0.230964 0.014286 0.053299
0 0.289286 0.252538 0.011429 0.040609
0 0.310000 0.271574 0.011429 0.043147
0 0.272500 0.044416 0.016429 0.027919
0 0.017143 0.427030 0.034286 0.026650
0 0.229643 0.469543 0.082143 0.053299
0 0.309643 0.736675 0.020714 0.128173
0 0.428214 0.050127 0.033571 0.036802
0 0.455357 0.014594 0.020714 0.024112
0 0.423929 0.023477 0.022143 0.016497
0 0.447143 0.034898 0.015714 0.019036
0 0.475000 0.509518 0.032857 0.026650
0 0.643571 0.453680 0.032857 0.026650
0 0.573929 0.020305 0.022143 0.022843
