0 0.394643 0.917513 0.007857 0.032995
0 0.451071 0.763325 0.016429 0.057107
0 0.195357 0.758249 0.023571 0.019036
0 0.193571 0.714467 0.022857 0.035533
0 0.205714 0.695431 0.025714 0.038071
0 0.218571 0.685279 0.021429 0.030457
0 0.231429 0.668147 0.021429 0.029188
0 0.241786 0.651015 0.023571 0.035533
0 0.313929 0.578680 0.029286 0.035533
0 0.374643 0.625635 0.025000 0.020305
0 0.383929 0.597716 0.026429 0.022843
0 0.384286 0.525381 0.011429 0.027919
0 0.381786 0.500635 0.010714 0.021574
0 0.377857 0.486041 0.002857 0.012690
0 0.391071 0.495558 0.005000 0.008883
0 0.382857 0.475254 0.008571 0.021574
0 0.384286 0.444797 0.010000 0.021574
0 0.382143 0.422589 0.010000 0.020305
0 0.181071 0.532360 0.005000 0.008883
0 0.167143 0.553934 0.005714 0.016497
0 0.158214 0.540609 0.005000 0.007614
0 0.206429 0.446701 0.007143 0.007614
0 0.219643 0.435279 0.005000 0.007614
0 0.297857 0.373731 0.004286 0.011421
0 0.374286 0.293782 0.008571 0.016497
0 0.387500 0.290609 0.009286 0.017766
0 0.376071 0.156726 0.005000 0.011421
0 0.413929 0.173223 0.006429 0.011421
0 0.347500 0.090102 0.002143 0.010152
0 0.349286 0.092640 0.001429 0.010152
0 0.394643 0.093909 0.009286 0.012690
0 0.468571 0.283629 0.008571 0.019036
0 0.471429 0.315990 0.008571 0.017766
0 0.456071 0.346447 0.016429 0.017766
0 0.445000 0.378807 0.018571 0.016497
0 0.546429 0.340736 0.011429 0.019036
0 0.591071 0.299492 0.012143 0.025381
0 0.553929 0.303299 0.013571 0.055838
0 0.885714 0.540609 0.054286 0.040609
0 0.969643 0.336929 0.002143 0.006345
0 0.914643 0.352792 0.003571 0.012690
0 0.862143 0.257614 0.005714 0.005076
0 0.870000 0.264594 0.005714 0.006345
0 0.907857 0.335660 0.007143 0.006345
0 0.896429 0.340736 0.005714 0.003807
0 0.895357 0.303934 0.003571 0.008883
