0 0.049286 0.300000 0.055714 0.040000
0 0.111429 0.298571 0.065714 0.039048
0 0.164286 0.283810 0.014286 0.020952
0 0.173571 0.271429 0.012857 0.017143
0 0.264286 0.136190 0.010000 0.020952
0 0.286071 0.118095 0.009286 0.022857
0 0.277500 0.122381 0.006429 0.014286
0 0.277143 0.053810 0.008571 0.023810
0 0.285000 0.023333 0.051429 0.039048
0 0.385714 0.026667 0.047143 0.040000
0 0.423929 0.095714 0.007857 0.027619
0 0.423929 0.089524 0.009286 0.017143
0 0.336071 0.142857 0.010714 0.028571
0 0.330714 0.081429 0.037143 0.056190
0 0.356071 0.143333 0.027857 0.061905
0 0.421786 0.216190 0.035000 0.070476
0 0.341786 0.315714 0.009286 0.033333
0 0.341786 0.313810 0.010714 0.021905
0 0.297500 0.262857 0.027857 0.085714
0 0.341786 0.440952 0.010714 0.030476
0 0.341071 0.435714 0.009286 0.020000
0 0.342500 0.427619 0.007857 0.017143
0 0.243214 0.522381 0.012143 0.020000
0 0.233571 0.422381 0.015714 0.031429
0 0.222143 0.603810 0.015714 0.020952
0 0.219286 0.619048 0.018571 0.007619
0 0.218214 0.619524 0.007857 0.008571
0 0.290000 0.539048 0.037143 0.085714
0 0.251786 0.746667 0.059286 0.144762
0 0.232500 0.883333 0.043571 0.090476
0 0.265357 0.940000 0.013571 0.043810
0 0.265000 0.937619 0.014286 0.021905
0 0.593214 0.099524 0.009286 0.016190
0 0.570714 0.040000 0.050000 0.041905
0 0.525000 0.320952 0.025714 0.064762
0 0.522143 0.539048 0.027143 0.064762
0 0.516429 0.783810 0.027143 0.087619
0 0.587857 0.139048 0.012857 0.040000
0 0.907143 0.022381 0.060000 0.039048
