0 0.061786 0.188571 0.123571 0.083810
0 0.200000 0.177143 0.124286 0.091429
0 0.036429 0.559524 0.042857 0.069524
0 0.095000 0.820476 0.055714 0.052381
0 0.107500 0.788571 0.055000 0.041905
0 0.135000 0.730476 0.048571 0.053333
0 0.135714 0.627143 0.038571 0.056190
0 0.329643 0.302381 0.025000 0.061905
0 0.360000 0.286667 0.022857 0.053333
0 0.219286 0.419048 0.084286 0.139048
0 0.294286 0.416667 0.070000 0.138095
0 0.365000 0.405238 0.072857 0.145714
0 0.386786 0.528095 0.152143 0.086667
0 0.387143 0.625238 0.122857 0.088571
0 0.224286 0.643810 0.167143 0.091429
0 0.371429 0.738095 0.174286 0.091429
0 0.257857 0.765238 0.050000 0.077143
0 0.340000 0.869048 0.225714 0.126667
0 0.787143 0.708571 0.215714 0.120000
0 0.723571 0.512381 0.147143 0.102857
0 0.687143 0.385714 0.085714 0.150476
0 0.890357 0.408571 0.140714 0.089524
0 0.870000 0.323333 0.141429 0.080952
0 0.885714 0.108095 0.014286 0.054286
0 0.864286 0.110476 0.021429 0.064762
0 0.697500 0.092857 0.012143 0.039048
0 0.685714 0.100476 0.011429 0.056190
0 0.667500 0.097143 0.012143 0.038095
0 0.646786 0.100952 0.017857 0.051429
0 0.514643 0.227619 0.109286 0.072381
0 0.615714 0.104286 0.018571 0.054286
