0 0.233214 0.692381 0.093571 0.112381
0 0.288571 0.702381 0.082857 0.092381
0 0.410714 0.765238 0.095714 0.120952
0 0.275714 0.601905 0.088571 0.081905
0 0.280357 0.520952 0.035000 0.074286
0 0.285000 0.486667 0.038571 0.051429
0 0.543571 0.840000 0.104286 0.179048
0 0.626786 0.886667 0.090714 0.186667
0 0.717857 0.893810 0.095714 0.197143
0 0.784643 0.668095 0.062143 0.115238
0 0.854643 0.689048 0.066429 0.130476
0 0.930714 0.702857 0.071429 0.135238
0 0.722143 0.681905 0.022857 0.053333
0 0.749643 0.655238 0.022143 0.064762
0 0.797857 0.572381 0.018571 0.051429
0 0.763571 0.518095 0.012857 0.043810
0 0.673214 0.638571 0.015000 0.052381
0 0.725357 0.608095 0.013571 0.048571
0 0.652143 0.609048 0.012857 0.048571
0 0.583214 0.619524 0.012143 0.050476
0 0.610357 0.572381 0.012143 0.043810
0 0.587857 0.546667 0.010000 0.041905
0 0.561429 0.570476 0.014286 0.047619
0 0.574643 0.601905 0.009286 0.051429
0 0.584286 0.525238 0.011429 0.040952
0 0.573214 0.506190 0.012143 0.040952
0 0.570357 0.494762 0.010714 0.035238
0 0.564286 0.478571 0.014286 0.040952
0 0.535714 0.549524 0.011429 0.043810
0 0.535000 0.529048 0.012857 0.040952
0 0.498929 0.527619 0.012143 0.041905
0 0.526786 0.503810 0.009286 0.036190
0 0.527500 0.487143 0.010714 0.035238
0 0.601071 0.344286 0.006429 0.023810
0 0.617500 0.350476 0.005000 0.022857
0 0.622857 0.352381 0.007143 0.030476
0 0.642857 0.351429 0.005714 0.024762
0 0.621071 0.331905 0.006429 0.021905
0 0.670714 0.358095 0.045714 0.032381
0 0.688929 0.580476 0.102143 0.058095
0 0.686071 0.541905 0.089286 0.049524
0 0.656429 0.516190 0.081429 0.053333
0 0.642857 0.493333 0.081429 0.043810
0 0.634643 0.453810 0.072143 0.035238
0 0.627857 0.433333 0.067143 0.034286
0 0.625357 0.418571 0.057857 0.031429
0 0.637143 0.408095 0.062857 0.031429
0 0.663571 0.400952 0.055714 0.034286
0 0.359286 0.449048 0.060000 0.058095
0 0.390000 0.433810 0.055714 0.052381
0 0.425714 0.422381 0.048571 0.048571
0 0.460714 0.418095 0.048571 0.038095
0 0.486429 0.406667 0.050000 0.040000
0 0.506429 0.395238 0.048571 0.040000
0 0.532143 0.390952 0.048571 0.033333
0 0.576071 0.351905 0.039286 0.027619
0 0.542857 0.348095 0.040000 0.027619
0 0.525357 0.341905 0.036429 0.022857
0 0.325357 0.432857 0.039286 0.035238
0 0.355357 0.418571 0.042143 0.033333
0 0.387857 0.408571 0.031429 0.030476
0 0.418571 0.398095 0.038571 0.028571
0 0.443929 0.391429 0.039286 0.026667
0 0.466429 0.381429 0.031429 0.023810
0 0.490000 0.375714 0.035714 0.023810
0 0.513571 0.365238 0.035714 0.027619
0 0.265714 0.384762 0.040000 0.040000
0 0.292857 0.378095 0.038571 0.034286
0 0.324286 0.372857 0.035714 0.031429
0 0.353571 0.367143 0.035714 0.031429
0 0.376786 0.360000 0.037857 0.030476
0 0.401786 0.353810 0.036429 0.033333
0 0.421429 0.349048 0.035714 0.027619
0 0.451071 0.367143 0.006429 0.021905
0 0.585000 0.317143 0.041429 0.030476
0 0.606429 0.314762 0.035714 0.025714
0 0.626429 0.307619 0.032857 0.024762
0 0.669643 0.298571 0.035000 0.018095
0 0.538214 0.279524 0.032143 0.018095
0 0.653214 0.265714 0.025000 0.019048
