0 0.426071 0.942857 0.030714 0.091429
0 0.391429 0.613810 0.010000 0.025714
0 0.409286 0.587143 0.008571 0.023810
0 0.367143 0.557619 0.010000 0.021905
0 0.385714 0.497619 0.007143 0.021905
0 0.376071 0.462381 0.010714 0.020000
0 0.398929 0.401905 0.017857 0.032381
0 0.391786 0.199048 0.012143 0.019048
0 0.495000 0.235714 0.025714 0.046667
0 0.462143 0.226190 0.034286 0.060000
0 0.452143 0.210476 0.027143 0.043810
0 0.451786 0.187619 0.027857 0.034286
0 0.505357 0.219524 0.022143 0.044762
0 0.519643 0.190476 0.016429 0.041905
0 0.504643 0.182857 0.017857 0.038095
0 0.466429 0.160476 0.021429 0.031429
0 0.486429 0.131429 0.020000 0.036190
0 0.388214 0.100476 0.010714 0.014286
0 0.397143 0.091429 0.010000 0.009524
0 0.377500 0.094286 0.009286 0.009524
0 0.392143 0.610952 0.007143 0.018095
0 0.409643 0.583810 0.006429 0.013333
0 0.366429 0.553333 0.007143 0.013333
0 0.385714 0.494762 0.005714 0.012381
0 0.375357 0.460000 0.005000 0.011429
