0 0.186429 0.239048 0.037143 0.076190
0 0.122500 0.347619 0.039286 0.085714
0 0.776786 0.623810 0.059286 0.116190
0 0.728929 0.628571 0.063571 0.116190
0 0.663214 0.045238 0.035000 0.054286
0 0.721786 0.193810 0.040714 0.065714
0 0.305000 0.178095 0.031429 0.070476
0 0.049643 0.400476 0.089286 0.058095
0 0.078929 0.147143 0.069286 0.039048
0 0.749286 0.356667 0.124286 0.237143
0 0.836429 0.434762 0.052857 0.084762
0 0.776429 0.322857 0.045714 0.076190
0 0.067857 0.276667 0.072857 0.035238
0 0.069643 0.245714 0.070714 0.040000
0 0.077500 0.118571 0.072143 0.039048
0 0.068929 0.215238 0.077857 0.041905
0 0.216786 0.357619 0.036429 0.086667
0 0.195714 0.472857 0.050000 0.105714
0 0.176071 0.600952 0.043571 0.120000
0 0.057857 0.316667 0.080000 0.060000
0 0.102500 0.056667 0.057857 0.040952
0 0.620000 0.199524 0.044286 0.079048
0 0.698214 0.401429 0.050714 0.088571
0 0.242500 0.154286 0.030714 0.066667
0 0.237857 0.090476 0.027143 0.062857
0 0.211071 0.057143 0.013571 0.028571
0 0.164643 0.030000 0.012143 0.031429
0 0.049286 0.080000 0.015714 0.030476
0 0.278214 0.288095 0.013571 0.023810
0 0.282143 0.267619 0.008571 0.019048
0 0.281071 0.212381 0.013571 0.026667
0 0.265357 0.203333 0.012143 0.029524
0 0.276429 0.255238 0.011429 0.024762
0 0.172143 0.318571 0.014286 0.016190
0 0.175000 0.313333 0.014286 0.026667
0 0.189643 0.359048 0.016429 0.028571
0 0.178571 0.387143 0.017143 0.029524
0 0.035714 0.361905 0.021429 0.028571
0 0.872857 0.030476 0.008571 0.026667
0 0.866071 0.032381 0.007857 0.024762
0 0.870357 0.027143 0.006429 0.025714
0 0.879286 0.031905 0.011429 0.023810
0 0.752143 0.038095 0.011429 0.026667
0 0.745714 0.038571 0.008571 0.031429
0 0.770714 0.038571 0.007143 0.023810
0 0.841429 0.112381 0.011429 0.032381
0 0.807143 0.053333 0.007143 0.030476
0 0.762857 0.186190 0.018571 0.031429
0 0.856071 0.572381 0.026429 0.036190
0 0.863929 0.574762 0.013571 0.016190
0 0.857500 0.565714 0.013571 0.017143
0 0.263929 0.476190 0.015000 0.028571
0 0.276071 0.586667 0.013571 0.024762
0 0.140714 0.528571 0.021429 0.030476
0 0.242500 0.854286 0.016429 0.024762
0 0.078929 0.946190 0.032143 0.020000
0 0.083571 0.862381 0.017143 0.016190
0 0.069286 0.864286 0.020000 0.021905
0 0.250000 0.590952 0.015714 0.025714
0 0.260000 0.587143 0.017143 0.023810
0 0.127500 0.516190 0.017857 0.022857
0 0.119286 0.516190 0.011429 0.019048
0 0.170000 0.971905 0.025714 0.050476
0 0.042500 0.744762 0.057857 0.053333
