0 0.748929 0.839467 0.062143 0.201777
0 0.812143 0.894036 0.072857 0.204315
0 0.687143 0.915609 0.042857 0.112944
0 0.716429 0.532995 0.055714 0.114213
0 0.758214 0.671320 0.060714 0.177665
0 0.706429 0.669416 0.061429 0.173858
0 0.601071 0.743655 0.055000 0.215736
0 0.345357 0.511421 0.027857 0.063452
0 0.498214 0.338198 0.027857 0.100254
0 0.461429 0.310279 0.021429 0.057107
0 0.465714 0.241751 0.015714 0.029188
0 0.488214 0.197970 0.013571 0.035533
0 0.677143 0.524112 0.054286 0.131980
0 0.648571 0.436548 0.040000 0.106599
0 0.624643 0.467640 0.033571 0.090102
0 0.632143 0.362310 0.028571 0.069797
0 0.610714 0.414975 0.021429 0.040609
0 0.670357 0.276015 0.056429 0.041878
0 0.571071 0.515863 0.032143 0.143401
0 0.490357 0.109772 0.010714 0.036802
0 0.434643 0.081853 0.010714 0.031726
0 0.500714 0.067893 0.014286 0.036802
0 0.479286 0.034264 0.010000 0.017766
0 0.518214 0.173858 0.012143 0.017766
0 0.508929 0.039340 0.010714 0.012690
0 0.518571 0.029188 0.008571 0.012690
0 0.475714 0.098350 0.011429 0.016497
0 0.470714 0.133249 0.012857 0.025381
0 0.419286 0.128173 0.012857 0.022843
0 0.400357 0.231599 0.016429 0.026650
0 0.575000 0.610406 0.011429 0.035533
