0 0.140558 0.614504 0.023605 0.040076
0 0.638054 0.787691 0.017167 0.035305
0 0.807225 0.733302 0.039342 0.037214
0 0.485336 0.854008 0.089413 0.135496
0 0.543991 0.909828 0.109442 0.159351
0 0.909514 0.889313 0.128040 0.145038
0 0.746423 0.779103 0.119456 0.107824
0 0.615522 0.691794 0.106581 0.095420
0 0.515021 0.429866 0.051502 0.065840
0 0.452432 0.462309 0.067954 0.071565
0 0.332260 0.273378 0.049356 0.039122
0 0.383763 0.524809 0.073677 0.070611
0 0.740701 0.839695 0.022175 0.036260
0 0.410944 0.487118 0.063662 0.067748
0 0.264306 0.666031 0.102289 0.070611
0 0.305436 0.590649 0.072961 0.085878
0 0.619456 0.615935 0.097282 0.090649
0 0.697067 0.433206 0.063662 0.061069
0 0.590129 0.314408 0.055794 0.035305
0 0.062947 0.459924 0.080114 0.038168
0 0.574750 0.333492 0.060801 0.046756
0 0.535408 0.247137 0.032189 0.040076
0 0.418097 0.169847 0.032189 0.024809
0 0.548999 0.125954 0.026466 0.024809
0 0.594063 0.116412 0.025036 0.026718
0 0.571173 0.092080 0.023605 0.021947
0 0.624106 0.026240 0.016452 0.021947
0 0.394850 0.123569 0.024320 0.031489
0 0.355508 0.145038 0.032904 0.032443
0 0.494278 0.392653 0.010014 0.029580
0 0.661302 0.354485 0.009299 0.031489
0 0.774678 0.216126 0.008584 0.023855
0 0.074392 0.244275 0.011445 0.017176
0 0.490701 0.292462 0.008584 0.025763
0 0.490701 0.227576 0.008584 0.018130
0 0.485336 0.089695 0.005007 0.011450
0 0.063662 0.563454 0.020029 0.029580
0 0.531474 0.503817 0.011445 0.026718
0 0.365165 0.098760 0.012160 0.010496
0 0.500715 0.063931 0.002861 0.009542
0 0.497139 0.063931 0.005722 0.009542
0 0.490701 0.233302 0.012876 0.016221
0 0.484979 0.093989 0.005722 0.014313
0 0.428469 0.085401 0.027182 0.021947
0 0.070100 0.571088 0.030043 0.031489
0 0.152718 0.551527 0.015021 0.034351
0 0.168813 0.528626 0.015737 0.024809
0 0.326538 0.535782 0.020744 0.031489
0 0.731760 0.349237 0.007153 0.017176
0 0.728183 0.410305 0.062947 0.032443
0 0.737840 0.398378 0.065093 0.046756
0 0.754649 0.384542 0.065808 0.057252
0 0.775036 0.353053 0.060801 0.038168
0 0.773963 0.330153 0.058655 0.032443
0 0.784335 0.316317 0.050787 0.025763
0 0.779328 0.294847 0.056509 0.036260
0 0.787911 0.274332 0.047926 0.027672
0 0.825823 0.205630 0.029328 0.021947
0 0.805436 0.237595 0.048641 0.026718
0 0.809728 0.218511 0.044349 0.019084
0 0.822604 0.188931 0.022890 0.011450
0 0.665236 0.264790 0.012876 0.020038
0 0.690987 0.270515 0.018598 0.016221
0 0.629113 0.191317 0.005007 0.020038
0 0.668455 0.199427 0.047926 0.020992
0 0.680973 0.189885 0.042918 0.028626
0 0.688484 0.177481 0.042203 0.022901
0 0.698856 0.161260 0.034335 0.022901
0 0.712804 0.158397 0.036481 0.024809
0 0.721388 0.150286 0.035050 0.023855
0 0.729614 0.143130 0.032904 0.024809
0 0.743205 0.135496 0.028612 0.026718
0 0.755007 0.121660 0.032189 0.029580
0 0.757511 0.107347 0.042918 0.025763
0 0.775393 0.096851 0.032904 0.018130
0 0.782189 0.088740 0.033619 0.020992
0 0.788984 0.083969 0.032904 0.019084
0 0.795780 0.078721 0.027897 0.018130
0 0.804721 0.072042 0.031474 0.020038
0 0.818312 0.055821 0.030043 0.020038
0 0.841559 0.039122 0.026466 0.017176
0 0.849070 0.024809 0.015737 0.013359
0 0.791488 0.112595 0.006438 0.019084
0 0.766094 0.054389 0.015737 0.015267
0 0.596567 0.447519 0.077253 0.093511
0 0.797210 0.027195 0.017883 0.018130
0 0.477825 0.041031 0.014306 0.011450
0 0.485336 0.038168 0.015021 0.013359
0 0.494993 0.032920 0.012876 0.008588
0 0.505007 0.031011 0.015737 0.012405
0 0.639843 0.008111 0.002146 0.008588
0 0.636981 0.006679 0.003577 0.013359
0 0.651645 0.092080 0.024320 0.025763
