0 0.489562 0.611317 0.018789 0.046382
0 0.524530 0.552412 0.014614 0.034323
0 0.521399 0.379870 0.009395 0.021336
0 0.403706 0.567718 0.018267 0.033395
0 0.370825 0.573748 0.020355 0.054731
0 0.381785 0.550557 0.020355 0.028757
0 0.391180 0.525510 0.017223 0.034323
0 0.417276 0.463358 0.015136 0.026902
0 0.424061 0.438776 0.013048 0.025974
0 0.430324 0.419295 0.009916 0.027829
0 0.506002 0.339518 0.010960 0.033395
0 0.502610 0.319109 0.009395 0.025974
0 0.529489 0.238868 0.005741 0.017625
0 0.735125 0.790816 0.006785 0.019481
0 0.721033 0.792208 0.006785 0.014842
0 0.732255 0.735158 0.006263 0.010204
0 0.703288 0.701763 0.006785 0.019481
0 0.307411 0.875232 0.009395 0.010204
0 0.337683 0.846939 0.009395 0.012987
0 0.380741 0.659555 0.004697 0.016698
0 0.435282 0.507885 0.004175 0.010204
0 0.719729 0.808905 0.009395 0.016698
0 0.737735 0.814471 0.016180 0.025974
0 0.704593 0.719388 0.012526 0.021336
0 0.339509 0.874768 0.013048 0.022263
0 0.307150 0.904917 0.013048 0.028757
0 0.379958 0.680427 0.009395 0.013915
0 0.730689 0.751391 0.009395 0.016698
0 0.560021 0.196660 0.003132 0.007421
0 0.555324 0.198516 0.002088 0.003711
0 0.559499 0.237013 0.005219 0.008349
0 0.542537 0.219388 0.003653 0.008349
0 0.476253 0.323748 0.006785 0.014842
0 0.435282 0.518089 0.005219 0.013915
0 0.477296 0.278757 0.014092 0.008349
0 0.468946 0.296382 0.012004 0.012059
0 0.490084 0.254174 0.008351 0.011132
0 0.490605 0.250928 0.011482 0.010204
0 0.477296 0.273655 0.009916 0.007421
0 0.472338 0.288497 0.014614 0.009276
0 0.332463 0.563544 0.006263 0.028757
