0 0.442143 0.421905 0.017143 0.020952
0 0.376786 0.510952 0.012143 0.023810
0 0.669643 0.033333 0.005000 0.009524
0 0.688571 0.037143 0.005714 0.009524
0 0.705714 0.047143 0.004286 0.010476
0 0.696429 0.065238 0.004286 0.010476
0 0.716786 0.077143 0.006429 0.015238
0 0.900714 0.144762 0.008571 0.013333
0 0.433929 0.430000 0.043571 0.035238
0 0.372857 0.518571 0.037143 0.044762
0 0.668571 0.042381 0.012857 0.029524
0 0.689286 0.042857 0.017143 0.024762
0 0.707857 0.058095 0.014286 0.017143
0 0.694286 0.069048 0.012857 0.018095
0 0.716429 0.085714 0.015714 0.022857
0 0.893214 0.153810 0.019286 0.021905
0 0.760357 0.049524 0.050714 0.047619
0 0.921429 0.012857 0.007143 0.021905
0 0.827857 0.051429 0.011429 0.028571
0 0.843214 0.019524 0.007857 0.023810
0 0.852500 0.021429 0.006429 0.021905
0 0.671786 0.013333 0.006429 0.020952
0 0.476429 0.860000 0.121429 0.144762
0 0.616071 0.723333 0.109286 0.113333
0 0.677857 0.793810 0.111429 0.126667
0 0.831786 0.764286 0.096429 0.119048
0 0.891786 0.454286 0.075000 0.081905
0 0.827857 0.625238 0.088571 0.090476
0 0.717143 0.623333 0.088571 0.100000
0 0.962500 0.298095 0.062143 0.068571
