0 0.423571 0.402857 0.008571 0.013333
0 0.533571 0.380000 0.010000 0.015238
0 0.546786 0.390476 0.009286 0.015238
0 0.563571 0.423810 0.011429 0.041905
0 0.563214 0.419048 0.010714 0.022857
0 0.534286 0.427619 0.020000 0.066667
0 0.517857 0.431429 0.020000 0.060952
0 0.585714 0.373810 0.008571 0.012381
0 0.547500 0.849048 0.012143 0.018095
0 0.596429 0.847143 0.011429 0.023810
0 0.612143 0.849048 0.010000 0.018095
0 0.535357 0.901905 0.023571 0.034286
0 0.532500 0.910000 0.009286 0.020000
0 0.499643 0.914286 0.010714 0.015238
0 0.461429 0.910952 0.017143 0.050476
0 0.501429 0.864286 0.062857 0.040952
0 0.562500 0.980000 0.026429 0.022857
0 0.565357 0.988095 0.013571 0.021905
0 0.477857 0.973810 0.010000 0.020000
0 0.793571 0.275714 0.015714 0.020000
0 0.649643 0.290476 0.010714 0.013333
