0 0.030714 0.868571 0.060000 0.121905
0 0.161071 0.780476 0.055000 0.109524
0 0.206071 0.764762 0.053571 0.114286
0 0.250357 0.738571 0.059286 0.117143
0 0.328929 0.708095 0.046429 0.090476
0 0.368571 0.678571 0.058571 0.111429
0 0.417143 0.839524 0.080000 0.075238
0 0.216071 0.955238 0.086429 0.081905
0 0.455714 0.250000 0.078571 0.071429
0 0.383571 0.134762 0.077143 0.075238
0 0.160000 0.184762 0.077143 0.070476
0 0.709286 0.242857 0.074286 0.072381
0 0.939286 0.177143 0.081429 0.074286
0 0.957500 0.099048 0.076429 0.076190
0 0.871786 0.154286 0.075000 0.072381
0 0.546786 0.043810 0.080714 0.074286
0 0.712143 0.320000 0.085714 0.066667
0 0.785000 0.196190 0.077143 0.070476
0 0.567500 0.610476 0.050714 0.102857
0 0.419286 0.636667 0.048571 0.103810
0 0.089286 0.740000 0.025714 0.019048
0 0.057500 0.073810 0.025000 0.027619
0 0.022857 0.180476 0.022857 0.023810
0 0.027143 0.185238 0.037143 0.029524
0 0.761071 0.159048 0.013571 0.020952
0 0.760000 0.165238 0.025714 0.018095
0 0.217143 0.599048 0.020000 0.011429
0 0.236071 0.643810 0.017857 0.013333
0 0.137857 0.906667 0.018571 0.041905
0 0.160714 0.860000 0.032857 0.020952
0 0.200714 0.843333 0.030000 0.020000
0 0.246071 0.823333 0.037857 0.027619
0 0.040714 0.965714 0.037143 0.022857
0 0.727500 0.392381 0.099286 0.059048
