0 0.822286 0.546382 0.037056 0.037106
0 0.840031 0.333952 0.031837 0.025974
0 0.788100 0.330705 0.032359 0.023191
0 0.977557 0.349258 0.034447 0.021336
0 0.635177 0.325603 0.031315 0.027829
0 0.338205 0.851113 0.031315 0.038033
0 0.401357 0.677644 0.026096 0.026902
0 0.399008 0.707792 0.019311 0.027829
0 0.913361 0.277829 0.005219 0.015770
0 0.913361 0.272727 0.004175 0.012987
0 0.747129 0.237013 0.004697 0.008349
0 0.747651 0.239796 0.005741 0.013915
0 0.840031 0.474490 0.014092 0.021336
0 0.840292 0.470315 0.007307 0.018553
