0 0.790000 0.857619 0.057143 0.088571
0 0.763214 0.829048 0.059286 0.084762
0 0.773929 0.575714 0.070714 0.067619
0 0.624286 0.661905 0.012857 0.020952
0 0.623571 0.665714 0.020000 0.024762
0 0.780000 0.427143 0.012857 0.018095
0 0.751071 0.380476 0.010714 0.018095
0 0.685000 0.399524 0.060000 0.056190
0 0.632143 0.451905 0.124286 0.109524
0 0.561071 0.371905 0.007857 0.018095
0 0.532857 0.378571 0.012857 0.016190
0 0.532143 0.382857 0.014286 0.024762
0 0.436786 0.437619 0.009286 0.020000
0 0.502500 0.289524 0.037857 0.060952
0 0.519286 0.245238 0.045714 0.065714
0 0.428214 0.237143 0.037857 0.066667
0 0.457143 0.120476 0.038571 0.065714
0 0.423929 0.074286 0.009286 0.022857
0 0.500000 0.889524 0.057143 0.089524
0 0.426429 0.905714 0.075714 0.089524
0 0.402857 0.954762 0.018571 0.018095
0 0.403929 0.952857 0.012143 0.012381
0 0.378214 0.823333 0.027857 0.037143
0 0.375357 0.826667 0.017857 0.020952
0 0.219643 0.945714 0.039286 0.076190
0 0.197500 0.861905 0.023571 0.040000
0 0.047857 0.979524 0.025714 0.020000
0 0.155000 0.573810 0.038571 0.073333
0 0.282500 0.419524 0.042143 0.079048
0 0.118214 0.464286 0.036429 0.075238
0 0.103214 0.397143 0.037857 0.066667
0 0.080357 0.330000 0.036429 0.073333
0 0.043571 0.166190 0.041429 0.082857
0 0.030714 0.091905 0.035714 0.071429
0 0.022857 0.032381 0.028571 0.055238
0 0.026429 0.461905 0.027143 0.019048
0 0.203571 0.176667 0.035714 0.065714
