0 0.523929 0.748731 0.017857 0.048223
0 0.616071 0.720178 0.017857 0.057107
0 0.618214 0.378173 0.009286 0.020305
0 0.574286 0.430838 0.010000 0.021574
0 0.592500 0.449239 0.009286 0.022843
0 0.542143 0.533629 0.011429 0.021574
0 0.527857 0.336929 0.007143 0.011421
0 0.533214 0.303299 0.007857 0.015228
0 0.561429 0.302665 0.007143 0.016497
0 0.578571 0.228426 0.005714 0.010152
0 0.537857 0.267132 0.005714 0.011421
0 0.563214 0.149112 0.003571 0.008883
0 0.578929 0.145305 0.003571 0.006345
0 0.558214 0.092640 0.003571 0.005076
0 0.548929 0.209391 0.003571 0.007614
0 0.577143 0.256980 0.005714 0.013959
0 0.552857 0.381980 0.008571 0.017766
0 0.521429 0.360406 0.008571 0.017766
0 0.496786 0.513325 0.012143 0.024112
0 0.539643 0.618020 0.013571 0.035533
0 0.564643 0.225888 0.005000 0.010152
0 0.566071 0.204949 0.005000 0.011421
0 0.560000 0.185279 0.007143 0.022843
0 0.515000 0.416878 0.014286 0.062183
0 0.468571 0.732868 0.040000 0.148477
0 0.441429 0.958756 0.027143 0.072335
0 0.586786 0.536802 0.012143 0.025381
0 0.617857 0.550761 0.012857 0.030457
0 0.527857 0.497462 0.012857 0.025381
0 0.542143 0.204949 0.004286 0.011421
0 0.538929 0.227792 0.009286 0.029188
0 0.526071 0.276015 0.010714 0.029188
0 0.506786 0.323604 0.002143 0.007614
0 0.506071 0.315990 0.002143 0.007614
0 0.510000 0.307107 0.002857 0.010152
0 0.516429 0.276015 0.002857 0.008883
0 0.514643 0.274746 0.002143 0.008883
0 0.512500 0.286168 0.002143 0.008883
0 0.521071 0.250000 0.002143 0.005076
0 0.555000 0.165609 0.002857 0.008883
0 0.516071 0.340102 0.002143 0.010152
0 0.516429 0.343909 0.002857 0.007614
0 0.518571 0.255076 0.002857 0.007614
