0 0.681429 0.545238 0.078571 0.168571
0 0.890714 0.266190 0.070000 0.098095
0 0.835357 0.110000 0.082143 0.120952
0 0.935714 0.414286 0.084286 0.133333
0 0.883929 0.555714 0.030714 0.044762
0 0.839643 0.276667 0.019286 0.048571
0 0.204286 0.856190 0.164286 0.085714
0 0.216786 0.744286 0.162143 0.077143
0 0.226071 0.642381 0.156429 0.082857
0 0.242857 0.545238 0.122857 0.079048
0 0.249643 0.468095 0.129286 0.077143
0 0.258214 0.393333 0.117857 0.068571
0 0.269643 0.333333 0.125000 0.059048
0 0.270714 0.273333 0.115714 0.055238
0 0.282143 0.218571 0.094286 0.048571
0 0.282857 0.168571 0.100000 0.055238
0 0.297857 0.081905 0.098571 0.059048
0 0.300714 0.035714 0.092857 0.054286
0 0.195357 0.216190 0.022143 0.053333
0 0.136786 0.102857 0.027857 0.049524
0 0.165714 0.029524 0.037143 0.036190
0 0.350000 0.150476 0.012857 0.030476
0 0.955714 0.216667 0.078571 0.103810
