0 0.340031 0.859462 0.030793 0.038033
0 0.366649 0.751391 0.036013 0.040816
0 0.375000 0.710111 0.037056 0.041744
0 0.344468 0.687848 0.014614 0.043599
0 0.378132 0.672542 0.027662 0.027829
0 0.383351 0.652597 0.030793 0.028757
0 0.387004 0.634045 0.024530 0.038033
0 0.384134 0.612709 0.027140 0.030612
0 0.217641 0.628942 0.013570 0.040816
0 0.268267 0.566790 0.028184 0.033395
0 0.294624 0.573284 0.016180 0.038961
0 0.313674 0.577458 0.020877 0.036178
0 0.421712 0.661410 0.025052 0.074212
0 0.483820 0.775974 0.017745 0.069573
0 0.618476 0.787570 0.032359 0.092764
0 0.616388 0.707792 0.043841 0.089054
0 0.571503 0.617347 0.035491 0.108534
0 0.620564 0.647959 0.015658 0.052876
0 0.553758 0.528757 0.010438 0.031540
0 0.552714 0.535250 0.015658 0.037106
0 0.547756 0.467069 0.009916 0.028757
0 0.546973 0.479128 0.011482 0.041744
0 0.585595 0.439703 0.030271 0.094620
0 0.602557 0.397495 0.021399 0.025046
0 0.661273 0.350186 0.026096 0.026902
0 0.657620 0.324212 0.017745 0.026902
0 0.651618 0.317254 0.019311 0.025974
0 0.650313 0.294063 0.019833 0.024119
0 0.652140 0.291744 0.020355 0.023191
0 0.651357 0.284323 0.017745 0.026902
0 0.594990 0.376160 0.033403 0.043599
0 0.605950 0.358534 0.012526 0.032468
0 0.578027 0.351577 0.022443 0.059369
0 0.590553 0.352505 0.006785 0.042672
0 0.598382 0.320501 0.026618 0.056586
0 0.581942 0.284787 0.024008 0.046382
0 0.599165 0.285714 0.016701 0.029685
0 0.647965 0.232375 0.019311 0.026902
0 0.601775 0.252319 0.014614 0.053803
0 0.581420 0.249536 0.014614 0.042672
0 0.594468 0.238868 0.016701 0.025046
0 0.504175 0.271336 0.009395 0.028757
0 0.448852 0.419295 0.017745 0.057514
0 0.422234 0.372449 0.032359 0.076994
0 0.459812 0.307050 0.013570 0.037106
0 0.475731 0.247681 0.024530 0.057514
0 0.323330 0.487477 0.023486 0.028757
0 0.329332 0.458720 0.013570 0.041744
0 0.329854 0.461503 0.022965 0.023191
0 0.324635 0.444805 0.025052 0.026902
0 0.338205 0.361781 0.024008 0.025974
0 0.341858 0.352968 0.020877 0.025046
0 0.361952 0.228200 0.020355 0.027829
0 0.397965 0.132653 0.015136 0.022263
0 0.404489 0.094620 0.014614 0.020408
0 0.504697 0.164657 0.008351 0.028757
0 0.488779 0.129870 0.019311 0.040816
0 0.469468 0.085343 0.016180 0.038961
0 0.450157 0.035250 0.016180 0.033395
0 0.429541 0.023191 0.008351 0.022263
0 0.482777 0.022263 0.008351 0.020408
0 0.508090 0.078850 0.021399 0.050093
0 0.517745 0.084879 0.006263 0.023191
0 0.522443 0.083024 0.006263 0.028757
0 0.527140 0.082096 0.006263 0.028757
0 0.530532 0.082560 0.005741 0.027829
0 0.503653 0.037570 0.016701 0.038033
0 0.489040 0.009276 0.011482 0.018553
0 0.523747 0.022263 0.006785 0.020408
0 0.524530 0.026438 0.005219 0.019481
0 0.554802 0.166976 0.016701 0.050093
0 0.588466 0.176252 0.008873 0.035250
0 0.595772 0.174397 0.007829 0.025974
0 0.589770 0.147495 0.018789 0.022263
0 0.614562 0.179499 0.013048 0.025046
0 0.611952 0.177180 0.016180 0.018553
0 0.647443 0.169759 0.007829 0.027829
0 0.622129 0.063080 0.011482 0.018553
0 0.583768 0.014842 0.020355 0.025974
0 0.616649 0.015306 0.018267 0.021336
0 0.628653 0.032004 0.004697 0.021336
0 0.871608 0.054267 0.014614 0.038033
