0 0.161429 0.486675 0.040000 0.034264
0 0.151786 0.435914 0.057857 0.049492
0 0.297500 0.458122 0.057857 0.058376
0 0.344286 0.532360 0.037143 0.034264
0 0.168214 0.637690 0.043571 0.029188
0 0.347500 0.662437 0.040714 0.040609
0 0.324286 0.736041 0.065714 0.096447
0 0.381071 0.855964 0.033571 0.069797
0 0.461071 0.633883 0.030714 0.067259
0 0.520000 0.834391 0.034286 0.097716
0 0.605000 0.588198 0.037143 0.107868
0 0.687143 0.776650 0.078571 0.068528
0 0.626429 0.881980 0.045714 0.050761
0 0.948214 0.391497 0.020714 0.046954
0 0.942500 0.311548 0.016429 0.034264
0 0.937143 0.273477 0.020000 0.034264
0 0.934286 0.055203 0.035714 0.064721
0 0.792500 0.041244 0.019286 0.039340
0 0.477857 0.120558 0.041429 0.045685
0 0.529286 0.092640 0.057143 0.058376
0 0.780000 0.014594 0.020000 0.026650
0 0.426071 0.069797 0.006429 0.022843
0 0.675000 0.575508 0.007143 0.024112
0 0.708929 0.578680 0.007857 0.017766
0 0.715000 0.463832 0.012857 0.044416
0 0.718214 0.418782 0.013571 0.048223
0 0.697857 0.482234 0.015714 0.068528
0 0.676071 0.470812 0.020714 0.071066
0 0.700714 0.432107 0.012857 0.046954
0 0.704643 0.390863 0.015000 0.048223
0 0.721071 0.364213 0.013571 0.040609
0 0.725357 0.305838 0.030714 0.030457
0 0.766786 0.272208 0.046429 0.039340
0 0.768929 0.228426 0.025000 0.020305
0 0.770000 0.211294 0.028571 0.029188
0 0.772500 0.200508 0.032143 0.027919
0 0.773571 0.187817 0.025714 0.027919
0 0.774643 0.175761 0.025000 0.029188
0 0.493214 0.380711 0.049286 0.050761
0 0.731071 0.595178 0.003571 0.015228
0 0.730714 0.592640 0.005714 0.020305
