0 0.238214 0.022381 0.005000 0.021905
0 0.258214 0.023810 0.010714 0.024762
0 0.247500 0.043810 0.020714 0.019048
0 0.226071 0.058571 0.019286 0.021905
0 0.198929 0.122381 0.020714 0.014286
0 0.196786 0.136190 0.019286 0.013333
0 0.261786 0.146667 0.009286 0.026667
0 0.300714 0.184762 0.035714 0.057143
0 0.232143 0.287619 0.014286 0.028571
0 0.239643 0.280952 0.009286 0.017143
0 0.245000 0.284286 0.018571 0.020000
0 0.250357 0.289048 0.022143 0.020000
0 0.234643 0.319524 0.013571 0.021905
0 0.242500 0.320000 0.012143 0.019048
0 0.342500 0.300476 0.009286 0.025714
0 0.335000 0.296190 0.011429 0.020952
0 0.333214 0.300000 0.006429 0.026667
0 0.318571 0.037619 0.018571 0.016190
0 0.345000 0.015714 0.015714 0.023810
0 0.343214 0.055238 0.009286 0.026667
0 0.345714 0.151429 0.010000 0.028571
0 0.345357 0.145714 0.009286 0.020952
0 0.367500 0.050000 0.026429 0.061905
0 0.404286 0.052381 0.021429 0.049524
0 0.405714 0.117619 0.024286 0.056190
0 0.461786 0.011905 0.020714 0.014286
0 0.497500 0.030000 0.007857 0.025714
0 0.460714 0.052857 0.017143 0.012381
0 0.454643 0.047619 0.017857 0.017143
0 0.472143 0.072857 0.011429 0.027619
0 0.492857 0.067619 0.014286 0.030476
0 0.486429 0.070952 0.005714 0.021905
0 0.445000 0.066667 0.007143 0.022857
0 0.452857 0.071905 0.007143 0.020000
0 0.457500 0.076667 0.015000 0.023810
0 0.492143 0.102857 0.020000 0.020952
0 0.519286 0.122381 0.007143 0.025714
0 0.471786 0.178095 0.007857 0.024762
0 0.469286 0.122381 0.055714 0.039048
0 0.466786 0.159048 0.056429 0.038095
0 0.463571 0.222381 0.050000 0.039048
0 0.373214 0.178571 0.007857 0.018095
0 0.383571 0.198571 0.032857 0.086667
0 0.482500 0.279048 0.050714 0.053333
0 0.415357 0.317143 0.016429 0.053333
0 0.553214 0.242857 0.019286 0.019048
0 0.566786 0.232381 0.007857 0.022857
0 0.548214 0.224286 0.019286 0.014286
0 0.538214 0.219048 0.017857 0.020952
0 0.573929 0.304762 0.020714 0.017143
0 0.481071 0.351429 0.066429 0.040000
0 0.412500 0.420476 0.027857 0.077143
0 0.367500 0.377143 0.027857 0.072381
0 0.483929 0.390000 0.062143 0.052381
0 0.525714 0.417619 0.065714 0.042857
0 0.606071 0.346667 0.020714 0.017143
0 0.602143 0.413333 0.011429 0.019048
0 0.493929 0.500000 0.069286 0.045714
0 0.406429 0.501429 0.038571 0.082857
0 0.395357 0.500000 0.007857 0.017143
0 0.398929 0.514762 0.006429 0.010476
0 0.410000 0.604286 0.011429 0.021905
0 0.452143 0.588571 0.007143 0.017143
0 0.448929 0.609524 0.006429 0.015238
0 0.526071 0.539048 0.006429 0.024762
0 0.520357 0.540476 0.007857 0.020000
0 0.460000 0.616190 0.008571 0.017143
0 0.519286 0.540476 0.021429 0.023810
0 0.462500 0.617619 0.020714 0.021905
0 0.503929 0.616190 0.026429 0.030476
0 0.538214 0.614286 0.010714 0.040000
0 0.568214 0.606667 0.010714 0.020952
0 0.579286 0.621429 0.012857 0.027619
0 0.598929 0.610000 0.015000 0.037143
0 0.636071 0.589048 0.023571 0.016190
0 0.496071 0.669524 0.010714 0.032381
0 0.572143 0.710476 0.012857 0.020952
0 0.552500 0.732381 0.007857 0.015238
0 0.556071 0.762381 0.012143 0.012381
0 0.624643 0.827143 0.013571 0.014286
0 0.603571 0.850476 0.014286 0.013333
0 0.511786 0.824762 0.015000 0.020952
0 0.485000 0.902381 0.011429 0.016190
0 0.476786 0.922381 0.012143 0.020000
0 0.801071 0.450952 0.027857 0.021905
0 0.247500 0.340952 0.012143 0.020952
0 0.232143 0.361429 0.012857 0.021905
0 0.266786 0.382381 0.010714 0.020000
0 0.325714 0.381429 0.008571 0.020000
0 0.316071 0.442857 0.012143 0.024762
0 0.306786 0.434286 0.012143 0.022857
0 0.347143 0.520000 0.007143 0.028571
0 0.345000 0.513810 0.010000 0.016190
0 0.198571 0.588095 0.010000 0.037143
0 0.185000 0.599048 0.014286 0.019048
0 0.225000 0.709048 0.025714 0.054286
0 0.246786 0.686190 0.025000 0.071429
0 0.268571 0.689048 0.014286 0.033333
0 0.287857 0.686190 0.007143 0.042857
0 0.336429 0.761905 0.037143 0.118095
0 0.422143 0.734762 0.032857 0.101905
0 0.507500 0.985714 0.009286 0.013333
0 0.439286 0.940952 0.014286 0.043810
0 0.440714 0.940000 0.018571 0.013333
0 0.341786 0.915238 0.039286 0.083810
0 0.202857 0.464762 0.012857 0.028571
0 0.229643 0.412381 0.022143 0.015238
