0 0.538214 0.319162 0.019286 0.057107
0 0.527857 0.231599 0.034286 0.107868
0 0.338929 0.513325 0.042143 0.059645
0 0.032857 0.227792 0.040000 0.074873
0 0.014286 0.297589 0.028571 0.082487
0 0.089643 0.367386 0.036429 0.067259
0 0.166786 0.330584 0.025000 0.067259
0 0.142500 0.332487 0.023571 0.073604
0 0.175000 0.277919 0.027143 0.058376
0 0.145357 0.279188 0.026429 0.060914
0 0.156786 0.227792 0.025000 0.054569
0 0.185357 0.232234 0.026429 0.053299
0 0.193929 0.186548 0.023571 0.045685
0 0.201786 0.144670 0.025000 0.053299
0 0.175714 0.142132 0.022857 0.050761
0 0.167143 0.188452 0.022857 0.057107
0 0.137143 0.561548 0.075714 0.102792
0 0.146786 0.598985 0.039286 0.055838
0 0.194643 0.609137 0.032143 0.058376
0 0.285714 0.426396 0.020000 0.073604
0 0.313929 0.418782 0.022143 0.060914
0 0.336786 0.397208 0.022143 0.048223
0 0.364643 0.355964 0.029286 0.059645
0 0.064643 0.138325 0.023571 0.040609
0 0.390000 0.265228 0.027143 0.076142
0 0.450000 0.307107 0.032857 0.078680
0 0.491786 0.105330 0.016429 0.043147
0 0.505357 0.073604 0.027857 0.081218
0 0.121071 0.767132 0.137857 0.077411
0 0.228929 0.693528 0.139286 0.087563
0 0.377143 0.476523 0.008571 0.026650
0 0.384286 0.036168 0.005714 0.019036
0 0.552857 0.237310 0.005714 0.022843
0 0.531429 0.890228 0.011429 0.031726
0 0.593214 0.911168 0.009286 0.030457
0 0.666429 0.848985 0.011429 0.017766
