0 0.447857 0.927143 0.017143 0.020000
0 0.448929 0.928095 0.016429 0.021905
0 0.515000 0.878095 0.014286 0.020952
0 0.188929 0.398095 0.010714 0.019048
0 0.190714 0.404286 0.018571 0.016190
0 0.325714 0.460952 0.030000 0.066667
0 0.473214 0.065714 0.046429 0.049524
0 0.555000 0.041429 0.054286 0.058095
0 0.607143 0.084286 0.005714 0.020000
0 0.592857 0.086190 0.004286 0.020000
0 0.502857 0.087143 0.004286 0.018095
0 0.517857 0.085238 0.005714 0.018095
0 0.518214 0.088095 0.010714 0.016190
0 0.779643 0.065714 0.005000 0.019048
0 0.774643 0.073333 0.005000 0.011429
0 0.546786 0.603810 0.077857 0.045714
0 0.623214 0.688095 0.059286 0.048571
0 0.636786 0.697619 0.009286 0.023810
0 0.816786 0.865714 0.013571 0.017143
0 0.810714 0.841905 0.017143 0.020952
0 0.706786 0.831429 0.015000 0.020952
0 0.775000 0.815714 0.022857 0.035238
0 0.832857 0.436190 0.065714 0.053333
