0 0.587161 0.715213 0.020877 0.055659
0 0.562891 0.694805 0.021399 0.051948
0 0.505480 0.595547 0.033925 0.029685
0 0.514614 0.577922 0.033403 0.031540
0 0.641441 0.499072 0.020877 0.044527
0 0.645355 0.568646 0.014092 0.016698
0 0.678236 0.556122 0.048539 0.038033
0 0.656576 0.536178 0.004175 0.020408
0 0.673800 0.479592 0.032359 0.057514
0 0.714509 0.444805 0.035491 0.067718
0 0.686587 0.397495 0.015136 0.021336
0 0.678758 0.388219 0.017223 0.021336
0 0.670407 0.384045 0.014092 0.018553
0 0.654749 0.380798 0.013048 0.021336
0 0.554802 0.300093 0.014614 0.019481
0 0.131263 0.391929 0.026618 0.023191
0 0.118998 0.390074 0.020877 0.021336
0 0.152401 0.369202 0.022965 0.022263
0 0.213466 0.327458 0.026096 0.037106
0 0.267223 0.275046 0.014614 0.015770
0 0.271399 0.308905 0.006263 0.011132
0 0.927192 0.746289 0.029749 0.043599
