0 0.955898 0.596475 0.044363 0.063080
0 0.772704 0.394249 0.031837 0.044527
0 0.965292 0.205937 0.036013 0.048237
0 0.980950 0.200835 0.029749 0.043599
0 0.541232 0.667440 0.046973 0.069573
0 0.508612 0.584879 0.024530 0.032468
0 0.419363 0.591837 0.012004 0.025974
0 0.418841 0.581633 0.005741 0.018553
0 0.441023 0.460575 0.018789 0.017625
0 0.399008 0.391002 0.018267 0.023191
0 0.373956 0.332560 0.038100 0.049165
0 0.361430 0.310761 0.039144 0.046382
0 0.331420 0.252783 0.037578 0.043599
0 0.324113 0.235158 0.035491 0.034323
0 0.307933 0.132653 0.032359 0.033395
0 0.286795 0.037106 0.030793 0.029685
0 0.248695 0.077922 0.006785 0.020408
0 0.228079 0.064935 0.017745 0.038961
0 0.212161 0.106215 0.037056 0.045455
0 0.192328 0.109926 0.029749 0.036178
0 0.105689 0.844156 0.054802 0.053803
0 0.123695 0.896568 0.061587 0.054731
0 0.079854 0.700835 0.039666 0.038033
0 0.077244 0.669295 0.051148 0.039889
0 0.058716 0.596939 0.040188 0.045455
0 0.046451 0.530612 0.041754 0.035250
