0 0.126305 0.728200 0.032359 0.066790
0 0.179541 0.454082 0.025052 0.038033
0 0.216597 0.379870 0.016701 0.038033
0 0.144050 0.353432 0.004175 0.009276
0 0.144050 0.361781 0.006263 0.009276
0 0.211117 0.250464 0.002610 0.009276
0 0.211117 0.258813 0.003653 0.009276
0 0.450678 0.231911 0.008873 0.022263
0 0.427453 0.229128 0.008351 0.016698
0 0.303758 0.968460 0.005219 0.033395
0 0.302975 0.969852 0.021399 0.019481
0 0.011221 0.555195 0.009916 0.013915
0 0.013048 0.565863 0.012526 0.009276
0 0.117693 0.137755 0.013048 0.015770
0 0.463987 0.079314 0.007307 0.013915
0 0.471816 0.078386 0.006263 0.012059
0 0.479384 0.077922 0.005741 0.012987
0 0.483038 0.283395 0.016180 0.013915
0 0.368998 0.109926 0.009395 0.012059
0 0.340031 0.093692 0.002610 0.005566
0 0.339770 0.098330 0.003132 0.005566
0 0.405793 0.227273 0.013048 0.014842
0 0.718424 0.096939 0.014092 0.010204
0 0.711639 0.088590 0.013048 0.010204
0 0.708768 0.086735 0.014614 0.010204
0 0.680585 0.064471 0.013570 0.010204
0 0.803236 0.052412 0.010438 0.010204
0 0.795407 0.369202 0.031315 0.020408
0 0.831681 0.366883 0.030793 0.021336
0 0.860386 0.415121 0.023486 0.021336
