0 0.485000 0.588095 0.041429 0.117143
0 0.061071 0.254762 0.075000 0.046667
0 0.066071 0.616667 0.105000 0.065714
0 0.052143 0.678095 0.098571 0.045714
0 0.836786 0.642857 0.022143 0.026667
0 0.095000 0.512381 0.080000 0.055238
0 0.313571 0.351429 0.080000 0.051429
0 0.112143 0.133333 0.072857 0.034286
0 0.077500 0.209524 0.069286 0.040000
0 0.115000 0.168571 0.082857 0.043810
0 0.140357 0.100476 0.053571 0.035238
0 0.105000 0.043810 0.060000 0.034286
0 0.623571 0.411905 0.015714 0.025714
0 0.665714 0.250476 0.008571 0.026667
0 0.554286 0.233810 0.011429 0.023810
0 0.420000 0.341429 0.012857 0.023810
0 0.161786 0.228571 0.016429 0.024762
0 0.420000 0.346667 0.022857 0.019048
0 0.556071 0.240000 0.030714 0.022857
0 0.663571 0.259524 0.022857 0.027619
0 0.620714 0.419048 0.028571 0.019048
0 0.165714 0.240000 0.021429 0.030476
0 0.075000 0.364762 0.018571 0.032381
0 0.301071 0.496190 0.016429 0.028571
0 0.371786 0.478095 0.006429 0.020952
0 0.442143 0.406190 0.008571 0.027619
0 0.401429 0.432857 0.008571 0.029524
0 0.418929 0.391905 0.015000 0.037143
0 0.378571 0.082857 0.008571 0.036190
0 0.328929 0.013810 0.007857 0.021905
0 0.307500 0.259524 0.010714 0.027619
0 0.326071 0.058095 0.012143 0.017143
0 0.301429 0.260476 0.014286 0.037143
0 0.318571 0.052857 0.014286 0.027619
0 0.371786 0.459524 0.010714 0.025714
