0 0.070357 0.124286 0.047857 0.069524
0 0.107500 0.193333 0.052143 0.074286
0 0.142143 0.140952 0.052857 0.064762
0 0.092143 0.835238 0.098571 0.133333
0 0.440357 0.480476 0.079286 0.096190
0 0.711429 0.573810 0.075714 0.098095
0 0.625714 0.221429 0.067143 0.075238
0 0.899286 0.433333 0.074286 0.099048
0 0.470714 0.377143 0.071429 0.081905
0 0.586786 0.074286 0.050714 0.087619
0 0.761429 0.088571 0.044286 0.059048
0 0.790357 0.270952 0.065000 0.079048
0 0.854643 0.292381 0.065000 0.083810
0 0.866429 0.189048 0.065714 0.077143
0 0.925000 0.197143 0.061429 0.072381
0 0.933929 0.117143 0.063571 0.074286
0 0.699286 0.280952 0.068571 0.081905
0 0.827857 0.942857 0.038571 0.083810
0 0.837857 0.926190 0.015714 0.037143
0 0.505357 0.162381 0.007857 0.023810
0 0.040714 0.573810 0.032857 0.020000
0 0.130714 0.377143 0.010000 0.009524
0 0.503929 0.170476 0.017857 0.024762
0 0.040357 0.576190 0.025000 0.047619
0 0.472500 0.142857 0.010714 0.024762
0 0.465000 0.126667 0.008571 0.032381
0 0.473214 0.130952 0.007857 0.016190
0 0.435000 0.025714 0.010000 0.032381
0 0.272500 0.240952 0.009286 0.019048
0 0.166429 0.389524 0.018571 0.028571
0 0.142857 0.362381 0.018571 0.025714
0 0.159643 0.368571 0.019286 0.024762
0 0.272143 0.228571 0.010000 0.028571
