0 0.546071 0.600000 0.032143 0.085714
0 0.579643 0.752857 0.032143 0.111429
0 0.457143 0.665238 0.034286 0.098095
0 0.429286 0.856667 0.035714 0.122857
0 0.422857 0.445714 0.031429 0.078095
0 0.474643 0.305238 0.025000 0.069524
0 0.406071 0.284286 0.025000 0.073333
0 0.369643 0.254286 0.019286 0.062857
0 0.399643 0.170952 0.025000 0.061905
0 0.361786 0.156667 0.022143 0.056190
0 0.449286 0.070952 0.024286 0.052381
0 0.777857 0.532381 0.060000 0.038095
0 0.832143 0.328095 0.051429 0.029524
0 0.323929 0.153810 0.009286 0.039048
0 0.306786 0.321905 0.009286 0.034286
0 0.230714 0.300952 0.004286 0.017143
0 0.337500 0.893810 0.009286 0.035238
0 0.607857 0.100000 0.004286 0.015238
0 0.602143 0.100952 0.007143 0.017143
0 0.658571 0.120952 0.008571 0.013333
0 0.670000 0.385238 0.005714 0.021905
0 0.711071 0.723333 0.007857 0.016190
0 0.923214 0.445714 0.033571 0.062857
0 0.956429 0.448095 0.037143 0.069524
0 0.875357 0.517619 0.055000 0.037143
0 0.324643 0.143333 0.007857 0.020000
0 0.306786 0.312857 0.007857 0.016190
0 0.337143 0.882857 0.008571 0.020952
