0 0.315714 0.828095 0.070000 0.147619
0 0.128214 0.614286 0.112143 0.081905
0 0.230357 0.339524 0.066429 0.124762
0 0.172500 0.341429 0.065000 0.113333
0 0.078571 0.301429 0.067143 0.111429
0 0.060357 0.471905 0.036429 0.029524
0 0.138214 0.286667 0.023571 0.034286
0 0.135357 0.340476 0.016429 0.023810
0 0.209286 0.217143 0.020000 0.040000
0 0.192500 0.194286 0.019286 0.038095
0 0.026071 0.388095 0.022143 0.025714
0 0.029286 0.389524 0.047143 0.057143
0 0.052500 0.363810 0.032143 0.034286
0 0.032143 0.346190 0.028571 0.039048
0 0.098571 0.440952 0.025714 0.028571
0 0.107143 0.448571 0.038571 0.032381
0 0.393214 0.075714 0.013571 0.040952
0 0.468571 0.080476 0.017143 0.031429
0 0.472143 0.089048 0.020000 0.058095
