0 0.691071 0.936190 0.093571 0.102857
0 0.761786 0.680476 0.116429 0.214286
0 0.943929 0.485714 0.036429 0.051429
0 0.882500 0.488571 0.036429 0.057143
0 0.525714 0.343333 0.020000 0.056190
0 0.473214 0.245714 0.015000 0.047619
0 0.511071 0.210476 0.016429 0.047619
0 0.467857 0.160000 0.020000 0.045714
0 0.758929 0.208571 0.019286 0.051429
0 0.787500 0.214762 0.023571 0.050476
0 0.911786 0.279048 0.022143 0.047619
0 0.732500 0.520952 0.033571 0.060952
0 0.728214 0.527143 0.042143 0.058095
0 0.906071 0.285714 0.036429 0.036190
0 0.829643 0.300952 0.112143 0.080000
0 0.400714 0.500476 0.110000 0.214286
0 0.415000 0.352381 0.142857 0.095238
0 0.486429 0.378571 0.020000 0.050476
0 0.622500 0.118571 0.155000 0.216190
0 0.677500 0.081905 0.103571 0.059048
0 0.519643 0.085238 0.033571 0.060000
0 0.515714 0.040000 0.030000 0.053333
0 0.484643 0.058095 0.010714 0.040000
0 0.471429 0.061429 0.010000 0.037143
0 0.451786 0.058571 0.039286 0.052381
0 0.456071 0.164762 0.049286 0.030476
