0 0.393571 0.149746 0.004286 0.030457
0 0.399643 0.148477 0.009286 0.030457
0 0.415357 0.290609 0.010714 0.032995
0 0.382143 0.595178 0.008571 0.035533
0 0.721429 0.893401 0.008571 0.038071
0 0.691429 0.544416 0.008571 0.030457
0 0.720357 0.542513 0.015000 0.039340
0 0.652143 0.331218 0.007143 0.022843
0 0.524643 0.376904 0.013571 0.030457
0 0.518929 0.332487 0.012143 0.022843
0 0.468571 0.321066 0.008571 0.020305
0 0.647143 0.261421 0.012857 0.032995
0 0.662857 0.092005 0.007143 0.029188
0 0.660000 0.067259 0.008571 0.027919
0 0.645357 0.068528 0.006429 0.027919
0 0.628929 0.064086 0.007857 0.029188
0 0.634286 0.060914 0.005714 0.025381
0 0.640357 0.059010 0.006429 0.029188
0 0.546071 0.270305 0.012143 0.022843
0 0.541786 0.258883 0.019286 0.017766
0 0.441429 0.219543 0.008571 0.025381
0 0.441071 0.207487 0.009286 0.021574
0 0.791429 0.278553 0.060000 0.125635
0 0.893571 0.246827 0.050000 0.102792
0 0.504286 0.149112 0.008571 0.019036
0 0.444286 0.482234 0.012857 0.020305
0 0.443214 0.477157 0.013571 0.020305
