0 0.050714 0.362857 0.081429 0.049524
0 0.216429 0.375238 0.081429 0.047619
0 0.368929 0.370476 0.100714 0.068571
0 0.184643 0.484762 0.113571 0.060952
0 0.319643 0.813333 0.075000 0.104762
0 0.140714 0.767143 0.050000 0.115238
0 0.090357 0.774286 0.050714 0.116190
0 0.058929 0.412381 0.030714 0.020952
0 0.051429 0.410952 0.011429 0.016190
0 0.062143 0.412857 0.011429 0.020000
0 0.250000 0.425238 0.035714 0.020000
0 0.246786 0.422857 0.013571 0.017143
0 0.411429 0.450476 0.074286 0.040000
0 0.170357 0.558095 0.082143 0.047619
0 0.331071 0.626667 0.087857 0.049524
0 0.445000 0.563333 0.082857 0.048571
0 0.243571 0.624286 0.035714 0.014286
0 0.240714 0.622381 0.015714 0.018095
0 0.192143 0.717619 0.044286 0.077143
0 0.425000 0.709048 0.054286 0.042857
0 0.492857 0.730476 0.044286 0.043810
0 0.548571 0.656190 0.055714 0.038095
0 0.613214 0.119524 0.009286 0.035238
0 0.612857 0.115238 0.008571 0.024762
0 0.620357 0.324762 0.012143 0.019048
0 0.618929 0.328095 0.010714 0.042857
0 0.639286 0.129524 0.028571 0.085714
0 0.784286 0.224286 0.010000 0.020000
0 0.785714 0.333333 0.071429 0.066667
0 0.616786 0.470000 0.075000 0.046667
0 0.667857 0.567143 0.081429 0.050476
0 0.897857 0.451905 0.072857 0.040952
0 0.889643 0.627619 0.080714 0.043810
0 0.802500 0.699524 0.075000 0.086667
0 0.645357 0.900952 0.040714 0.106667
0 0.955714 0.745714 0.021429 0.017143
0 0.928214 0.809524 0.023571 0.015238
0 0.878929 0.747143 0.019286 0.018095
0 0.741786 0.818571 0.019286 0.014286
0 0.660714 0.826667 0.020000 0.038095
0 0.742143 0.817619 0.018571 0.039048
0 0.617143 0.738571 0.037143 0.027619
0 0.525714 0.924762 0.018571 0.051429
0 0.483929 0.918095 0.015000 0.045714
0 0.415000 0.934762 0.031429 0.031429
0 0.448571 0.919048 0.017143 0.040000
0 0.468929 0.932381 0.009286 0.041905
0 0.475000 0.974286 0.011429 0.017143
0 0.553214 0.958571 0.013571 0.021905
0 0.431429 0.887143 0.012857 0.014286
0 0.617500 0.741905 0.015000 0.019048
0 0.663929 0.824762 0.016429 0.019048
0 0.752857 0.697143 0.018571 0.015238
0 0.638929 0.789524 0.013571 0.013333
0 0.622143 0.816667 0.010000 0.014286
0 0.610357 0.850476 0.013571 0.020952
