0 0.349286 0.758095 0.232857 0.146667
0 0.791429 0.605238 0.188571 0.111429
0 0.920357 0.532381 0.125000 0.081905
0 0.771429 0.466190 0.130000 0.075238
0 0.924286 0.462381 0.151429 0.088571
0 0.575357 0.465238 0.139286 0.073333
0 0.186429 0.466667 0.160000 0.074286
0 0.331429 0.341905 0.114286 0.051429
0 0.519643 0.365238 0.099286 0.058095
0 0.655357 0.410000 0.119286 0.069524
0 0.382143 0.448571 0.151429 0.091429
0 0.012500 0.254286 0.017857 0.030476
0 0.016429 0.267143 0.032857 0.025714
0 0.146071 0.153810 0.006429 0.016190
0 0.108214 0.084762 0.003571 0.009524
0 0.059643 0.069048 0.005000 0.008571
0 0.342143 0.145238 0.008571 0.018095
0 0.328929 0.145714 0.007857 0.017143
0 0.278571 0.245238 0.015714 0.037143
0 0.437143 0.151429 0.007143 0.011429
0 0.461786 0.147619 0.007857 0.020952
0 0.441786 0.146190 0.005000 0.018095
0 0.520357 0.140000 0.003571 0.011429
0 0.481429 0.144286 0.004286 0.008571
0 0.619643 0.173810 0.015000 0.012381
0 0.615000 0.164762 0.012857 0.017143
0 0.611786 0.169524 0.016429 0.013333
0 0.641786 0.146667 0.027857 0.026667
0 0.646786 0.137143 0.023571 0.024762
0 0.665000 0.138095 0.005714 0.019048
0 0.669286 0.155238 0.030000 0.022857
0 0.707500 0.163333 0.033571 0.025714
0 0.697500 0.174286 0.007857 0.022857
0 0.755714 0.178095 0.035714 0.030476
0 0.599643 0.224762 0.007857 0.026667
0 0.603214 0.222857 0.006429 0.024762
0 0.930357 0.228571 0.036429 0.040000
