0 0.241786 0.437143 0.069286 0.108571
0 0.390000 0.545238 0.130000 0.079048
0 0.546786 0.396667 0.097857 0.067619
0 0.563214 0.350476 0.099286 0.062857
0 0.798214 0.409048 0.113571 0.079048
0 0.803571 0.356190 0.128571 0.060952
0 0.896429 0.156667 0.075714 0.050476
0 0.931071 0.134762 0.046429 0.056190
0 0.817857 0.303333 0.108571 0.050476
0 0.668214 0.386667 0.085000 0.152381
0 0.806071 0.076667 0.033571 0.054286
0 0.874286 0.104762 0.034286 0.047619
0 0.151429 0.055714 0.045714 0.035238
0 0.038929 0.087143 0.066429 0.031429
0 0.061786 0.059048 0.069286 0.045714
0 0.148929 0.128095 0.012143 0.023810
0 0.201786 0.098571 0.009286 0.020000
0 0.218214 0.055714 0.012143 0.023810
0 0.149643 0.139524 0.017857 0.027619
0 0.219286 0.064286 0.014286 0.023810
0 0.201786 0.108095 0.015000 0.021905
0 0.497143 0.074762 0.007143 0.027619
0 0.516786 0.308571 0.009286 0.041905
0 0.398929 0.360000 0.013571 0.041905
0 0.414643 0.365714 0.015000 0.045714
0 0.423929 0.364286 0.015000 0.039048
0 0.400357 0.485714 0.013571 0.043810
0 0.889643 0.670952 0.023571 0.046667
