0 0.677857 0.643333 0.127143 0.204762
0 0.767500 0.668571 0.032143 0.091429
0 0.825000 0.507619 0.032857 0.078095
0 0.796786 0.424286 0.095000 0.119048
0 0.417500 0.443333 0.140714 0.132381
0 0.465357 0.400476 0.135000 0.098095
0 0.513571 0.354762 0.132857 0.096190
0 0.550714 0.323333 0.115714 0.077143
0 0.603929 0.285238 0.116429 0.094286
0 0.656786 0.275714 0.096429 0.082857
0 0.800714 0.190952 0.090000 0.058095
0 0.971071 0.130952 0.049286 0.044762
0 0.903929 0.154286 0.087857 0.057143
0 0.912143 0.286667 0.080000 0.099048
0 0.570000 0.140000 0.064286 0.040000
0 0.549286 0.155238 0.070000 0.038095
0 0.563571 0.080952 0.061429 0.036190
0 0.621786 0.070952 0.037857 0.042857
0 0.310000 0.245714 0.081429 0.053333
0 0.732857 0.085714 0.040000 0.047619
