0 0.141786 0.792381 0.167857 0.108571
0 0.223214 0.722857 0.185000 0.121905
0 0.272143 0.646190 0.197143 0.122857
0 0.295357 0.619048 0.135000 0.095238
0 0.327143 0.598095 0.130000 0.080000
0 0.341429 0.568095 0.111429 0.061905
0 0.380000 0.545714 0.101429 0.064762
0 0.389286 0.511429 0.091429 0.057143
0 0.421429 0.491429 0.080000 0.055238
0 0.430000 0.478571 0.068571 0.035238
0 0.441071 0.465714 0.073571 0.043810
0 0.574643 0.451905 0.046429 0.046667
0 0.527857 0.430000 0.034286 0.040952
0 0.655000 0.395238 0.011429 0.030476
0 0.539643 0.341905 0.010714 0.015238
0 0.542857 0.340000 0.014286 0.013333
0 0.552500 0.326667 0.019286 0.013333
0 0.618571 0.341429 0.027143 0.018095
0 0.626071 0.327619 0.025000 0.017143
0 0.655357 0.383333 0.007857 0.021905
0 0.664286 0.393333 0.008571 0.020952
0 0.565714 0.449524 0.014286 0.030476
0 0.968929 0.635238 0.029286 0.059048
0 0.815357 0.634286 0.029286 0.060952
0 0.846429 0.631905 0.030000 0.056190
0 0.863214 0.632857 0.029286 0.048571
