0 0.158214 0.253333 0.030714 0.059048
0 0.102500 0.320952 0.026429 0.028571
0 0.333214 0.277143 0.022143 0.028571
0 0.233929 0.841905 0.113571 0.110476
0 0.290714 0.620000 0.111429 0.099048
0 0.334643 0.526667 0.116429 0.093333
0 0.347857 0.440000 0.092857 0.081905
0 0.290714 0.338571 0.020000 0.029524
0 0.306429 0.335714 0.020000 0.029524
0 0.271071 0.339048 0.022143 0.026667
0 0.312500 0.375714 0.019286 0.027619
0 0.291429 0.381905 0.022857 0.024762
0 0.268929 0.383333 0.022143 0.027619
0 0.265000 0.362857 0.020000 0.026667
0 0.300357 0.362857 0.023571 0.022857
0 0.294643 0.330952 0.023571 0.063810
0 0.728571 0.102381 0.105714 0.082857
0 0.597857 0.133333 0.100000 0.100952
0 0.748571 0.025714 0.020000 0.043810
0 0.742143 0.036667 0.027143 0.039048
0 0.754643 0.326667 0.032143 0.026667
0 0.759286 0.312381 0.028571 0.028571
0 0.756071 0.327619 0.030714 0.059048
0 0.897500 0.683810 0.032143 0.026667
0 0.840357 0.533333 0.019286 0.024762
0 0.837143 0.532857 0.034286 0.033333
0 0.683214 0.795238 0.020714 0.032381
0 0.681786 0.795714 0.012143 0.060000
0 0.644286 0.706190 0.014286 0.025714
0 0.567500 0.847143 0.070714 0.162857
0 0.476429 0.203333 0.074286 0.075238
0 0.442500 0.280000 0.019286 0.032381
0 0.443929 0.283333 0.037857 0.027619
0 0.368214 0.353333 0.022143 0.057143
0 0.334286 0.342381 0.030000 0.050476
0 0.395357 0.365238 0.022143 0.052381
0 0.428929 0.380000 0.026429 0.062857
0 0.458929 0.396667 0.019286 0.056190
0 0.482500 0.414286 0.030714 0.053333
0 0.551071 0.466190 0.023571 0.050476
0 0.530357 0.453333 0.023571 0.053333
0 0.514286 0.433333 0.028571 0.053333
0 0.508214 0.443333 0.015000 0.023810
0 0.527500 0.465714 0.016429 0.020952
0 0.510000 0.432381 0.010000 0.036190
