0 0.410714 0.296954 0.061429 0.060914
0 0.534286 0.471447 0.060000 0.064721
0 0.479286 0.616117 0.034286 0.105330
0 0.452500 0.531091 0.030714 0.100254
0 0.414643 0.512690 0.032143 0.101523
0 0.381786 0.505711 0.030714 0.107868
0 0.347500 0.481599 0.039286 0.107868
0 0.512143 0.633883 0.030000 0.097716
0 0.543571 0.652284 0.032857 0.109137
0 0.614643 0.704949 0.039286 0.112944
0 0.650714 0.727157 0.038571 0.104061
0 0.633214 0.819162 0.070714 0.072335
0 0.611786 0.876269 0.059286 0.057107
0 0.605357 0.932107 0.063571 0.067259
0 0.468571 0.787437 0.032857 0.110406
0 0.437143 0.769036 0.032857 0.111675
0 0.400000 0.760787 0.040000 0.115482
0 0.379286 0.695431 0.037143 0.106599
0 0.341429 0.718274 0.035714 0.101523
0 0.306786 0.706218 0.035000 0.110406
0 0.269286 0.690990 0.040000 0.097716
0 0.241786 0.652919 0.037857 0.105330
0 0.208571 0.640863 0.035714 0.111675
0 0.172857 0.621193 0.035714 0.107868
0 0.140714 0.625000 0.040000 0.100254
0 0.045357 0.583122 0.037857 0.102792
0 0.814643 0.789340 0.030714 0.104061
0 0.766429 0.864213 0.037143 0.109137
0 0.691429 0.732868 0.037143 0.105330
0 0.119286 0.503807 0.065714 0.053299
0 0.080000 0.600888 0.040000 0.118020
0 0.019286 0.557107 0.032857 0.096447
0 0.902857 0.917513 0.038571 0.093909
0 0.940357 0.949239 0.033571 0.088832
0 0.861786 0.794416 0.047857 0.162437
0 0.930714 0.771574 0.057143 0.175127
0 0.972500 0.809645 0.033571 0.109137
0 0.853571 0.243020 0.041429 0.115482
0 0.818214 0.180838 0.029286 0.123096
0 0.780714 0.152919 0.030000 0.123096
0 0.724643 0.126904 0.037857 0.111675
0 0.611786 0.076142 0.037857 0.111675
0 0.215357 0.799492 0.015000 0.022843
0 0.251071 0.802030 0.010714 0.020305
0 0.503571 0.983503 0.011429 0.017766
0 0.676429 0.406726 0.010000 0.016497
0 0.819286 0.279188 0.014286 0.017766
0 0.818214 0.295685 0.017857 0.015228
0 0.813214 0.311548 0.016429 0.013959
0 0.652143 0.595178 0.011429 0.022843
