0 0.356071 0.280476 0.033571 0.023810
0 0.327143 0.279048 0.005714 0.015238
0 0.330000 0.277143 0.005714 0.017143
0 0.347500 0.199048 0.023571 0.017143
0 0.509286 0.371905 0.032857 0.060000
0 0.390000 0.028095 0.014286 0.035238
0 0.416429 0.047143 0.008571 0.016190
0 0.385357 0.005238 0.006429 0.010476
0 0.608214 0.352857 0.020714 0.029524
0 0.437143 0.326190 0.020000 0.037143
0 0.433929 0.290952 0.013571 0.029524
0 0.447857 0.361429 0.020000 0.037143
0 0.463571 0.462857 0.032857 0.097143
0 0.497500 0.443333 0.046429 0.113333
0 0.542857 0.500000 0.022857 0.045714
0 0.463929 0.308571 0.033571 0.081905
0 0.480000 0.371905 0.022857 0.039048
0 0.391071 0.055714 0.010714 0.016190
0 0.448214 0.244286 0.013571 0.029524
0 0.440714 0.216190 0.014286 0.024762
0 0.455000 0.265714 0.011429 0.019048
0 0.421429 0.235714 0.027143 0.071429
0 0.410357 0.181905 0.022143 0.055238
0 0.428929 0.170000 0.022143 0.054286
0 0.399286 0.124762 0.018571 0.047619
0 0.406429 0.084286 0.017143 0.040952
0 0.386071 0.068571 0.016429 0.041905
0 0.313929 0.955238 0.067857 0.060952
0 0.685714 0.943333 0.180000 0.109524
0 0.888214 0.853810 0.132143 0.084762
0 0.755000 0.510476 0.015714 0.013333
0 0.681429 0.470952 0.011429 0.018095
0 0.756786 0.509048 0.005000 0.016190
0 0.682143 0.467619 0.007143 0.017143
0 0.436786 0.543333 0.007857 0.020000
0 0.451786 0.554286 0.009286 0.020952
0 0.436786 0.539048 0.005000 0.017143
0 0.451071 0.552381 0.006429 0.017143
