0 0.462143 0.934010 0.014286 0.055838
0 0.442500 0.888325 0.017857 0.109137
0 0.460714 0.838198 0.011429 0.049492
0 0.442500 0.791244 0.012143 0.041878
0 0.459643 0.769670 0.012143 0.049492
0 0.520357 0.738579 0.013571 0.048223
0 0.442143 0.710660 0.015714 0.055838
0 0.456429 0.694162 0.014286 0.050761
0 0.444286 0.656091 0.005714 0.022843
0 0.457143 0.611041 0.011429 0.046954
0 0.441071 0.618020 0.012143 0.045685
0 0.439643 0.558376 0.013571 0.045685
0 0.454643 0.545051 0.012143 0.041878
0 0.439286 0.501904 0.011429 0.039340
0 0.453929 0.460660 0.012143 0.040609
0 0.438214 0.442893 0.012143 0.040609
0 0.436429 0.384518 0.011429 0.040609
0 0.452143 0.397208 0.005714 0.017766
0 0.467857 0.411168 0.012857 0.043147
0 0.530714 0.581853 0.012857 0.046954
0 0.527500 0.482868 0.012143 0.046954
0 0.615000 0.301396 0.080000 0.036802
0 0.572500 0.266497 0.023571 0.020305
0 0.601786 0.262690 0.023571 0.020305
0 0.589286 0.232234 0.054286 0.043147
0 0.644286 0.228426 0.035714 0.032995
0 0.622500 0.203046 0.062143 0.038071
0 0.565714 0.213832 0.034286 0.036802
0 0.098214 0.300127 0.026429 0.021574
0 0.025357 0.298223 0.023571 0.022843
0 0.785000 0.216371 0.065714 0.041878
0 0.915714 0.127538 0.021429 0.019036
0 0.375357 0.746193 0.003571 0.010152
0 0.367143 0.688452 0.004286 0.011421
0 0.363571 0.690990 0.002857 0.011421
0 0.361429 0.654188 0.004286 0.013959
0 0.330000 0.472081 0.004286 0.017766
0 0.402500 0.862310 0.006429 0.016497
0 0.409643 0.862944 0.005000 0.010152
