0 0.276096 0.790353 0.035491 0.077922
0 0.492171 0.711967 0.046973 0.056586
0 0.547234 0.657699 0.044363 0.051948
0 0.634395 0.833488 0.025574 0.080705
0 0.417276 0.950835 0.024530 0.096475
0 0.613257 0.575139 0.038622 0.038961
0 0.162578 0.570965 0.026618 0.049165
0 0.191545 0.576994 0.024008 0.048237
0 0.143789 0.537106 0.022443 0.044527
0 0.128392 0.490260 0.020877 0.036178
0 0.167276 0.516234 0.027662 0.056586
0 0.152140 0.469388 0.024530 0.051948
0 0.164927 0.439239 0.021921 0.034323
0 0.113518 0.454082 0.021399 0.036178
0 0.081681 0.372449 0.020355 0.034323
0 0.094990 0.339518 0.016701 0.027829
0 0.078027 0.294991 0.016180 0.027829
0 0.056367 0.299629 0.014614 0.025974
0 0.084290 0.268089 0.015136 0.024119
0 0.037839 0.229128 0.014092 0.024119
0 0.051931 0.201763 0.014092 0.023191
0 0.031837 0.182746 0.009395 0.016698
0 0.013309 0.171614 0.010960 0.016698
0 0.899269 0.342301 0.022965 0.025974
0 0.921973 0.345547 0.022443 0.030612
0 0.824896 0.132653 0.010960 0.022263
0 0.344990 0.842764 0.007307 0.026902
0 0.373434 0.699443 0.003653 0.022263
0 0.402140 0.737477 0.005741 0.018553
0 0.054802 0.699907 0.007307 0.015770
0 0.058455 0.633117 0.008351 0.021336
0 0.917276 0.256494 0.003653 0.006494
0 0.060021 0.646104 0.009395 0.017625
0 0.054802 0.711503 0.007307 0.020408
0 0.372129 0.708256 0.010438 0.023191
0 0.401357 0.751855 0.008351 0.021336
0 0.342902 0.855288 0.006263 0.027829
0 0.685282 0.414657 0.005219 0.011132
0 0.916232 0.264378 0.005741 0.007421
0 0.893528 0.277829 0.003132 0.010204
0 0.893528 0.283859 0.007307 0.007421
0 0.686587 0.406308 0.003653 0.009276
