0 0.472143 0.912381 0.018571 0.032381
0 0.437857 0.801905 0.017143 0.024762
0 0.215000 0.138095 0.007143 0.015238
0 0.199643 0.236667 0.009286 0.016190
0 0.163214 0.232381 0.010714 0.024762
0 0.178571 0.077619 0.008571 0.020000
0 0.202857 0.085714 0.004286 0.007619
0 0.218571 0.173810 0.004286 0.008571
0 0.211429 0.199524 0.004286 0.008571
0 0.207857 0.300476 0.005714 0.010476
0 0.184286 0.189048 0.007143 0.008571
0 0.205714 0.269048 0.005714 0.010476
0 0.206429 0.219524 0.005714 0.008571
0 0.215357 0.152381 0.005000 0.007619
0 0.290000 0.257619 0.005714 0.010476
0 0.287500 0.250952 0.006429 0.010476
0 0.668929 0.986667 0.026429 0.024762
0 0.605000 0.969048 0.027143 0.025714
0 0.874643 0.886667 0.035000 0.020952
0 0.826071 0.547143 0.016429 0.012381
0 0.651786 0.365714 0.016429 0.017143
0 0.568214 0.337619 0.012143 0.020000
0 0.494643 0.273810 0.006429 0.010476
0 0.363571 0.642857 0.005714 0.013333
0 0.451429 0.969524 0.010000 0.013333
0 0.167857 0.389524 0.007143 0.013333
0 0.167143 0.331905 0.005714 0.014286
0 0.541429 0.653810 0.011429 0.023810
0 0.533571 0.677143 0.010000 0.022857
0 0.643214 0.303333 0.012143 0.008571
0 0.266071 0.301905 0.002143 0.005714
0 0.265000 0.290952 0.001429 0.004762
0 0.258929 0.272381 0.002143 0.005714
0 0.256786 0.272381 0.002143 0.005714
0 0.261786 0.263810 0.002143 0.005714
0 0.260000 0.255238 0.001429 0.005714
0 0.252143 0.249048 0.001429 0.004762
