0 0.152143 0.601905 0.081429 0.161905
0 0.376786 0.620000 0.130714 0.112381
0 0.649643 0.764762 0.020714 0.047619
0 0.802857 0.677143 0.092857 0.188571
0 0.874643 0.425238 0.026429 0.052381
0 0.893214 0.443333 0.025000 0.050476
0 0.823929 0.437619 0.089286 0.143810
0 0.769643 0.455238 0.090714 0.137143
0 0.970000 0.603810 0.031429 0.068571
0 0.955000 0.441429 0.032857 0.058095
0 0.953571 0.350476 0.030000 0.038095
0 0.688571 0.718571 0.148571 0.143810
0 0.671429 0.614762 0.132857 0.132381
0 0.656071 0.524286 0.116429 0.117143
0 0.550357 0.476190 0.053571 0.121905
0 0.642500 0.378571 0.087857 0.111429
0 0.608929 0.198571 0.047857 0.071429
0 0.583214 0.069524 0.037857 0.047619
0 0.578929 0.025238 0.033571 0.048571
0 0.388929 0.517619 0.122143 0.101905
0 0.395357 0.363333 0.106429 0.103810
0 0.401786 0.305238 0.092143 0.082857
0 0.412143 0.149048 0.072857 0.071429
0 0.391429 0.118571 0.041429 0.039048
0 0.241786 0.317619 0.057857 0.084762
0 0.273929 0.209048 0.050714 0.075238
0 0.236071 0.182857 0.053571 0.078095
