0 0.888831 0.914657 0.034447 0.092764
0 0.947286 0.794063 0.051148 0.042672
0 0.821242 0.652597 0.026618 0.076994
0 0.632307 0.690631 0.023486 0.080705
0 0.605167 0.687848 0.022443 0.080705
0 0.869520 0.528757 0.044885 0.033395
0 0.931367 0.351577 0.029749 0.046382
0 0.883873 0.361781 0.021399 0.048237
0 0.863257 0.158627 0.015658 0.031540
0 0.866649 0.085807 0.020355 0.039889
0 0.847860 0.085343 0.021399 0.038961
0 0.885177 0.078386 0.016701 0.036178
0 0.657098 0.254638 0.017745 0.041744
0 0.635960 0.257421 0.016180 0.039889
0 0.431628 0.667904 0.020877 0.076067
0 0.403706 0.662338 0.022443 0.076067
0 0.320981 0.644249 0.024008 0.075139
0 0.252610 0.685065 0.048017 0.039889
0 0.489823 0.244434 0.015136 0.043599
0 0.484603 0.153061 0.014092 0.037106
0 0.440501 0.156772 0.015658 0.046382
0 0.450418 0.122449 0.015658 0.044527
0 0.423539 0.156772 0.015136 0.046382
0 0.453027 0.072820 0.011482 0.043599
0 0.014875 0.393321 0.027662 0.061224
0 0.068894 0.131725 0.019833 0.048237
0 0.026879 0.118738 0.021399 0.042672
0 0.054802 0.092301 0.006263 0.021336
0 0.053236 0.087199 0.006263 0.016698
0 0.056367 0.063544 0.009395 0.021336
0 0.054541 0.059833 0.006785 0.012059
0 0.006002 0.085807 0.007829 0.019481
0 0.042537 0.046846 0.020355 0.039889
0 0.121347 0.123840 0.020355 0.036178
0 0.125261 0.092764 0.016701 0.035250
0 0.131002 0.047310 0.016701 0.033395
0 0.272443 0.147495 0.009395 0.031540
0 0.294363 0.153989 0.018789 0.038961
0 0.313152 0.151206 0.019833 0.038961
0 0.331420 0.151670 0.019833 0.043599
