0 0.098571 0.190990 0.027143 0.052030
0 0.238214 0.190355 0.023571 0.060914
0 0.336071 0.274112 0.026429 0.076142
0 0.381071 0.486041 0.023571 0.065990
0 0.426429 0.643401 0.025714 0.083756
0 0.215714 0.509518 0.027143 0.069797
0 0.364643 0.733503 0.029286 0.091371
0 0.442143 0.785533 0.028571 0.078680
0 0.508929 0.829315 0.060714 0.250000
0 0.476429 0.866751 0.011429 0.040609
0 0.476786 0.865482 0.007857 0.020305
0 0.609643 0.901015 0.049286 0.055838
0 0.597500 0.855330 0.049286 0.053299
0 0.589643 0.806472 0.047857 0.049492
0 0.578929 0.677665 0.010714 0.038071
0 0.576071 0.650381 0.027857 0.024112
0 0.650357 0.534898 0.042143 0.156091
0 0.626071 0.348985 0.039286 0.167513
0 0.463929 0.606599 0.025000 0.081218
0 0.455357 0.432741 0.020714 0.073604
0 0.400357 0.406726 0.020714 0.074873
0 0.441786 0.318528 0.019286 0.076142
0 0.413929 0.211294 0.019286 0.064721
0 0.589643 0.162437 0.019286 0.053299
0 0.562857 0.154822 0.020000 0.053299
0 0.540357 0.154822 0.019286 0.060914
0 0.547143 0.322970 0.041429 0.054569
0 0.549643 0.369924 0.042143 0.059645
0 0.557857 0.421954 0.045714 0.064721
0 0.565357 0.475888 0.039286 0.058376
0 0.577143 0.587563 0.045714 0.068528
0 0.568571 0.527284 0.041429 0.059645
