0 0.159286 0.756345 0.092857 0.104061
0 0.244286 0.638959 0.071429 0.077411
0 0.279643 0.582487 0.035000 0.035533
0 0.359643 0.697970 0.036429 0.048223
0 0.251071 0.888325 0.045000 0.068528
0 0.500000 0.564721 0.028571 0.035533
0 0.528571 0.462563 0.012857 0.016497
0 0.529286 0.460660 0.007143 0.015228
0 0.676786 0.411168 0.025000 0.025381
0 0.729286 0.362944 0.024286 0.025381
0 0.788571 0.361041 0.025714 0.024112
0 0.910714 0.292513 0.021429 0.021574
0 0.902500 0.757614 0.032143 0.038071
0 0.904643 0.741117 0.033571 0.038071
0 0.965357 0.772208 0.017857 0.046954
0 0.861071 0.078680 0.020714 0.050761
