0 0.080637 0.333024 0.060021 0.066790
0 0.133873 0.490260 0.051670 0.038033
0 0.225731 0.485622 0.067328 0.047310
0 0.315501 0.485158 0.065240 0.051948
0 0.376566 0.426252 0.053758 0.052876
0 0.429280 0.472635 0.068372 0.051020
0 0.450157 0.510204 0.010960 0.018553
0 0.507307 0.448052 0.007307 0.020408
0 0.525313 0.440631 0.006785 0.020408
0 0.539144 0.442950 0.036534 0.043599
0 0.591597 0.435065 0.047495 0.033395
0 0.615866 0.409555 0.017745 0.021336
0 0.594729 0.232375 0.064196 0.052876
0 0.591336 0.179499 0.062630 0.052876
0 0.584551 0.123840 0.064718 0.049165
0 0.582203 0.070037 0.063152 0.051020
0 0.680324 0.069109 0.028706 0.102968
0 0.741388 0.077922 0.031837 0.102041
0 0.694154 0.252783 0.034447 0.104824
0 0.756263 0.250000 0.026096 0.108534
0 0.783403 0.263915 0.007307 0.025046
0 0.660752 0.374768 0.010438 0.024119
0 0.695981 0.418367 0.067328 0.051948
0 0.867171 0.384508 0.012004 0.026902
0 0.880741 0.396568 0.009916 0.028757
0 0.913100 0.355751 0.026618 0.023191
0 0.882568 0.318182 0.010438 0.046382
