0 0.250000 0.105288 0.017745 0.028757
0 0.257046 0.288961 0.036013 0.032468
0 0.266962 0.323284 0.023486 0.039889
0 0.301670 0.412801 0.030271 0.053803
0 0.199635 0.460111 0.026618 0.046382
0 0.169885 0.463822 0.027662 0.051948
0 0.378653 0.615955 0.025574 0.072356
0 0.288622 0.683210 0.027140 0.065863
0 0.490866 0.567254 0.024530 0.021336
0 0.528184 0.539889 0.007307 0.025974
0 0.538361 0.544063 0.009916 0.017625
0 0.575939 0.847403 0.047495 0.095547
0 0.878914 0.017161 0.015658 0.021336
0 0.906576 0.033395 0.017745 0.022263
