0 0.544286 0.774286 0.198571 0.173333
0 0.330357 0.807143 0.105000 0.244762
0 0.348571 0.530952 0.074286 0.172381
0 0.598571 0.594286 0.084286 0.175238
0 0.554286 0.338095 0.087143 0.097143
0 0.077500 0.302857 0.105000 0.112381
0 0.157857 0.172381 0.064286 0.091429
0 0.227143 0.069048 0.051429 0.060000
0 0.104643 0.389524 0.106429 0.125714
0 0.128214 0.126190 0.066429 0.060000
0 0.114286 0.174762 0.034286 0.029524
0 0.331071 0.118571 0.012143 0.035238
0 0.330714 0.112381 0.010000 0.032381
0 0.178214 0.080952 0.010714 0.032381
0 0.200357 0.120952 0.050714 0.049524
0 0.249643 0.031905 0.040714 0.042857
0 0.280357 0.051429 0.040714 0.059048
0 0.351429 0.164286 0.042857 0.058095
0 0.399286 0.190952 0.041429 0.058095
0 0.413929 0.119524 0.045000 0.048571
0 0.419643 0.074286 0.040714 0.051429
0 0.515357 0.049524 0.030714 0.053333
0 0.491071 0.075238 0.026429 0.028571
0 0.529643 0.090952 0.013571 0.029524
0 0.538214 0.201429 0.037857 0.039048
0 0.497143 0.197143 0.017143 0.041905
0 0.501071 0.137143 0.009286 0.043810
0 0.626429 0.100952 0.017143 0.026667
0 0.628571 0.187143 0.011429 0.044762
0 0.601071 0.160952 0.015000 0.051429
0 0.593929 0.250476 0.013571 0.047619
0 0.774286 0.474762 0.024286 0.060000
