0 0.018214 0.617386 0.010714 0.034264
0 0.006071 0.630076 0.009286 0.029188
0 0.058571 0.209391 0.005714 0.017766
0 0.109643 0.129442 0.017857 0.027919
0 0.121071 0.154822 0.016429 0.030457
0 0.120000 0.188452 0.018571 0.036802
0 0.118929 0.236041 0.017857 0.035533
0 0.120714 0.288706 0.020000 0.036802
0 0.103214 0.354695 0.047857 0.133249
0 0.083571 0.486041 0.027143 0.058376
0 0.221786 0.028553 0.017857 0.021574
0 0.342143 0.228426 0.031429 0.129442
0 0.367857 0.527284 0.022857 0.059645
0 0.580714 0.897208 0.028571 0.121827
0 0.561429 0.716371 0.022857 0.097716
0 0.647143 0.856599 0.038571 0.197970
0 0.823929 0.888325 0.053571 0.096447
0 0.933214 0.778553 0.050714 0.229695
0 0.825357 0.812183 0.053571 0.101523
0 0.817857 0.743020 0.051429 0.087563
0 0.819286 0.689086 0.052857 0.078680
0 0.896429 0.553299 0.025714 0.060914
0 0.861071 0.528553 0.025000 0.057107
0 0.831071 0.513959 0.025000 0.068528
0 0.974286 0.184645 0.007143 0.019036
0 0.970714 0.233503 0.004286 0.015228
0 0.976786 0.227792 0.006429 0.021574
0 0.850357 0.309010 0.025000 0.067259
0 0.809643 0.299492 0.019286 0.043147
0 0.708214 0.088832 0.016429 0.043147
0 0.547500 0.041244 0.015000 0.024112
0 0.530000 0.161168 0.017143 0.040609
0 0.522143 0.290609 0.017143 0.040609
0 0.632500 0.244924 0.016429 0.045685
0 0.523214 0.022843 0.015000 0.027919
0 0.599286 0.309645 0.017143 0.050761
0 0.560000 0.342005 0.017143 0.052030
0 0.593571 0.393401 0.020000 0.053299
0 0.510000 0.467640 0.021429 0.057107
0 0.569286 0.524112 0.021429 0.068528
0 0.626429 0.645939 0.022857 0.078680
