0 0.395714 0.748731 0.057143 0.088832
0 0.296786 0.677030 0.066429 0.059645
0 0.543929 0.859137 0.059286 0.101523
0 0.498214 0.589467 0.056429 0.092640
0 0.941429 0.615482 0.061429 0.091371
0 0.188929 0.624365 0.063571 0.071066
0 0.420714 0.661168 0.058571 0.098985
0 0.679286 0.592005 0.064286 0.105330
0 0.357143 0.285533 0.068571 0.106599
0 0.605357 0.231599 0.010714 0.029188
0 0.574643 0.196701 0.009286 0.025381
0 0.434286 0.035533 0.008571 0.025381
0 0.831071 0.534898 0.016429 0.026650
0 0.774286 0.325508 0.048571 0.085025
