0 0.467641 0.887291 0.040710 0.084416
0 0.518789 0.828850 0.038622 0.076994
0 0.658925 0.923469 0.058977 0.058442
0 0.899008 0.369202 0.017223 0.033395
0 0.883090 0.447124 0.040710 0.029685
0 0.878132 0.434601 0.031837 0.025046
0 0.849426 0.475417 0.027662 0.045455
0 0.816023 0.419759 0.031837 0.030612
0 0.725992 0.415584 0.017745 0.037106
0 0.694676 0.411874 0.024008 0.029685
0 0.677192 0.403061 0.026618 0.030612
0 0.651879 0.394249 0.028184 0.027829
0 0.629697 0.382653 0.028706 0.028757
0 0.611952 0.370594 0.030793 0.030612
0 0.598121 0.362245 0.033403 0.023191
0 0.582203 0.350186 0.034969 0.026902
0 0.573069 0.338126 0.028184 0.025046
0 0.538100 0.451763 0.015658 0.042672
0 0.538883 0.419759 0.017223 0.038033
0 0.474426 0.452226 0.015658 0.039889
0 0.552714 0.306122 0.026096 0.025974
0 0.473382 0.299165 0.030271 0.023191
0 0.480167 0.290816 0.030271 0.017625
0 0.543319 0.294527 0.028184 0.021336
0 0.542015 0.279221 0.027662 0.022263
0 0.476775 0.271800 0.027662 0.018553
0 0.545146 0.267625 0.026618 0.019481
0 0.546451 0.251855 0.021921 0.021336
0 0.477818 0.261596 0.024530 0.014842
0 0.484081 0.244898 0.026618 0.020408
0 0.540188 0.241651 0.022965 0.021336
0 0.530271 0.230983 0.022965 0.022263
0 0.531315 0.220779 0.025052 0.018553
0 0.487474 0.205473 0.025052 0.017625
0 0.491127 0.184601 0.021921 0.018553
0 0.533664 0.186456 0.019311 0.016698
0 0.495825 0.174397 0.025052 0.016698
0 0.512004 0.169759 0.003132 0.016698
0 0.515397 0.208720 0.003653 0.016698
0 0.520877 0.199443 0.002088 0.012987
0 0.546712 0.211967 0.002610 0.015770
0 0.473904 0.022263 0.011482 0.029685
0 0.428236 0.089518 0.002610 0.008349
0 0.427453 0.094620 0.003132 0.009276
